Start_str	Start_ind	Mgs#_avg	Clang_avg	Rmag_avg	Bx_avg(nT)	By_avg(nT)	Bz_avg(nT)	Bdeviat	Dtheta	End_ind	End_str
2017-09-01 11:00:00	132	5.77	53.873	22.711	-6.36	3.1	2.31	0.05	28.70	137	2017-09-01 11:25:00
2017-09-01 13:40:00	164	5.33	86.209	21.542	-5.553	5.42	0.408	0.03	15.10	169	2017-09-01 14:05:00
2017-09-01 14:10:00	170	5.28	86.505	21.293	-6.612	4.083	0.197	0.02	26.55	175	2017-09-01 14:35:00
2017-09-01 14:40:00	176	5.22	101.862	21.035	-6.862	3.788	-0.845	0.01	13.20	181	2017-09-01 15:05:00
2017-09-01 15:10:00	182	5.2	102.575	20.766	-6.475	4.202	-0.93	0.06	20.39	187	2017-09-01 15:35:00
2017-09-02 01:25:00	295	5.43	122.52	12.399	-2.825	5.352	-3.435	0.05	14.05	300	2017-09-02 01:50:00
2017-09-02 02:05:00	303	5.65	101.325	11.585	-3.132	5.685	-1.19	0.02	22.68	308	2017-09-02 02:30:00
2017-09-02 03:25:00	319	5.62	125.854	9.79	5.545	5.178	-3.842	0.05	23.00	324	2017-09-02 03:50:00
2017-09-03 08:20:00	665	6.93	87.791	23.909	-2.222	2.567	0.108	0.03	18.22	670	2017-09-03 08:45:00
2017-09-04 03:20:00	892	6.87	68.215	23.697	-2.888	2.523	1.017	0.09	19.45	897	2017-09-04 03:45:00
2017-09-04 16:40:00	1052	5.87	103.745	16.432	-5.52	4.827	-1.312	0.08	24.54	1057	2017-09-04 17:05:00
2017-09-04 17:10:00	1058	6.03	116.848	15.993	-0.893	7.068	-3.623	0.06	16.49	1063	2017-09-04 17:35:00
2017-09-05 12:55:00	1295	6.88	67.865	15.873	-2.525	1.91	0.773	0.05	27.52	1300	2017-09-05 13:20:00
2017-09-05 13:30:00	1302	7.0	62.736	16.388	-1.405	2.34	1.205	0.04	24.32	1307	2017-09-05 13:55:00
2017-09-05 19:50:00	1378	6.25	113.787	20.771	-2.877	2.638	-1.17	0.02	8.48	1383	2017-09-05 20:15:00
2017-09-05 22:05:00	1405	6.33	73.558	21.896	-4.317	2.202	0.643	0.07	8.09	1410	2017-09-05 22:30:00
2017-09-05 22:35:00	1411	6.68	62.038	22.119	-4.493	1.772	0.915	0.07	26.65	1416	2017-09-05 23:00:00
2017-09-12 16:35:00	2848	6.4	119.37	22.341	-2.657	2.265	-1.267	0.08	14.75	2853	2017-09-12 17:00:00
2017-09-13 03:55:00	2984	6.57	89.054	14.797	4.84	2.878	0.113	0.08	17.71	2989	2017-09-13 04:20:00
2017-09-15 18:15:00	3732	6.57	115.885	18.83	-4.367	4.073	-2.028	0.07	23.08	3737	2017-09-15 18:40:00
2017-09-15 22:25:00	3782	6.45	124.655	15.495	-4.23	4.233	-2.882	0.08	29.17	3787	2017-09-15 22:50:00
2017-09-15 23:10:00	3791	6.62	119.645	14.778	-4.49	3.158	-1.655	0.05	22.25	3796	2017-09-15 23:35:00
2017-09-16 00:35:00	3808	6.98	106.861	13.302	-1.727	5.053	-1.625	0.07	26.89	3813	2017-09-16 01:00:00
2017-09-16 02:00:00	3825	6.72	115.865	11.639	-3.375	4.53	-2.217	0.04	22.65	3830	2017-09-16 02:25:00
2017-09-16 11:15:00	3936	6.55	119.328	8.236	-3.715	3.645	-1.952	0.05	29.16	3941	2017-09-16 11:40:00
2017-09-16 11:45:00	3942	6.47	113.909	9.023	-2.48	4.778	-2.167	0.04	18.26	3947	2017-09-16 12:10:00
2017-09-19 05:45:00	4734	6.28	77.309	7.02	-4.338	1.145	0.243	0.01	22.79	4739	2017-09-19 06:10:00
2017-09-19 06:40:00	4745	6.12	48.254	8.559	-4.153	1.123	1.023	0.03	21.46	4750	2017-09-19 07:05:00
2017-09-19 10:15:00	4788	6.35	129.777	13.264	-2.598	2.702	-2.265	0.08	24.77	4793	2017-09-19 10:40:00
2017-09-19 11:00:00	4797	5.95	84.93	14.068	-4.102	2.087	0.187	0.05	27.72	4802	2017-09-19 11:25:00
2017-09-19 12:30:00	4815	5.75	98.356	15.538	-3.91	2.49	-0.39	0.03	22.50	4820	2017-09-19 12:55:00
2017-09-19 13:00:00	4821	5.72	85.949	15.992	-3.77	2.605	0.162	0.03	22.89	4826	2017-09-19 13:25:00
2017-09-19 14:35:00	4840	6.47	94.788	17.322	-3.122	3.115	-0.275	0.05	22.47	4845	2017-09-19 15:00:00
2017-09-19 15:50:00	4855	6.7	95.575	18.27	-2.093	3.477	-0.378	0.04	27.41	4860	2017-09-19 16:15:00
2017-09-19 18:05:00	4882	6.88	131.81	19.776	0.257	2.048	-1.658	0.09	23.57	4887	2017-09-19 18:30:00
2017-09-19 18:35:00	4888	6.95	131.122	20.078	-0.272	2.552	-2.297	0.06	25.26	4893	2017-09-19 19:00:00
2017-09-19 22:55:00	4940	6.85	119.715	22.271	-1.417	3.085	-1.77	0.03	22.35	4945	2017-09-19 23:20:00
2017-09-19 23:25:00	4946	6.78	121.826	22.479	-2.208	2.648	-1.683	0.04	20.06	4951	2017-09-19 23:50:00
2017-09-19 23:55:00	4952	6.75	115.184	22.677	-1.97	2.982	-1.448	0.03	24.96	4957	2017-09-20 00:20:00
2017-09-21 01:50:00	5263	6.43	89.331	22.458	-2.807	2.727	0.043	0.08	28.41	5268	2017-09-21 02:15:00
2017-09-21 02:20:00	5269	6.55	106.597	22.25	-3.372	1.832	-0.518	0.03	27.20	5274	2017-09-21 02:45:00
2017-09-21 03:35:00	5284	6.43	111.643	21.69	-2.103	2.908	-1.172	0.10	15.03	5289	2017-09-21 04:00:00
2017-09-21 04:10:00	5291	6.43	86.63	21.409	-2.717	2.382	0.105	0.04	26.60	5296	2017-09-21 04:35:00
2017-09-21 04:40:00	5297	6.38	105.142	21.157	-3.032	1.872	-0.462	0.05	26.60	5302	2017-09-21 05:05:00
2017-09-21 08:20:00	5341	6.45	134.039	18.994	-2.752	1.632	-1.555	0.06	22.39	5346	2017-09-21 08:45:00
2017-09-21 13:50:00	5407	6.57	133.55	14.449	-1.243	2.427	-2.312	0.06	10.72	5412	2017-09-21 14:15:00
2017-09-21 15:55:00	5432	5.7	62.943	12.159	-3.75	0.815	0.435	0.07	27.93	5437	2017-09-21 16:20:00
2017-09-21 17:00:00	5445	6.0	65.323	10.791	-2.302	2.977	1.373	0.10	29.53	5450	2017-09-21 17:25:00
2017-09-21 19:10:00	5471	6.13	117.595	7.536	-1.167	3.557	-1.865	0.04	20.76	5476	2017-09-21 19:35:00
2017-09-22 04:35:00	5584	5.6	92.614	12.315	-1.678	3.597	-0.157	0.04	17.36	5589	2017-09-22 05:00:00
2017-09-22 06:20:00	5605	5.67	134.722	14.243	-2.097	2.345	-2.35	0.04	19.39	5610	2017-09-22 06:45:00
2017-09-22 06:50:00	5611	5.58	125.363	14.745	-3.077	2.14	-1.523	0.00	22.37	5616	2017-09-22 07:15:00
2017-09-22 07:20:00	5617	5.38	102.018	15.228	-2.93	2.708	-0.657	0.04	29.97	5622	2017-09-22 07:45:00
2017-09-22 07:50:00	5623	5.02	81.167	15.692	-3.547	2.303	0.342	0.02	17.76	5628	2017-09-22 08:15:00
2017-09-22 08:20:00	5629	5.18	56.528	16.14	-3.822	1.623	1.055	0.06	25.42	5634	2017-09-22 08:45:00
2017-09-22 09:40:00	5645	5.97	66.529	17.256	-3.282	1.643	0.73	0.07	19.06	5650	2017-09-22 10:05:00
2017-09-22 12:10:00	5675	5.45	114.402	19.08	-3.027	3.207	-1.453	0.07	1.26	5680	2017-09-22 12:35:00
2017-09-22 12:40:00	5681	5.53	112.002	19.407	-2.968	3.258	-1.317	0.03	20.05	5686	2017-09-22 13:05:00
2017-09-22 13:10:00	5687	5.65	81.397	19.722	-3.153	3.37	0.51	0.02	9.64	5692	2017-09-22 13:35:00
2017-09-22 13:40:00	5693	5.73	105.94	20.026	-2.652	3.725	-1.073	0.03	22.49	5698	2017-09-22 14:05:00
2017-09-22 14:10:00	5699	5.53	122.984	20.32	-2.663	3.463	-2.235	0.08	13.61	5704	2017-09-22 14:35:00
2017-09-22 18:15:00	5748	5.48	132.345	22.337	-1.64	3.857	-3.562	0.01	24.07	5753	2017-09-22 18:40:00
2017-09-22 23:10:00	5807	5.82	125.206	23.977	-1.425	2.662	-1.88	0.04	17.70	5812	2017-09-22 23:35:00
2017-09-23 19:55:00	6056	5.83	126.698	22.859	-2.252	2.062	-1.507	0.10	17.22	6061	2017-09-23 20:20:00
2017-09-23 20:30:00	6063	5.8	121.577	22.637	-1.662	3.015	-1.823	0.10	26.27	6068	2017-09-23 20:55:00
2017-09-24 00:25:00	6110	5.5	114.431	20.825	-3.863	2.293	-1.04	0.07	13.13	6115	2017-09-24 00:50:00
2017-09-24 02:15:00	6132	5.5	110.774	19.769	-3.54	2.997	-1.138	0.02	12.59	6137	2017-09-24 02:40:00
2017-09-24 03:30:00	6147	5.48	103.458	18.963	-3.412	3.398	-0.765	0.03	23.40	6152	2017-09-24 03:55:00
2017-09-24 04:00:00	6153	5.6	87.561	18.62	-2.315	4.457	0.192	0.01	2.46	6158	2017-09-24 04:25:00
2017-09-24 04:30:00	6159	5.58	82.154	18.264	-3.24	3.635	0.48	0.01	12.24	6164	2017-09-24 04:55:00
2017-09-24 05:00:00	6165	5.47	97.436	17.895	-3.45	3.713	-0.468	0.06	21.99	6170	2017-09-24 05:25:00
2017-09-24 05:30:00	6171	5.57	83.53	17.513	-2.69	4.193	0.495	0.04	28.34	6176	2017-09-24 05:55:00
2017-09-24 06:00:00	6177	5.77	70.722	17.116	-1.708	4.358	1.523	0.04	17.31	6182	2017-09-24 06:25:00
2017-09-24 06:30:00	6183	5.62	85.593	16.705	-2.295	4.59	0.353	0.09	4.79	6188	2017-09-24 06:55:00
2017-09-24 07:00:00	6189	5.82	79.206	16.279	-1.563	4.342	0.833	0.09	9.26	6194	2017-09-24 07:25:00
2017-09-24 11:55:00	6248	5.9	105.05	11.063	-2.628	4.703	-1.288	0.08	27.89	6253	2017-09-24 12:20:00
2017-09-24 12:40:00	6257	6.03	119.445	10.048	-1.375	4.533	-2.543	0.09	26.77	6262	2017-09-24 13:05:00
2017-09-26 22:15:00	6948	5.8	78.713	19.265	1.818	4.372	0.867	0.08	12.38	6953	2017-09-26 22:40:00
2017-09-28 00:35:00	7264	5.08	124.968	17.747	-7.415	7.365	-5.248	0.09	19.63	7269	2017-09-28 01:00:00
2017-09-28 01:05:00	7270	5.18	113.12	18.121	-4.468	9.117	-3.937	0.10	23.73	7275	2017-09-28 01:30:00
2017-09-30 15:40:00	8020	6.53	132.599	13.982	-0.895	3.402	-3.133	0.03	6.26	8025	2017-09-30 16:05:00
2017-10-02 02:05:00	8433	6.98	129.469	23.981	-0.782	2.963	-2.505	0.03	27.54	8438	2017-10-02 02:30:00
2017-10-02 11:05:00	8541	6.72	120.828	20.33	-0.345	2.825	-1.67	0.06	10.27	8546	2017-10-02 11:30:00
2017-10-02 11:35:00	8547	6.62	116.656	20.039	-2.363	2.825	-1.435	0.04	12.16	8552	2017-10-02 12:00:00
2017-10-02 12:05:00	8553	6.67	123.212	19.736	-1.99	2.902	-1.902	0.02	6.09	8558	2017-10-02 12:30:00
2017-10-02 12:35:00	8559	6.52	120.631	19.423	-1.775	3.223	-1.893	0.04	5.23	8564	2017-10-02 13:00:00
2017-10-02 13:05:00	8565	6.5	116.008	19.097	-1.883	3.132	-1.625	0.04	19.79	8570	2017-10-02 13:30:00
2017-10-02 13:35:00	8571	6.23	115.975	18.76	-2.398	3.233	-1.587	0.07	12.32	8576	2017-10-02 14:00:00
2017-10-02 14:05:00	8577	6.15	110.608	18.411	-2.143	3.577	-1.34	0.04	4.65	8582	2017-10-02 14:30:00
2017-10-02 14:40:00	8584	6.08	90.038	17.988	-2.475	3.63	-0.005	0.02	24.27	8589	2017-10-02 15:05:00
2017-10-02 15:30:00	8594	6.1	99.703	17.352	-2.5	3.558	-0.618	0.04	28.27	8599	2017-10-02 15:55:00
2017-10-02 16:00:00	8600	6.22	121.644	16.952	-1.442	3.505	-2.178	0.06	16.17	8605	2017-10-02 16:25:00
2017-10-02 16:30:00	8606	6.32	104.787	16.537	-1.713	3.323	-0.863	0.08	8.58	8611	2017-10-02 16:55:00
2017-10-02 17:00:00	8612	6.33	110.302	16.106	-1.612	3.682	-1.352	0.02	9.40	8617	2017-10-02 17:25:00
2017-10-02 17:30:00	8618	6.28	100.315	15.66	-2.16	3.693	-0.685	0.05	15.83	8623	2017-10-02 17:55:00
2017-10-02 18:00:00	8624	6.15	91.102	15.197	-2.835	3.305	-0.113	0.04	18.95	8629	2017-10-02 18:25:00
2017-10-02 18:35:00	8631	6.15	101.241	14.633	-1.35	4.195	-0.833	0.10	6.78	8636	2017-10-02 19:00:00
2017-10-02 19:10:00	8638	6.0	85.221	14.044	-2.98	3.477	0.222	0.03	26.86	8643	2017-10-02 19:35:00
2017-10-02 22:10:00	8674	5.18	58.031	10.511	-3.852	2.677	1.667	0.07	16.94	8679	2017-10-02 22:35:00
2017-10-06 03:25:00	9593	5.65	130.169	10.04	3.753	4.052	-3.487	0.08	29.24	9598	2017-10-06 03:50:00
2017-10-06 04:15:00	9603	5.98	119.022	11.155	1.76	4.418	-2.415	0.07	21.47	9608	2017-10-06 04:40:00
2017-10-06 09:10:00	9662	6.17	50.095	16.311	3.198	3.772	3.133	0.03	26.54	9667	2017-10-06 09:35:00
2017-10-11 10:15:00	11101	5.03	106.254	8.41	-5.593	8.372	-2.442	0.07	3.44	11106	2017-10-11 10:40:00
2017-10-11 18:00:00	11192	5.22	93.964	9.271	-8.187	5.912	-0.475	0.03	27.31	11197	2017-10-11 18:25:00
2017-10-11 19:05:00	11205	5.13	110.042	10.785	-8.58	5.123	-1.895	0.03	25.37	11210	2017-10-11 19:30:00
2017-10-11 20:50:00	11226	5.2	118.716	12.918	-3.912	8.362	-4.738	0.06	23.92	11231	2017-10-11 21:15:00
2017-10-11 21:35:00	11235	5.33	89.724	13.737	-8.783	6.223	-0.083	0.03	29.30	11240	2017-10-11 22:00:00
2017-10-11 22:10:00	11242	5.28	53.647	14.34	-8.935	5.098	3.857	0.05	29.57	11247	2017-10-11 22:35:00
2017-10-12 03:30:00	11306	6.75	124.95	18.787	-2.168	3.937	-2.725	0.08	13.60	11311	2017-10-12 03:55:00
2017-10-12 04:00:00	11312	6.85	123.902	19.123	-2.178	4.75	-3.17	0.04	18.10	11317	2017-10-12 04:25:00
2017-10-13 15:10:00	11733	6.3	100.833	21.47	-6.148	4.142	-0.873	0.07	25.28	11738	2017-10-13 15:35:00
2017-10-13 16:20:00	11747	5.8	130.576	20.876	-6.037	4.26	-3.74	0.08	27.49	11752	2017-10-13 16:45:00
2017-10-13 16:50:00	11753	6.28	131.692	20.605	-4.865	4.145	-3.667	0.04	26.09	11758	2017-10-13 17:15:00
2017-10-14 03:00:00	11875	6.43	89.921	12.285	-3.962	4.458	0.047	0.08	29.93	11880	2017-10-14 03:25:00
2017-10-17 18:55:00	12894	6.8	80.225	18.932	-2.477	1.528	0.3	0.03	14.09	12899	2017-10-17 19:20:00
2017-10-17 20:00:00	12907	6.97	99.227	19.634	-2.195	1.68	-0.175	0.08	29.97	12912	2017-10-17 20:25:00
2017-10-18 03:00:00	12991	5.75	52.68	23.011	-3.258	1.64	1.252	0.02	7.57	12996	2017-10-18 03:25:00
2017-10-18 03:40:00	12999	6.17	46.817	23.24	-2.6	1.647	1.548	0.10	3.42	13004	2017-10-18 04:05:00
2017-10-19 00:45:00	13252	5.93	51.672	23.614	-2.555	2.902	2.305	0.08	23.24	13257	2017-10-19 01:10:00
2017-10-19 02:05:00	13268	6.33	47.517	23.193	-1.918	2.677	2.442	0.09	16.83	13273	2017-10-19 02:30:00
2017-10-19 09:30:00	13357	5.77	113.917	19.703	-4.267	3.6	-1.555	0.04	29.56	13362	2017-10-19 09:55:00
2017-10-19 10:00:00	13363	5.82	98.178	19.388	-3.702	4.72	-0.67	0.03	9.57	13368	2017-10-19 10:25:00
2017-10-19 10:30:00	13369	5.82	93.175	19.062	-4.292	3.973	-0.228	0.06	8.06	13374	2017-10-19 10:55:00
2017-10-19 11:00:00	13375	5.57	94.932	18.724	-4.985	4.198	-0.357	0.05	10.18	13380	2017-10-19 11:25:00
2017-10-19 11:30:00	13381	5.53	98.565	18.374	-4.483	4.703	-0.73	0.02	19.47	13386	2017-10-19 11:55:00
2017-10-19 12:10:00	13389	5.08	92.14	17.888	-5.637	6.49	-0.26	0.09	23.59	13394	2017-10-19 12:35:00
2017-10-20 05:10:00	13592	6.25	111.228	9.897	-3.377	3.188	-1.203	0.08	29.41	13597	2017-10-20 05:35:00
2017-10-20 05:40:00	13598	6.42	89.816	10.584	-3.117	3.637	0.008	0.05	14.79	13603	2017-10-20 06:05:00
2017-10-20 06:10:00	13604	6.4	87.166	11.238	-3.028	3.653	0.175	0.02	15.34	13609	2017-10-20 06:35:00
2017-10-20 06:40:00	13610	6.68	108.655	11.862	-2.377	3.738	-1.27	0.03	22.12	13615	2017-10-20 07:05:00
2017-10-20 08:10:00	13628	6.22	113.904	13.575	-3.915	1.992	-0.827	0.08	23.74	13633	2017-10-20 08:35:00
2017-10-20 09:00:00	13638	6.85	129.307	14.438	-2.285	2.378	-1.938	0.09	14.23	13643	2017-10-20 09:25:00
2017-10-20 09:30:00	13644	6.93	109.594	14.93	-1.048	4.088	-1.445	0.08	19.85	13649	2017-10-20 09:55:00
2017-10-20 11:30:00	13668	6.7	114.445	16.721	3.48	3.41	-1.525	0.06	14.68	13673	2017-10-20 11:55:00
2017-10-20 12:00:00	13674	6.75	102.493	17.129	3.193	4.183	-0.94	0.04	11.14	13679	2017-10-20 12:25:00
2017-10-20 12:50:00	13684	7.0	97.012	17.778	3.387	3.413	-0.458	0.04	16.23	13689	2017-10-20 13:15:00
2017-10-20 13:20:00	13690	6.9	91.372	18.149	3.472	2.64	-0.068	0.09	11.24	13695	2017-10-20 13:45:00
2017-10-20 14:00:00	13698	6.8	105.625	18.624	2.197	3.265	-0.92	0.06	21.51	13703	2017-10-20 14:25:00
2017-10-20 14:30:00	13704	6.7	90.981	18.965	1.783	3.35	-0.057	0.06	13.94	13709	2017-10-20 14:55:00
2017-10-20 15:05:00	13711	6.25	102.635	19.349	2.208	3.65	-0.835	0.06	29.95	13716	2017-10-20 15:30:00
2017-10-20 15:35:00	13717	6.47	108.578	19.665	0.848	3.675	-1.257	0.08	24.37	13722	2017-10-20 16:00:00
2017-10-20 17:15:00	13737	6.9	73.321	20.639	-0.772	3.268	0.978	0.09	25.11	13742	2017-10-20 17:40:00
2017-10-20 17:45:00	13743	6.78	74.488	20.908	-0.442	3.4	0.932	0.09	19.55	13748	2017-10-20 18:10:00
2017-10-20 18:15:00	13749	6.73	77.434	21.168	0.372	3.767	0.822	0.09	11.18	13754	2017-10-20 18:40:00
2017-10-20 23:25:00	13811	6.65	98.251	23.312	-2.028	2.51	-0.365	0.02	21.23	13816	2017-10-20 23:50:00
2017-10-21 00:25:00	13823	6.63	109.342	23.622	0.082	4.05	-1.425	0.07	5.29	13828	2017-10-21 00:50:00
2017-10-21 00:55:00	13829	6.68	109.787	23.765	-0.865	3.7	-1.335	0.04	20.00	13834	2017-10-21 01:20:00
2017-10-24 22:35:00	14829	5.78	128.344	20.908	-5.79	3.41	-2.782	0.03	22.09	14834	2017-10-24 23:00:00
2017-10-25 07:00:00	14930	6.03	124.004	14.745	-5.17	4.278	-2.933	0.09	26.53	14935	2017-10-25 07:25:00
2017-10-25 07:40:00	14938	6.07	88.437	14.074	-5.273	4.72	0.095	0.03	22.69	14943	2017-10-25 08:05:00
2017-10-25 09:00:00	14954	6.02	66.751	12.617	-6.972	4.043	1.747	0.08	29.79	14959	2017-10-25 09:25:00
2017-10-26 00:10:00	15136	6.45	106.042	14.506	-4.923	2.885	-0.878	0.05	22.61	15141	2017-10-26 00:35:00
2017-10-26 07:05:00	15219	6.45	110.157	19.924	0.805	5.318	-1.96	0.05	16.64	15224	2017-10-26 07:30:00
2017-10-26 08:55:00	15241	6.43	114.852	20.961	0.997	5.048	-2.372	0.05	24.26	15246	2017-10-26 09:20:00
2017-10-26 09:30:00	15248	6.38	123.582	21.262	0.337	4.858	-3.202	0.05	29.59	15253	2017-10-26 09:55:00
2017-10-26 10:00:00	15254	6.37	132.572	21.51	0.087	4.335	-3.95	0.10	21.04	15259	2017-10-26 10:25:00
2017-10-27 21:50:00	15511	6.13	115.68	18.753	-3.032	1.918	-1.005	0.02	16.81	15516	2017-10-27 22:15:00
2017-10-28 00:05:00	15523	5.9	125.435	17.073	-3.83	2.003	-1.457	0.06	26.83	15528	2017-10-28 00:30:00
2017-10-28 01:25:00	15539	5.97	108.994	15.941	-2.543	3.005	-1.03	0.05	18.43	15544	2017-10-28 01:50:00
2017-10-28 01:55:00	15545	6.18	127.98	15.487	-1.02	2.798	-2.212	0.08	25.12	15550	2017-10-28 02:20:00
2017-10-28 02:25:00	15551	6.13	129.039	15.015	-0.862	3.023	-2.455	0.04	15.37	15556	2017-10-28 02:50:00
2017-10-28 16:05:00	15715	5.88	106.633	10.059	3.238	2.503	-0.748	0.04	9.76	15720	2017-10-28 16:30:00
2017-10-28 19:00:00	15750	6.48	110.442	13.618	0.217	2.55	-0.932	0.09	27.16	15755	2017-10-28 19:25:00
2017-10-29 11:30:00	15930	6.15	56.401	23.728	-2.663	1.82	1.182	0.05	22.09	15935	2017-10-29 11:55:00
2017-10-29 12:00:00	15936	6.2	100.689	23.867	-1.112	2.915	-0.555	0.03	18.48	15941	2017-10-29 12:25:00
2017-10-30 15:25:00	16265	6.4	103.419	20.018	-1.042	1.803	-0.432	0.05	15.05	16270	2017-10-30 15:50:00
2017-10-30 15:55:00	16271	6.38	122.612	19.714	-1.183	1.39	-0.88	0.05	20.03	16276	2017-10-30 16:20:00
2017-10-30 16:25:00	16277	6.35	133.057	19.399	-1.27	1.257	-1.175	0.09	11.66	16282	2017-10-30 16:50:00
2017-10-30 16:55:00	16283	6.3	128.633	19.073	-1.107	1.453	-1.167	0.09	10.87	16288	2017-10-30 17:20:00
2017-10-30 17:25:00	16289	6.35	119.647	18.734	-1.043	1.495	-0.85	0.06	11.52	16294	2017-10-30 17:50:00
2017-10-30 18:05:00	16297	6.42	118.25	18.264	-1.212	1.108	-0.603	0.06	12.11	16302	2017-10-30 18:30:00
2017-10-30 18:35:00	16303	6.4	96.813	17.896	-1.45	0.913	-0.127	0.05	26.79	16308	2017-10-30 19:00:00
2017-10-30 19:20:00	16312	6.43	120.242	17.319	-0.515	1.353	-0.81	0.10	20.76	16317	2017-10-30 19:45:00
2017-10-31 16:00:00	16559	6.07	123.935	15.047	-0.97	1.835	-1.25	0.10	26.49	16564	2017-10-31 16:25:00
2017-11-03 08:55:00	17298	5.57	120.353	12.294	2.908	4.737	-2.78	0.08	18.26	17303	2017-11-03 09:20:00
2017-11-07 22:40:00	18531	5.95	117.054	21.859	-4.722	5.323	-2.748	0.06	25.67	18536	2017-11-07 23:05:00
2017-11-07 23:25:00	18540	6.25	112.267	21.504	-2.172	6.757	-2.772	0.08	20.74	18545	2017-11-07 23:50:00
2017-11-08 05:40:00	18610	6.1	73.828	17.629	-5.397	3.643	1.02	0.07	22.07	18615	2017-11-08 06:05:00
2017-11-08 06:20:00	18618	5.87	70.921	17.103	-5.61	3.6	1.345	0.07	29.07	18623	2017-11-08 06:45:00
2017-11-08 09:15:00	18653	5.9	126.298	14.476	-3.842	4.02	-2.678	0.10	22.92	18658	2017-11-08 09:40:00
2017-11-08 09:55:00	18661	6.38	117.283	13.789	-3.53	4.353	-2.227	0.09	19.42	18666	2017-11-08 10:20:00
2017-11-08 10:35:00	18669	5.78	133.02	13.064	-2.017	5.212	-4.888	0.05	22.10	18674	2017-11-08 11:00:00
2017-11-09 15:20:00	19014	6.3	114.833	22.959	-4.017	0.678	-0.318	0.09	29.36	19019	2017-11-09 15:45:00
2017-11-13 08:25:00	19842	6.75	126.492	23.845	3.242	1.505	-1.112	0.02	28.15	19847	2017-11-13 08:50:00
2017-11-13 10:50:00	19871	6.72	123.482	23.088	2.473	2.248	-1.477	0.04	28.36	19876	2017-11-13 11:15:00
2017-11-14 04:20:00	20044	5.37	129.44	9.853	-5.315	3.748	-3.097	0.08	24.07	20049	2017-11-14 04:45:00
2017-11-14 12:00:00	20125	5.8	45.967	7.695	-3.907	4.172	4.095	0.05	21.45	20130	2017-11-14 12:25:00
2017-11-14 12:30:00	20131	5.73	56.957	8.509	-4.72	4.407	2.86	0.06	16.83	20136	2017-11-14 12:55:00
2017-11-16 04:15:00	20581	5.35	82.236	23.761	-7.637	2.11	0.327	0.01	12.01	20586	2017-11-16 04:40:00
2017-11-16 05:15:00	20593	5.53	114.56	23.461	-1.5	6.343	-2.868	0.09	15.22	20598	2017-11-16 05:40:00
2017-11-16 06:00:00	20602	5.82	67.961	23.215	-5.365	2.503	0.953	0.05	22.14	20607	2017-11-16 06:25:00
2017-11-16 10:00:00	20625	6.73	84.565	21.577	-3.077	3.23	0.278	0.04	22.29	20630	2017-11-16 10:25:00
2017-11-16 10:40:00	20633	6.97	50.23	21.248	-2.325	2.682	2.25	0.05	18.78	20638	2017-11-16 11:05:00
2017-11-16 11:10:00	20639	6.97	62.667	20.989	-2.782	2.855	1.485	0.08	28.36	20644	2017-11-16 11:35:00
2017-11-16 11:40:00	20645	6.63	86.571	20.721	-2.963	3.838	0.197	0.06	27.06	20650	2017-11-16 12:05:00
2017-11-16 12:10:00	20651	6.38	75.196	20.442	-4.26	2.405	0.673	0.02	10.67	20656	2017-11-16 12:35:00
2017-11-17 00:30:00	20796	6.52	74.153	8.922	-1.8	2.285	0.653	0.07	19.62	20801	2017-11-17 00:55:00
2017-11-17 07:40:00	20882	6.18	125.879	7.92	-3.172	2.235	-1.698	0.05	26.50	20887	2017-11-17 08:05:00
2017-11-17 22:00:00	21053	6.5	109.713	21.185	-1.965	2.133	-0.833	0.04	21.61	21058	2017-11-17 22:25:00
2017-11-18 02:40:00	21109	6.72	120.269	23.177	-0.622	2.378	-1.425	0.09	28.92	21114	2017-11-18 03:05:00
2017-11-19 03:45:00	21363	6.77	104.298	22.402	2.553	2.217	-0.515	0.10	23.18	21368	2017-11-19 04:10:00
2017-11-19 18:35:00	21516	6.07	113.244	11.011	-1.977	2.925	-1.265	0.09	12.31	21521	2017-11-19 19:00:00
2017-11-19 19:15:00	21524	6.63	93.715	10.11	-2.04	2.828	-0.188	0.10	12.73	21529	2017-11-19 19:40:00
2017-11-19 19:50:00	21531	6.42	75.944	9.268	-2.653	2.552	0.638	0.08	17.77	21536	2017-11-19 20:15:00
2017-11-19 20:20:00	21537	6.48	55.271	8.501	-2.89	1.757	1.188	0.09	26.77	21542	2017-11-19 20:45:00
2017-11-20 10:30:00	21703	6.68	71.277	16.476	-2.8	2.093	0.705	0.04	17.10	21708	2017-11-20 10:55:00
2017-11-20 11:10:00	21711	6.48	86.902	17.032	-2.718	2.6	0.11	0.09	27.52	21716	2017-11-20 11:35:00
2017-11-20 12:00:00	21721	6.28	100.554	17.691	-3.858	1.257	-0.233	0.01	20.72	21726	2017-11-20 12:25:00
2017-11-20 12:30:00	21727	6.37	119.245	18.068	-3.493	1.662	-0.935	0.03	21.58	21732	2017-11-20 12:55:00
2017-11-20 13:00:00	21733	6.37	110.878	18.432	-3.25	2.265	-0.858	0.03	8.89	21738	2017-11-20 13:25:00
2017-11-20 16:20:00	21773	6.05	82.969	20.552	-5.33	5.365	0.678	0.08	9.49	21778	2017-11-20 16:45:00
2017-11-20 19:00:00	21805	5.68	64.512	21.91	-5.547	4.943	2.432	0.02	21.17	21810	2017-11-20 19:25:00
2017-11-22 12:30:00	22241	6.9	118.661	13.144	2.423	3.037	-1.618	0.02	16.65	22246	2017-11-22 12:55:00
2017-11-22 13:10:00	22249	6.43	101.387	12.378	2.703	4.143	-0.842	0.08	17.82	22254	2017-11-22 13:35:00
2017-11-22 14:00:00	22259	6.73	118.367	11.355	2.373	3.205	-1.772	0.03	21.73	22264	2017-11-22 14:25:00
2017-11-22 14:30:00	22265	6.58	119.65	10.701	0.747	3.745	-2.132	0.05	29.04	22270	2017-11-22 14:55:00
2017-11-22 15:00:00	22271	6.47	122.645	10.014	0.168	3.872	-2.468	0.05	20.68	22276	2017-11-22 15:25:00
2017-11-22 15:55:00	22282	6.77	115.415	8.651	-0.958	3.187	-1.44	0.04	25.70	22287	2017-11-22 16:20:00
2017-11-23 11:15:00	22511	6.32	103.335	20.141	2.085	3.808	-0.912	0.06	25.04	22516	2017-11-23 11:40:00
2017-11-23 11:45:00	22517	6.55	116.376	20.433	1.882	3.475	-1.72	0.05	17.32	22522	2017-11-23 12:10:00
2017-11-23 15:45:00	22543	6.45	117.252	22.406	2.332	3.372	-1.72	0.05	26.88	22548	2017-11-23 16:10:00
2017-11-23 16:15:00	22549	6.47	118.603	22.611	2.065	3.603	-1.938	0.03	24.93	22554	2017-11-23 16:40:00
2017-11-23 16:50:00	22556	6.7	109.87	22.839	1.122	3.29	-1.18	0.06	21.74	22561	2017-11-23 17:15:00
2017-11-23 17:45:00	22567	6.23	134.168	23.174	2.23	3.183	-3.08	0.04	5.28	22572	2017-11-23 18:10:00
2017-11-23 18:15:00	22573	6.07	127.407	23.345	1.807	3.7	-2.827	0.07	10.39	22578	2017-11-23 18:40:00
2017-11-23 19:40:00	22590	5.82	124.454	23.785	0.627	3.9	-2.678	0.06	7.43	22595	2017-11-23 20:05:00
2017-11-23 20:10:00	22596	5.72	116.541	23.925	0.033	4.345	-2.172	0.05	11.14	22601	2017-11-23 20:35:00
2017-11-24 17:10:00	22848	5.13	107.009	23.174	-3.382	6.062	-1.91	0.05	24.62	22853	2017-11-24 17:35:00
2017-11-24 22:55:00	22917	5.02	73.319	20.574	-3.183	7.545	2.203	0.06	26.80	22922	2017-11-24 23:20:00
2017-11-25 02:15:00	22957	6.92	61.501	18.455	-0.927	4.73	2.59	0.10	25.28	22962	2017-11-25 02:40:00
2017-11-25 02:45:00	22963	6.55	72.726	18.092	-0.195	5.813	1.807	0.02	9.62	22968	2017-11-25 03:10:00
2017-11-25 03:15:00	22969	6.45	90.114	17.715	-0.202	5.948	-0.013	0.03	12.84	22974	2017-11-25 03:40:00
2017-11-25 04:25:00	22983	6.77	96.473	16.781	-1.838	4.75	-0.518	0.10	21.07	22988	2017-11-25 04:50:00
2017-11-25 05:25:00	22995	5.08	117.484	15.915	-0.872	4.508	-2.343	0.08	9.93	23000	2017-11-25 05:50:00
2017-11-25 07:55:00	23025	5.52	98.687	13.441	-0.662	4.185	-0.655	0.02	22.50	23030	2017-11-25 08:20:00
2017-11-25 08:50:00	23036	5.77	102.862	12.401	-0.157	3.878	-0.887	0.06	6.50	23041	2017-11-25 09:15:00
2017-11-25 11:40:00	23070	6.18	99.105	8.55	-1.23	2.322	-0.372	0.09	12.51	23075	2017-11-25 12:05:00
2017-11-25 12:10:00	23076	6.52	101.936	7.735	-1.008	2.212	-0.467	0.08	21.18	23081	2017-11-25 12:35:00
2017-11-26 07:10:00	23303	5.95	98.61	20.273	-0.657	4.28	-0.648	0.06	3.41	23308	2017-11-26 07:35:00
2017-11-28 19:45:00	24030	5.93	61.024	14.971	-1.355	6.042	3.31	0.08	28.49	24035	2017-11-28 20:10:00
2017-12-01 22:45:00	24929	6.8	59.205	20.555	3.347	1.398	0.825	0.08	23.12	24934	2017-12-01 23:10:00
2017-12-04 19:00:00	25651	5.5	117.078	20.932	-1.927	9.18	-4.712	0.08	11.46	25656	2017-12-04 19:25:00
2017-12-04 20:50:00	25673	5.37	122.799	21.851	-4.378	7.572	-4.938	0.08	18.36	25678	2017-12-04 21:15:00
2017-12-06 01:45:00	26020	6.98	95.213	22.341	-3.288	2.283	-0.23	0.08	21.00	26025	2017-12-06 02:10:00
2017-12-06 06:45:00	26080	6.62	100.499	19.73	-1.863	3.823	-0.685	0.09	13.04	26085	2017-12-06 07:10:00
2017-12-06 07:40:00	26091	6.77	106.785	19.138	-3.133	3.32	-1.007	0.09	12.07	26096	2017-12-06 08:05:00
2017-12-06 08:35:00	26102	6.27	100.478	18.505	-2.293	4.288	-0.802	0.08	10.48	26107	2017-12-06 09:00:00
2017-12-06 09:05:00	26108	6.17	103.383	18.141	-2.955	3.49	-0.837	0.04	12.58	26113	2017-12-06 09:30:00
2017-12-06 09:35:00	26114	6.23	122.203	17.765	-2.865	3.06	-1.93	0.02	10.10	26119	2017-12-06 10:00:00
2017-12-06 10:05:00	26120	6.12	128.633	17.375	-3.525	2.872	-2.293	0.03	9.58	26125	2017-12-06 10:30:00
2017-12-06 10:35:00	26126	5.8	132.166	16.971	-3.577	2.698	-2.443	0.04	3.76	26131	2017-12-06 11:00:00
2017-12-06 13:35:00	26162	6.33	133.594	14.205	-3.12	2.287	-2.265	0.06	23.79	26167	2017-12-06 14:00:00
2017-12-06 15:05:00	26180	5.83	134.293	12.557	-3.345	2.113	-1.983	0.02	21.48	26185	2017-12-06 15:30:00
2017-12-06 16:20:00	26195	6.12	124.165	11.009	-3.433	2.04	-1.388	0.07	8.03	26200	2017-12-06 16:45:00
2017-12-07 04:55:00	26346	6.7	122.947	13.331	-1.328	3.482	-2.26	0.07	5.61	26351	2017-12-07 05:20:00
2017-12-07 05:25:00	26352	6.65	118.683	13.872	-1.978	3.508	-1.937	0.05	12.44	26357	2017-12-07 05:50:00
2017-12-07 05:55:00	26358	6.68	102.17	14.391	-2.475	3.57	-0.767	0.05	21.98	26363	2017-12-07 06:20:00
2017-12-07 06:25:00	26364	6.35	122.516	14.89	-1.122	3.843	-2.445	0.07	24.46	26369	2017-12-07 06:50:00
2017-12-08 20:45:00	26824	6.23	79.297	22.608	2.382	3.212	0.598	0.05	29.88	26829	2017-12-08 21:10:00
2017-12-09 01:25:00	26880	6.73	61.191	20.317	-2.258	2.0	1.078	0.10	19.43	26885	2017-12-09 01:50:00
2017-12-09 02:15:00	26890	6.08	87.145	19.816	-1.913	3.77	0.105	0.02	28.47	26895	2017-12-09 02:40:00
2017-12-09 03:05:00	26900	5.87	53.244	19.284	-2.363	2.998	2.222	0.06	16.13	26905	2017-12-09 03:30:00
2017-12-09 03:35:00	26906	6.02	70.367	18.949	-2.682	3.208	1.138	0.05	27.52	26911	2017-12-09 04:00:00
2017-12-09 04:05:00	26912	6.0	58.132	18.602	-2.483	3.04	1.898	0.08	18.22	26917	2017-12-09 04:30:00
2017-12-09 04:35:00	26918	5.82	56.3	18.242	-2.76	2.975	1.987	0.05	11.64	26923	2017-12-09 05:00:00
2017-12-10 04:50:00	27209	6.2	88.215	17.345	-1.42	3.31	0.103	0.03	5.02	27214	2017-12-10 05:15:00
2017-12-10 05:20:00	27215	6.28	115.706	17.736	-0.76	2.945	-1.413	0.06	22.81	27220	2017-12-10 05:45:00
2017-12-10 08:55:00	27258	6.02	73.305	20.164	-2.513	1.998	0.568	0.05	25.80	27263	2017-12-10 09:20:00
2017-12-10 09:45:00	27268	5.88	47.496	20.645	-3.275	0.853	0.782	0.02	8.11	27273	2017-12-10 10:10:00
2017-12-11 16:00:00	27631	5.0	81.549	22.737	-7.052	6.197	0.892	0.05	22.34	27636	2017-12-11 16:25:00
2017-12-11 20:10:00	27681	5.8	68.089	20.786	-5.603	5.913	2.358	0.10	20.47	27686	2017-12-11 20:35:00
2017-12-12 00:30:00	27733	5.18	107.386	17.993	-5.458	5.915	-1.803	0.07	29.26	27738	2017-12-12 00:55:00
2017-12-12 01:20:00	27743	5.22	82.285	17.349	-5.107	5.997	0.693	0.06	28.19	27748	2017-12-12 01:45:00
2017-12-12 01:55:00	27750	5.6	87.448	16.875	-4.907	6.012	0.263	0.03	13.69	27755	2017-12-12 02:20:00
2017-12-12 02:25:00	27756	5.72	91.739	16.452	-4.607	6.168	-0.193	0.05	19.77	27761	2017-12-12 02:50:00
2017-12-12 15:35:00	27914	5.25	88.331	7.008	-6.067	4.508	0.147	0.02	20.02	27919	2017-12-12 16:00:00
2017-12-12 16:05:00	27920	5.53	62.565	7.874	-4.588	5.2	2.722	0.05	19.45	27925	2017-12-12 16:30:00
2017-12-12 18:30:00	27949	5.17	123.951	11.388	-6.373	4.132	-2.852	0.05	22.24	27954	2017-12-12 18:55:00
2017-12-12 19:40:00	27963	5.02	119.659	12.8	-5.813	4.772	-2.703	0.04	23.79	27968	2017-12-12 20:05:00
2017-12-12 20:10:00	27969	5.28	102.908	13.362	-4.688	5.843	-1.265	0.07	22.81	27974	2017-12-12 20:35:00
2017-12-12 21:15:00	27982	5.1	81.591	14.504	-6.565	3.617	0.53	0.09	29.85	27987	2017-12-12 21:40:00
2017-12-12 22:00:00	27991	5.47	69.228	15.239	-4.798	4.558	1.743	0.04	29.56	27996	2017-12-12 22:25:00
2017-12-12 22:30:00	27997	5.58	70.131	15.705	-3.89	5.685	2.052	0.01	3.36	28002	2017-12-12 22:55:00
2017-12-12 23:00:00	28003	5.67	53.262	16.155	-3.468	4.917	3.653	0.03	16.96	28008	2017-12-12 23:25:00
2017-12-13 05:50:00	28085	6.07	66.18	20.918	-3.165	2.55	1.168	0.04	19.32	28090	2017-12-13 06:15:00
2017-12-13 11:15:00	28150	5.97	100.172	23.285	0.278	5.257	-0.943	0.09	22.59	28155	2017-12-13 11:40:00
2017-12-13 11:45:00	28156	6.03	115.453	23.452	1.048	4.805	-2.253	0.04	28.40	28161	2017-12-13 12:10:00
2017-12-13 13:00:00	28171	6.28	126.503	23.833	0.017	3.785	-2.877	0.09	29.65	28176	2017-12-13 13:25:00
2017-12-14 07:45:00	28396	6.07	73.567	23.992	-3.097	2.677	0.803	0.02	12.56	28401	2017-12-14 08:10:00
2017-12-14 09:30:00	28417	6.15	108.671	23.475	-2.313	2.662	-0.84	0.05	21.82	28422	2017-12-14 09:55:00
2017-12-14 10:10:00	28425	6.37	111.491	23.253	-1.97	3.215	-1.248	0.03	16.46	28430	2017-12-14 10:35:00
2017-12-14 11:30:00	28441	5.62	81.821	22.763	-3.448	2.047	0.3	0.01	27.99	28446	2017-12-14 11:55:00
2017-12-14 12:10:00	28449	5.75	62.767	22.495	-3.04	2.253	1.202	0.02	26.57	28454	2017-12-14 12:35:00
2017-12-14 12:40:00	28455	5.73	55.793	22.284	-3.195	1.912	1.308	0.02	18.12	28460	2017-12-14 13:05:00
2017-12-14 17:50:00	28517	6.13	129.217	19.539	-2.457	1.492	-1.248	0.06	19.95	28522	2017-12-14 18:15:00
2017-12-14 19:40:00	28539	6.3	50.991	18.286	-1.418	2.328	1.873	0.09	9.00	28544	2017-12-14 20:05:00
2017-12-14 22:05:00	28568	6.52	74.056	16.361	-0.512	3.53	1.002	0.02	27.03	28573	2017-12-14 22:30:00
2017-12-14 22:35:00	28574	6.18	84.877	15.919	-3.055	2.543	0.257	0.08	21.14	28579	2017-12-14 23:00:00
2017-12-14 23:05:00	28580	6.3	84.543	15.46	-3.202	2.567	0.245	0.07	3.75	28585	2017-12-14 23:30:00
2017-12-15 00:00:00	28591	6.42	76.499	14.572	-2.25	3.128	0.752	0.07	18.04	28596	2017-12-15 00:25:00
2017-12-15 00:30:00	28597	6.57	80.763	14.06	-1.462	3.515	0.567	0.07	15.16	28602	2017-12-15 00:55:00
2017-12-15 01:25:00	28608	6.4	52.196	13.066	-2.568	2.502	1.925	0.05	20.42	28613	2017-12-15 01:50:00
2017-12-15 02:15:00	28618	6.62	91.843	12.093	-1.537	3.02	-0.135	0.07	16.80	28623	2017-12-15 02:40:00
2017-12-15 03:55:00	28638	6.8	68.234	9.903	-1.612	3.162	1.263	0.05	3.48	28643	2017-12-15 04:20:00
2017-12-15 04:40:00	28647	6.57	73.851	8.785	-2.885	2.685	0.743	0.07	17.69	28652	2017-12-15 05:05:00
2017-12-15 05:10:00	28653	6.57	73.915	7.982	-1.697	3.268	0.84	0.10	29.83	28658	2017-12-15 05:35:00
2017-12-15 05:40:00	28659	6.48	99.54	7.123	-1.635	3.512	-0.595	0.07	8.74	28664	2017-12-15 06:05:00
2017-12-15 23:15:00	28870	6.27	54.428	19.682	-2.735	2.605	1.862	0.10	17.29	28875	2017-12-15 23:40:00
2017-12-16 04:05:00	28928	5.55	46.594	22.241	-2.86	2.252	2.142	0.05	19.64	28933	2017-12-16 04:30:00
2017-12-16 04:35:00	28934	5.55	50.347	22.455	-2.878	2.383	1.963	0.02	12.56	28939	2017-12-16 05:00:00
2017-12-16 06:15:00	28954	5.68	62.766	23.104	-3.407	1.637	0.848	0.05	26.01	28959	2017-12-16 06:40:00
2017-12-16 08:15:00	28978	5.93	60.355	23.76	-1.99	2.632	1.498	0.09	19.24	28983	2017-12-16 08:40:00
2017-12-17 10:20:00	29265	5.25	93.132	21.335	-8.805	7.418	-0.572	0.05	28.82	29270	2017-12-17 10:45:00
2017-12-17 12:55:00	29296	5.2	90.074	19.885	-6.422	5.613	-0.053	0.07	20.92	29301	2017-12-17 13:20:00
2017-12-17 23:10:00	29419	5.88	104.857	10.414	-3.695	5.748	-1.547	0.03	14.15	29424	2017-12-17 23:35:00
2017-12-17 23:40:00	29425	5.65	94.334	9.707	-4.928	5.755	-0.427	0.02	5.58	29430	2017-12-18 00:05:00
2017-12-18 00:20:00	29433	5.35	65.319	8.7	-7.055	2.672	1.162	0.04	28.26	29438	2017-12-18 00:45:00
2017-12-18 07:20:00	29517	5.45	107.797	8.061	4.105	8.142	-2.612	0.04	18.74	29522	2017-12-18 07:45:00
2017-12-18 18:10:00	29632	6.73	60.695	19.263	-3.537	2.807	1.577	0.04	28.75	29637	2017-12-18 18:35:00
2017-12-18 18:50:00	29640	6.45	64.824	19.694	-3.283	3.192	1.422	0.09	27.29	29645	2017-12-18 19:15:00
2017-12-19 00:15:00	29705	6.13	69.545	22.507	1.548	4.303	1.603	0.08	14.51	29710	2017-12-19 00:40:00
2017-12-19 01:00:00	29714	5.93	63.23	22.809	0.05	5.687	2.873	0.03	17.00	29719	2017-12-19 01:25:00
2017-12-19 01:30:00	29720	5.95	61.831	23.0	-0.465	5.612	3.007	0.01	17.11	29725	2017-12-19 01:55:00
2017-12-19 23:15:00	29966	5.97	128.086	23.988	-2.665	2.037	-1.583	0.05	12.32	29971	2017-12-19 23:40:00
2017-12-20 00:10:00	29976	6.43	102.332	23.723	-0.542	3.373	-0.717	0.04	25.67	29981	2017-12-20 00:35:00
2017-12-20 12:45:00	30127	7.0	83.882	16.953	0.845	3.442	0.372	0.09	20.96	30132	2017-12-20 13:10:00
2017-12-20 20:55:00	30212	6.28	76.383	7.275	-2.223	3.09	0.763	0.05	19.91	30217	2017-12-20 21:20:00
2017-12-21 02:50:00	30265	6.8	78.41	7.71	-0.98	2.137	0.443	0.08	10.75	30270	2017-12-21 03:15:00
2017-12-21 04:50:00	30289	6.75	133.682	10.728	1.22	1.982	-1.878	0.10	15.31	30294	2017-12-21 05:15:00
2017-12-21 08:00:00	30320	5.63	88.847	14.428	4.13	2.092	0.037	0.04	17.81	30325	2017-12-21 08:25:00
2017-12-21 08:30:00	30326	5.87	96.869	14.927	4.113	1.785	-0.225	0.02	29.95	30331	2017-12-21 08:55:00
2017-12-21 09:25:00	30337	5.8	111.694	15.794	4.395	1.408	-0.567	0.06	12.42	30342	2017-12-21 09:50:00
2017-12-21 11:30:00	30362	5.38	111.682	17.558	4.09	1.558	-0.6	0.06	26.45	30367	2017-12-21 11:55:00
2017-12-21 12:00:00	30368	5.33	125.807	17.943	4.348	1.073	-0.793	0.05	24.40	30373	2017-12-21 12:25:00
2017-12-21 13:40:00	30388	5.55	98.088	19.133	3.87	1.795	-0.233	0.05	25.76	30393	2017-12-21 14:05:00
2017-12-21 21:15:00	30479	5.92	49.552	23.022	-2.688	1.835	1.57	0.02	11.64	30484	2017-12-21 21:40:00
2017-12-22 19:00:00	30740	6.08	65.676	23.963	0.077	3.917	1.773	0.07	5.85	30745	2017-12-22 19:25:00
2017-12-22 20:00:00	30752	6.3	65.36	23.67	-0.258	3.472	1.595	0.07	25.69	30757	2017-12-22 20:25:00
2017-12-22 20:30:00	30758	6.25	76.196	23.512	-0.617	3.738	0.92	0.05	14.41	30763	2017-12-22 20:55:00
2017-12-22 21:15:00	30767	6.2	119.389	23.259	-1.03	3.122	-1.75	0.06	21.33	30772	2017-12-22 21:40:00
2017-12-22 22:10:00	30778	6.15	52.22	22.925	-1.812	2.947	2.278	0.02	27.08	30783	2017-12-22 22:35:00
2017-12-22 23:15:00	30791	6.13	97.187	22.493	-2.312	3.443	-0.437	0.06	15.09	30796	2017-12-22 23:40:00
2017-12-31 20:35:00	33159	5.12	118.161	15.752	-3.597	7.248	-3.89	0.08	20.16	33164	2017-12-31 21:00:00
2018-01-01 02:20:00	33228	5.37	94.628	8.975	-0.935	9.877	-0.812	0.05	18.35	33233	2018-01-01 02:45:00
2018-01-01 09:40:00	33316	5.02	79.285	8.366	-5.228	5.567	1.065	0.10	27.66	33321	2018-01-01 10:05:00
2018-01-01 11:00:00	33332	5.37	94.053	10.359	-6.09	3.272	-0.232	0.04	26.75	33337	2018-01-01 11:25:00
2018-01-01 11:50:00	33342	5.42	110.442	11.467	-3.6	4.927	-1.83	0.06	11.49	33347	2018-01-01 12:15:00
2018-01-01 12:40:00	33352	5.55	111.757	12.49	-4.015	4.543	-1.948	0.05	24.64	33357	2018-01-01 13:05:00
2018-01-01 13:10:00	33358	5.58	123.09	13.068	-3.942	4.307	-2.79	0.06	24.12	33363	2018-01-01 13:35:00
2018-01-01 13:40:00	33364	5.52	122.209	13.622	-3.893	4.432	-2.793	0.02	9.60	33369	2018-01-01 14:05:00
2018-01-01 14:10:00	33370	5.42	107.347	14.154	-4.727	4.25	-1.348	0.02	7.00	33375	2018-01-01 14:35:00
2018-01-01 18:45:00	33377	5.7	82.666	18.185	-4.187	3.363	0.515	0.07	26.51	33382	2018-01-01 19:10:00
2018-01-01 19:35:00	33387	6.07	107.23	18.785	-1.112	4.31	-1.363	0.10	18.34	33392	2018-01-01 20:00:00
2018-01-01 20:15:00	33395	6.13	79.862	19.239	0.288	4.908	0.87	0.07	15.91	33400	2018-01-01 20:40:00
2018-01-01 20:45:00	33401	6.17	82.005	19.566	0.077	4.997	0.702	0.02	9.08	33406	2018-01-01 21:10:00
2018-01-01 21:30:00	33410	5.65	121.064	20.035	3.268	3.643	-2.223	0.09	25.14	33415	2018-01-01 21:55:00
2018-01-01 22:15:00	33419	6.08	74.687	20.479	1.907	4.12	1.132	0.08	12.34	33424	2018-01-01 22:40:00
2018-01-03 01:30:00	33746	6.88	63.408	23.971	-1.015	3.39	1.692	0.09	14.55	33751	2018-01-03 01:55:00
2018-01-03 06:30:00	33806	6.82	82.134	22.17	-2.823	2.395	0.32	0.08	10.31	33811	2018-01-03 06:55:00
2018-01-03 09:00:00	33836	5.58	77.737	20.936	-2.973	5.045	1.103	0.10	22.67	33841	2018-01-03 09:25:00
2018-01-03 09:40:00	33844	5.85	64.265	20.565	-3.392	3.23	1.492	0.07	28.78	33849	2018-01-03 10:05:00
2018-01-03 23:00:00	34004	6.18	118.02	7.349	-2.15	2.38	-1.292	0.07	25.79	34009	2018-01-03 23:25:00
2018-01-04 07:20:00	34104	6.32	84.247	11.246	-1.418	3.26	0.307	0.06	26.33	34109	2018-01-04 07:45:00
2018-01-04 08:25:00	34117	6.52	85.058	12.582	-1.968	2.153	0.227	0.08	28.02	34122	2018-01-04 08:50:00
2018-01-04 08:55:00	34123	6.43	98.136	13.157	-2.188	2.467	-0.348	0.04	18.66	34128	2018-01-04 09:20:00
2018-01-04 09:30:00	34130	6.38	101.549	13.797	-2.868	1.968	-0.373	0.07	19.29	34135	2018-01-04 09:55:00
2018-01-04 10:00:00	34136	6.47	114.359	14.321	-2.427	2.345	-1.08	0.03	18.94	34141	2018-01-04 10:25:00
2018-01-04 10:30:00	34142	6.27	92.611	14.825	-3.017	2.165	-0.065	0.07	29.18	34147	2018-01-04 10:55:00
2018-01-04 11:00:00	34148	6.2	91.0	15.31	-3.053	2.298	-0.037	0.03	25.27	34153	2018-01-04 11:25:00
2018-01-04 11:30:00	34154	6.23	125.386	15.777	-2.915	1.808	-1.292	0.05	16.09	34159	2018-01-04 11:55:00
2018-01-04 20:40:00	34224	6.7	125.024	21.908	-1.125	2.518	-1.773	0.04	14.91	34229	2018-01-04 21:05:00
2018-01-05 02:05:00	34289	6.17	112.579	23.925	0.575	3.622	-1.518	0.08	20.78	34294	2018-01-05 02:30:00
2018-01-08 20:50:00	35298	5.17	67.232	22.54	-1.472	8.238	3.437	0.07	9.93	35303	2018-01-08 21:15:00
2018-01-09 02:50:00	35368	6.77	122.712	19.364	-0.873	3.26	-2.097	0.10	11.94	35373	2018-01-09 03:15:00
2018-01-09 03:40:00	35378	6.75	126.985	18.801	-1.115	3.298	-2.507	0.07	22.97	35383	2018-01-09 04:05:00
2018-01-09 04:40:00	35390	6.93	127.678	18.079	-3.347	1.237	-0.977	0.05	28.77	35395	2018-01-09 05:05:00
2018-01-09 05:30:00	35400	6.78	100.755	17.437	-4.343	1.377	-0.308	0.02	27.06	35405	2018-01-09 05:55:00
2018-01-09 21:15:00	35539	6.45	45.295	9.421	-0.205	3.18	3.132	0.05	22.99	35544	2018-01-09 21:40:00
2018-01-10 02:35:00	35603	5.9	89.911	15.637	4.832	3.662	0.003	0.03	15.39	35608	2018-01-10 03:00:00
2018-01-10 03:05:00	35609	6.1	84.413	16.092	4.358	3.77	0.365	0.04	16.52	35614	2018-01-10 03:30:00
2018-01-10 04:05:00	35621	6.78	81.745	16.951	4.105	2.972	0.428	0.02	7.93	35626	2018-01-10 04:30:00
2018-01-10 04:35:00	35627	6.62	77.819	17.358	4.232	2.667	0.57	0.09	14.93	35632	2018-01-10 05:00:00
2018-01-11 14:25:00	36031	5.7	61.361	23.298	-3.757	2.34	1.22	0.03	26.45	36036	2018-01-11 14:50:00
2018-01-11 15:40:00	36046	5.67	47.011	22.839	-4.3	1.112	1.025	0.01	21.54	36051	2018-01-11 16:05:00
2018-01-11 16:10:00	36052	5.82	45.628	22.641	-3.517	1.79	1.715	0.07	26.53	36057	2018-01-11 16:35:00
2018-01-11 16:40:00	36058	5.78	51.945	22.434	-3.598	1.623	1.257	0.04	9.17	36063	2018-01-11 17:05:00
2018-01-11 19:15:00	36089	6.13	82.493	21.217	-2.94	1.465	0.22	0.07	21.77	36094	2018-01-11 19:40:00
2018-01-13 02:50:00	36468	5.75	62.548	19.317	-2.902	2.205	1.138	0.02	18.53	36473	2018-01-13 03:15:00
2018-01-14 12:40:00	36874	6.5	104.905	22.299	-3.793	2.792	-0.762	0.01	16.62	36879	2018-01-14 13:05:00
2018-01-14 13:10:00	36880	6.45	105.176	22.076	-4.12	2.483	-0.7	0.03	15.25	36885	2018-01-14 13:35:00
2018-01-15 04:15:00	36975	7.0	126.298	9.286	0.52	3.215	-2.303	0.07	27.82	36980	2018-01-15 04:40:00
2018-01-15 04:45:00	36981	6.93	130.631	8.509	-0.335	2.97	-2.548	0.06	12.30	36986	2018-01-15 05:10:00
2018-01-17 03:40:00	37543	5.82	126.918	23.992	-2.802	0.913	-0.695	0.04	23.68	37548	2018-01-17 04:05:00
2018-01-17 04:45:00	37556	6.07	111.293	23.671	-2.112	1.418	-0.498	0.03	28.17	37561	2018-01-17 05:10:00
2018-01-17 05:40:00	37567	6.18	85.541	23.371	-2.285	0.795	0.075	0.06	8.92	37572	2018-01-17 06:05:00
2018-01-17 06:30:00	37577	5.97	67.794	23.074	-2.487	1.72	0.692	0.04	20.02	37582	2018-01-17 06:55:00
2018-01-17 08:05:00	37596	5.88	114.405	22.444	-2.603	1.592	-0.725	0.02	24.99	37601	2018-01-17 08:30:00
2018-01-17 08:35:00	37602	5.82	110.602	22.227	-1.79	2.22	-0.832	0.08	23.86	37607	2018-01-17 09:00:00
2018-01-17 10:55:00	37630	5.98	94.615	21.09	-1.035	3.25	-0.255	0.05	27.24	37635	2018-01-17 11:20:00
2018-01-17 11:25:00	37636	5.92	91.451	20.819	-1.915	2.873	-0.078	0.02	17.52	37641	2018-01-17 11:50:00
2018-01-17 19:25:00	37732	5.02	62.338	14.833	-2.617	3.028	1.59	0.01	6.12	37737	2018-01-17 19:50:00
2018-01-17 19:55:00	37738	5.2	75.837	14.328	-1.433	3.953	0.998	0.02	13.12	37743	2018-01-17 20:20:00
2018-01-17 20:25:00	37744	5.33	85.437	13.803	-0.793	4.198	0.337	0.03	11.41	37749	2018-01-17 20:50:00
2018-01-17 20:55:00	37750	5.37	88.717	13.256	-0.592	4.235	0.092	0.03	12.89	37755	2018-01-17 21:20:00
2018-01-17 21:25:00	37756	5.45	99.545	12.685	-0.23	4.123	-0.693	0.01	17.65	37761	2018-01-17 21:50:00
2018-01-17 21:55:00	37762	5.5	97.122	12.088	-0.37	3.963	-0.497	0.07	14.14	37767	2018-01-17 22:20:00
2018-01-18 00:45:00	37796	5.63	74.72	8.081	0.078	3.912	1.063	0.05	26.43	37801	2018-01-18 01:10:00
2018-01-18 01:15:00	37802	5.77	55.998	7.222	-0.033	3.383	2.273	0.06	29.20	37807	2018-01-18 01:40:00
2018-01-18 06:45:00	37868	6.53	68.688	7.085	0.683	3.028	1.178	0.03	11.43	37873	2018-01-18 07:10:00
2018-01-18 07:15:00	37874	6.6	64.696	7.953	0.705	2.733	1.293	0.05	4.00	37879	2018-01-18 07:40:00
2018-01-18 07:45:00	37880	6.58	65.973	8.764	1.03	2.71	1.21	0.03	8.44	37885	2018-01-18 08:10:00
2018-01-18 08:15:00	37886	6.53	70.004	9.526	0.765	2.683	0.978	0.04	7.67	37891	2018-01-18 08:40:00
2018-01-18 09:15:00	37898	6.33	85.886	10.929	-1.378	2.215	0.17	0.04	29.74	37903	2018-01-18 09:40:00
2018-01-18 10:20:00	37911	6.13	56.317	12.298	-1.595	2.743	1.813	0.09	20.90	37916	2018-01-18 10:45:00
2018-01-18 11:00:00	37919	6.23	81.229	13.075	-1.255	2.763	0.405	0.08	27.32	37924	2018-01-18 11:25:00
2018-01-18 12:55:00	37942	6.48	93.802	15.083	0.588	2.878	-0.193	0.05	5.37	37947	2018-01-18 13:20:00
2018-01-18 13:35:00	37950	6.3	103.562	15.714	-1.68	2.645	-0.635	0.07	8.64	37955	2018-01-18 14:00:00
2018-01-18 14:05:00	37956	6.37	101.31	16.166	-1.08	2.89	-0.577	0.07	8.47	37961	2018-01-18 14:30:00
2018-01-18 14:35:00	37962	6.47	91.811	16.602	-0.862	2.972	-0.093	0.04	9.57	37967	2018-01-18 15:00:00
2018-01-18 15:05:00	37968	6.37	87.151	17.023	-1.44	3.0	0.153	0.08	17.07	37973	2018-01-18 15:30:00
2018-01-20 04:15:00	38405	5.75	118.036	22.198	1.977	6.917	-3.65	0.10	14.77	38410	2018-01-20 04:40:00
2018-01-20 20:05:00	38595	6.3	59.864	8.558	-5.122	1.64	0.955	0.08	19.31	38600	2018-01-20 20:30:00
2018-01-24 04:40:00	39562	6.85	52.745	15.586	-1.983	1.967	1.492	0.08	7.52	39567	2018-01-24 05:05:00
2018-01-24 05:50:00	39576	7.0	58.389	16.625	-1.927	2.258	1.387	0.06	14.97	39581	2018-01-24 06:15:00
2018-01-24 06:45:00	39587	7.0	75.567	17.382	-0.862	3.432	0.885	0.05	5.74	39592	2018-01-24 07:10:00
2018-01-24 13:20:00	39666	5.95	114.639	21.567	0.36	6.202	-2.837	0.07	22.07	39671	2018-01-24 13:45:00
2018-01-24 13:50:00	39672	5.7	121.234	21.809	0.402	6.452	-3.92	0.04	21.32	39677	2018-01-24 14:15:00
2018-01-24 17:05:00	39711	5.62	61.495	23.161	-1.338	7.83	4.262	0.05	17.65	39716	2018-01-24 17:30:00
2018-01-29 02:40:00	40930	6.82	70.242	13.986	-2.272	1.905	0.682	0.08	11.70	40935	2018-01-29 03:05:00
2018-01-29 03:10:00	40936	6.55	80.192	13.447	-2.588	1.99	0.345	0.09	9.74	40941	2018-01-29 03:35:00
2018-01-29 06:15:00	40973	6.83	60.706	9.529	-2.022	1.418	0.81	0.09	23.47	40978	2018-01-29 06:40:00
2018-01-29 13:10:00	41056	5.97	83.558	7.052	2.403	6.393	0.735	0.07	21.21	41061	2018-01-29 13:35:00
2018-01-29 16:40:00	41098	5.52	87.306	12.172	0.453	5.638	0.268	0.07	3.95	41103	2018-01-29 17:05:00
2018-01-29 17:20:00	41106	5.75	80.868	12.956	0.697	5.045	0.797	0.09	20.71	41111	2018-01-29 17:45:00
2018-01-29 19:15:00	41129	6.05	82.912	14.98	0.4	3.782	0.468	0.08	15.00	41134	2018-01-29 19:40:00
2018-01-29 20:55:00	41149	5.98	93.381	16.51	-1.558	3.615	-0.217	0.09	18.62	41154	2018-01-29 21:20:00
2018-01-30 00:00:00	41185	5.5	65.699	18.894	-3.293	3.753	1.693	0.06	22.24	41190	2018-01-30 00:25:00
2018-01-30 01:30:00	41203	5.87	113.91	19.877	-0.762	3.895	-1.733	0.10	11.92	41208	2018-01-30 01:55:00
2018-01-30 02:15:00	41212	6.33	94.147	20.33	-0.172	4.012	-0.303	0.07	25.54	41217	2018-01-30 02:40:00
2018-01-30 03:55:00	41232	6.1	58.57	21.252	-1.297	3.777	2.303	0.04	10.30	41237	2018-01-30 04:20:00
2018-01-30 04:25:00	41238	5.93	59.091	21.506	-1.125	3.865	2.318	0.07	7.48	41243	2018-01-30 04:50:00
2018-01-30 04:55:00	41244	5.6	89.557	21.751	-2.515	4.162	0.022	0.09	19.27	41249	2018-01-30 05:20:00
2018-01-30 08:25:00	41286	6.65	105.877	23.212	0.537	3.76	-1.072	0.03	7.42	41291	2018-01-30 08:50:00
2018-01-30 09:15:00	41296	6.48	89.857	23.497	0.738	4.44	0.007	0.07	27.54	41301	2018-01-30 09:40:00
2018-01-31 10:00:00	41589	6.17	110.472	22.508	0.512	5.682	-2.16	0.10	24.56	41594	2018-01-31 10:25:00
2018-02-03 02:15:00	42360	6.47	61.638	23.712	-2.158	1.505	0.803	0.06	16.21	42365	2018-02-03 02:40:00
2018-02-03 03:25:00	42374	6.52	59.038	23.334	-2.073	1.185	0.695	0.06	14.06	42379	2018-02-03 03:50:00
2018-02-03 04:05:00	42382	6.5	128.052	23.097	-1.967	1.028	-0.887	0.09	25.37	42387	2018-02-03 04:30:00
2018-02-03 16:05:00	42526	6.47	99.188	15.808	-1.163	1.998	-0.332	0.08	26.14	42531	2018-02-03 16:30:00
2018-02-03 22:00:00	42597	6.52	92.357	8.814	-0.537	3.055	-0.145	0.09	25.34	42602	2018-02-03 22:25:00
2018-02-04 07:15:00	42708	6.4	108.461	11.268	-1.283	3.292	-1.105	0.06	16.49	42713	2018-02-04 07:40:00
2018-02-04 07:50:00	42715	6.32	100.199	12.003	-2.072	3.512	-0.655	0.06	17.50	42720	2018-02-04 08:15:00
2018-02-04 08:20:00	42721	6.4	84.972	12.602	-2.313	3.097	0.263	0.04	14.58	42726	2018-02-04 08:45:00
2018-02-04 11:05:00	42754	6.1	50.492	15.481	-3.887	1.375	1.133	0.07	2.98	42759	2018-02-04 11:30:00
2018-02-04 11:35:00	42760	6.17	53.882	15.941	-3.718	1.412	1.038	0.10	10.83	42765	2018-02-04 12:00:00
2018-02-04 18:00:00	42837	5.2	90.887	20.575	-5.108	6.692	-0.108	0.08	10.23	42842	2018-02-04 18:25:00
2018-02-04 20:45:00	42870	5.3	52.688	21.985	-5.252	3.617	2.67	0.10	23.97	42875	2018-02-04 21:10:00
2018-02-06 00:10:00	43143	5.87	58.395	22.89	-4.22	1.658	1.03	0.02	25.65	43148	2018-02-06 00:35:00
2018-02-06 07:45:00	43234	6.58	130.315	18.896	-3.698	1.992	-1.693	0.02	7.02	43239	2018-02-06 08:10:00
2018-02-06 08:25:00	43242	6.55	88.035	18.425	-4.208	2.195	0.03	0.03	22.45	43247	2018-02-06 08:50:00
2018-02-06 08:55:00	43248	6.6	71.91	18.058	-4.328	1.842	0.58	0.04	16.77	43253	2018-02-06 09:20:00
2018-02-06 11:15:00	43274	5.48	89.275	16.156	-1.395	5.19	0.057	0.06	26.48	43279	2018-02-06 11:40:00
2018-02-06 12:50:00	43293	5.47	52.743	14.665	-3.997	2.475	1.878	0.02	7.63	43298	2018-02-06 13:15:00
2018-02-06 13:50:00	43305	5.13	81.948	13.624	-5.25	1.972	0.32	0.04	21.94	43310	2018-02-06 14:15:00
2018-02-07 00:20:00	43431	6.18	73.939	7.58	-2.347	2.49	0.717	0.09	5.92	43436	2018-02-07 00:45:00
2018-02-07 01:00:00	43439	6.3	87.487	8.677	-2.25	2.862	0.12	0.08	12.42	43444	2018-02-07 01:25:00
2018-02-07 01:45:00	43448	6.5	85.977	9.808	-2.087	2.622	0.172	0.09	20.23	43453	2018-02-07 02:10:00
2018-02-07 03:40:00	43471	6.67	63.641	12.321	-0.91	2.793	1.385	0.05	17.16	43476	2018-02-07 04:05:00
2018-02-07 04:10:00	43477	6.72	52.553	12.906	-1.825	1.75	1.315	0.07	22.30	43482	2018-02-07 04:35:00
2018-02-07 05:00:00	43487	6.8	66.748	13.826	-0.183	2.765	1.16	0.05	15.45	43492	2018-02-07 05:25:00
2018-02-07 05:30:00	43493	6.9	72.724	14.349	0.197	2.913	0.908	0.05	8.92	43498	2018-02-07 05:55:00
2018-02-07 06:00:00	43499	6.95	80.61	14.851	-0.107	2.943	0.488	0.08	8.57	43504	2018-02-07 06:25:00
2018-02-07 06:30:00	43505	6.82	82.579	15.335	0.593	3.067	0.393	0.09	17.83	43510	2018-02-07 06:55:00
2018-02-07 07:15:00	43514	6.63	73.551	16.026	-1.92	2.792	0.778	0.10	24.96	43519	2018-02-07 07:40:00
2018-02-07 08:05:00	43524	6.58	88.235	16.75	-1.815	2.635	0.07	0.10	17.51	43529	2018-02-07 08:30:00
2018-02-07 11:30:00	43565	6.48	119.193	19.303	-1.647	3.36	-1.878	0.03	3.28	43570	2018-02-07 11:55:00
2018-02-07 12:20:00	43575	6.32	70.226	19.837	-2.558	2.585	0.917	0.08	20.43	43580	2018-02-07 12:45:00
2018-02-07 12:50:00	43581	6.25	57.541	20.142	-2.797	2.577	1.66	0.10	20.13	43586	2018-02-07 13:15:00
2018-02-07 13:55:00	43594	6.47	62.969	20.766	-2.768	2.383	1.22	0.07	14.87	43599	2018-02-07 14:20:00
2018-02-09 01:55:00	43831	6.0	104.531	19.818	3.01	3.612	-0.872	0.08	25.74	43836	2018-02-09 02:20:00
2018-02-09 08:20:00	43879	5.55	65.389	14.737	-3.257	3.057	1.382	0.05	24.94	43884	2018-02-09 08:45:00
2018-02-09 20:20:00	43997	5.72	119.744	8.31	-1.36	3.402	-2.03	0.06	24.84	44002	2018-02-09 20:45:00
2018-02-09 22:00:00	44017	5.95	113.389	10.765	-0.462	4.07	-1.763	0.07	15.59	44022	2018-02-09 22:25:00
2018-02-09 23:30:00	44035	6.22	109.338	12.642	0.042	3.322	-1.143	0.10	20.86	44040	2018-02-09 23:55:00
2018-02-10 00:40:00	44049	6.27	101.144	13.939	-1.095	2.73	-0.557	0.09	18.32	44054	2018-02-10 01:05:00
2018-02-10 01:10:00	44055	6.42	94.708	14.457	1.225	3.582	-0.295	0.06	9.55	44060	2018-02-10 01:35:00
2018-02-10 02:05:00	44066	6.18	95.374	15.357	1.67	4.68	-0.45	0.08	8.70	44071	2018-02-10 02:30:00
2018-02-10 02:35:00	44072	6.25	92.961	15.821	2.057	4.307	-0.327	0.10	21.33	44077	2018-02-10 03:00:00
2018-02-10 09:55:00	44149	6.18	116.342	21.01	4.195	4.622	-2.255	0.05	27.01	44154	2018-02-10 10:20:00
2018-02-10 10:40:00	44158	6.38	114.841	21.401	3.747	4.93	-2.235	0.07	18.24	44163	2018-02-10 11:05:00
2018-02-10 11:45:00	44171	6.18	119.928	21.927	4.607	3.872	-2.212	0.06	20.66	44176	2018-02-10 12:10:00
2018-02-10 14:20:00	44202	6.43	124.346	23.009	4.077	1.167	-0.793	0.06	22.08	44207	2018-02-10 14:45:00
2018-02-12 02:15:00	44589	5.73	50.135	16.377	0.603	2.978	2.483	0.09	15.27	44594	2018-02-12 02:40:00
2018-02-15 04:20:00	45477	6.4	103.573	9.079	0.598	1.525	-0.367	0.07	10.10	45482	2018-02-15 04:45:00
2018-02-15 05:30:00	45491	6.42	100.428	7.156	0.628	1.64	-0.303	0.01	8.09	45496	2018-02-15 05:55:00
2018-02-15 17:50:00	45628	5.87	56.69	15.707	-4.79	5.79	3.81	0.03	15.26	45633	2018-02-15 18:15:00
2018-02-16 05:25:00	45767	6.1	53.284	22.89	-1.778	5.633	4.18	0.05	20.29	45772	2018-02-16 05:50:00
2018-02-17 13:35:00	46153	6.48	84.77	19.351	3.587	2.03	0.248	0.06	16.13	46158	2018-02-17 14:00:00
2018-02-17 14:05:00	46159	6.57	70.281	19.017	3.408	2.627	0.967	0.07	21.78	46164	2018-02-17 14:30:00
2018-02-17 23:20:00	46270	5.9	133.719	9.926	5.75	2.695	-2.52	0.09	17.80	46275	2018-02-17 23:45:00
2018-03-01 13:10:00	49362	6.62	56.704	7.386	2.647	1.595	1.075	0.03	24.44	49367	2018-03-01 13:35:00
2018-03-01 14:40:00	49380	6.62	54.141	9.761	2.38	1.732	1.265	0.04	27.78	49385	2018-03-01 15:05:00
2018-03-01 15:30:00	49390	6.3	126.79	10.913	2.255	2.513	-1.98	0.06	27.81	49395	2018-03-01 15:55:00
2018-03-04 21:20:00	50324	6.08	131.216	20.086	-3.312	2.188	-1.897	0.04	28.29	50329	2018-03-04 21:45:00
2018-03-05 01:05:00	50369	5.58	53.741	22.046	-4.352	3.623	2.67	0.06	16.94	50374	2018-03-05 01:30:00
2018-03-05 01:45:00	50377	6.05	74.905	22.338	1.118	5.747	1.512	0.07	23.23	50382	2018-03-05 02:10:00
2018-03-05 04:50:00	50414	5.57	45.348	23.488	-3.808	3.72	3.67	0.06	10.70	50419	2018-03-05 05:15:00
2018-03-05 06:30:00	50434	5.88	77.432	23.978	3.283	3.908	0.872	0.10	9.09	50439	2018-03-05 06:55:00
2018-03-06 09:15:00	50755	6.52	106.316	20.45	1.202	3.998	-1.158	0.09	22.18	50760	2018-03-06 09:40:00
2018-03-06 19:25:00	50877	5.38	82.947	11.805	1.227	4.977	0.662	0.09	23.45	50882	2018-03-06 19:50:00
2018-03-07 04:25:00	50985	6.77	76.526	7.594	2.727	2.205	0.513	0.08	25.74	50990	2018-03-07 04:50:00
2018-03-07 09:10:00	51042	6.02	64.818	13.9	-3.423	1.713	0.807	0.06	11.90	51047	2018-03-07 09:35:00
2018-03-07 09:40:00	51048	6.18	64.245	14.417	-3.408	1.845	0.832	0.05	27.73	51053	2018-03-07 10:05:00
2018-03-07 10:10:00	51054	6.2	52.756	14.915	-3.667	1.347	0.958	0.08	27.42	51059	2018-03-07 10:35:00
2018-03-07 12:00:00	51076	6.0	70.744	16.586	-1.16	3.617	1.243	0.09	12.75	51081	2018-03-07 12:25:00
2018-03-07 12:30:00	51082	6.05	75.246	17.003	-1.022	3.303	0.842	0.06	27.14	51087	2018-03-07 12:55:00
2018-03-07 13:00:00	51088	6.02	69.771	17.406	-0.837	3.415	1.26	0.07	14.44	51093	2018-03-07 13:25:00
2018-03-07 13:30:00	51094	6.03	60.457	17.795	-0.523	3.213	1.818	0.01	8.66	51099	2018-03-07 13:55:00
2018-03-08 20:30:00	51466	6.17	68.423	23.919	0.353	2.962	1.177	0.09	18.00	51471	2018-03-08 20:55:00
2018-03-08 21:40:00	51480	6.3	113.226	23.577	2.663	2.088	-0.912	0.03	20.98	51485	2018-03-08 22:05:00
2018-03-08 22:40:00	51492	6.45	87.893	23.248	2.398	1.688	0.042	0.10	12.32	51497	2018-03-08 23:05:00
2018-03-09 04:50:00	51566	5.95	70.015	20.444	1.613	5.033	1.863	0.04	11.43	51571	2018-03-09 05:15:00
2018-03-09 07:15:00	51595	5.08	51.597	18.929	0.03	4.652	3.675	0.06	21.20	51600	2018-03-09 07:40:00
2018-03-09 14:50:00	51686	5.03	76.501	11.99	-2.158	4.155	0.993	0.07	6.04	51691	2018-03-09 15:15:00
2018-03-09 15:40:00	51696	5.77	85.458	10.932	-2.328	3.145	0.243	0.08	13.30	51701	2018-03-09 16:05:00
2018-03-09 16:30:00	51706	6.47	91.948	9.783	-1.745	2.655	-0.088	0.10	10.70	51711	2018-03-09 16:55:00
2018-03-12 02:00:00	52331	6.7	72.201	19.547	0.585	3.243	1.04	0.05	16.36	52336	2018-03-12 02:25:00
2018-03-12 02:30:00	52337	6.68	75.441	19.222	0.502	3.298	0.86	0.05	18.27	52342	2018-03-12 02:55:00
2018-03-12 03:50:00	52353	6.6	47.231	18.295	-1.03	2.175	2.023	0.10	17.99	52358	2018-03-12 04:15:00
2018-03-24 02:10:00	55698	6.87	90.692	7.941	-4.74	0.708	0.018	0.06	28.45	55703	2018-03-24 02:35:00
2018-03-25 21:35:00	56219	6.42	124.692	22.743	-1.338	4.198	-2.89	0.06	29.46	56224	2018-03-25 22:00:00
2018-03-28 13:30:00	56982	6.1	115.171	23.947	2.288	1.167	-0.553	0.05	6.94	56987	2018-03-28 13:55:00
2018-03-29 00:25:00	57110	6.63	49.125	18.922	2.725	0.633	0.538	0.02	17.41	57115	2018-03-29 00:50:00
2018-03-29 22:40:00	57315	5.02	64.888	14.628	-2.382	4.727	2.19	0.08	14.87	57320	2018-03-29 23:05:00
2018-03-30 06:35:00	57410	6.42	90.137	20.601	-1.995	3.4	-0.047	0.06	23.76	57415	2018-03-30 07:00:00
2018-03-30 11:20:00	57467	6.95	120.63	22.82	2.308	2.6	-1.557	0.06	12.66	57472	2018-03-30 11:45:00
2018-03-31 09:05:00	57728	6.67	116.74	23.921	1.693	3.287	-1.65	0.09	17.11	57733	2018-03-31 09:30:00
2018-03-31 14:15:00	57790	6.72	127.973	22.089	-2.823	1.357	-1.072	0.01	20.67	57795	2018-03-31 14:40:00
2018-03-31 17:30:00	57829	6.37	71.79	20.447	-2.793	2.95	0.98	0.06	19.98	57834	2018-03-31 17:55:00
2018-03-31 18:00:00	57835	6.35	81.74	20.157	-2.658	3.322	0.452	0.04	25.79	57840	2018-03-31 18:25:00
2018-04-01 01:20:00	57923	6.97	76.816	14.442	0.492	3.648	0.847	0.08	24.49	57928	2018-04-01 01:45:00
2018-04-01 03:00:00	57943	6.08	55.915	12.641	-2.422	4.093	2.75	0.09	23.00	57948	2018-04-01 03:25:00
2018-04-01 12:35:00	58055	6.95	102.785	7.309	-3.643	2.597	-0.587	0.08	21.45	58060	2018-04-01 13:00:00
2018-04-01 13:05:00	58061	6.83	83.101	8.15	-4.08	2.663	0.338	0.05	25.21	58066	2018-04-01 13:30:00
2018-04-01 13:35:00	58067	6.65	75.719	8.939	-4.398	2.435	0.625	0.02	7.23	58072	2018-04-01 14:00:00
2018-04-01 14:05:00	58073	6.65	72.222	9.682	-4.785	1.687	0.532	0.01	10.13	58078	2018-04-01 14:30:00
2018-04-01 23:35:00	58183	6.72	54.561	19.023	-3.06	2.107	1.45	0.02	28.43	58188	2018-04-02 00:00:00
2018-04-02 06:30:00	58266	7.0	78.021	22.661	1.29	3.648	0.778	0.07	25.96	58271	2018-04-02 06:55:00
2018-04-02 07:30:00	58278	6.68	66.207	23.038	3.258	2.565	1.122	0.08	18.89	58283	2018-04-02 07:55:00
2018-04-02 08:00:00	58284	6.72	85.459	23.214	0.452	3.938	0.292	0.04	15.40	58289	2018-04-02 08:25:00
2018-04-02 08:45:00	58293	6.83	83.077	23.462	-0.757	3.527	0.428	0.08	5.69	58298	2018-04-02 09:10:00
2018-04-02 10:05:00	58309	6.5	90.494	23.858	-0.778	4.005	0.012	0.09	29.50	58314	2018-04-02 10:30:00
2018-04-03 08:35:00	58576	5.88	128.94	22.582	-3.068	0.673	-0.542	0.02	24.78	58581	2018-04-03 09:00:00
2018-04-03 09:05:00	58582	5.97	75.315	22.378	-3.077	0.942	0.235	0.02	25.45	58587	2018-04-03 09:30:00
2018-04-03 09:35:00	58588	6.02	74.271	22.164	-2.947	1.097	0.29	0.01	13.54	58593	2018-04-03 10:00:00
2018-04-03 10:45:00	58602	6.93	60.92	21.629	-1.542	1.092	0.607	0.08	11.69	58607	2018-04-03 11:10:00
2018-04-03 11:35:00	58612	6.13	45.443	21.216	-2.373	0.903	0.833	0.09	29.60	58617	2018-04-03 12:00:00
2018-04-03 13:55:00	58640	6.22	48.348	19.911	-1.872	1.38	1.223	0.09	9.00	58645	2018-04-03 14:20:00
2018-04-03 15:45:00	58662	5.98	68.311	18.718	-0.953	2.702	1.072	0.02	6.49	58667	2018-04-03 16:10:00
2018-04-03 17:20:00	58671	5.85	50.626	17.555	-2.008	1.997	1.612	0.03	20.76	58676	2018-04-03 17:45:00
2018-04-03 17:50:00	58677	5.93	55.98	17.159	-1.777	2.385	1.608	0.04	12.18	58682	2018-04-03 18:15:00
2018-04-03 18:20:00	58683	5.73	54.212	16.749	-2.002	2.357	1.693	0.01	7.72	58688	2018-04-03 18:45:00
2018-04-03 18:50:00	58689	5.7	47.759	16.323	-2.228	2.057	1.865	0.03	22.34	58694	2018-04-03 19:15:00
2018-04-03 19:50:00	58701	5.62	45.172	15.424	-2.58	1.992	1.96	0.04	15.93	58706	2018-04-03 20:15:00
2018-04-03 20:50:00	58713	6.07	51.934	14.454	-2.635	1.932	1.515	0.01	7.58	58718	2018-04-03 21:15:00
2018-04-03 22:10:00	58729	5.92	53.876	13.035	-2.44	3.293	2.403	0.05	5.82	58734	2018-04-03 22:35:00
2018-04-03 22:40:00	58735	6.18	59.049	12.461	-2.29	3.253	1.952	0.10	5.73	58740	2018-04-03 23:05:00
2018-04-03 23:10:00	58741	6.15	63.477	11.861	-2.6	3.2	1.597	0.03	3.48	58746	2018-04-03 23:35:00
2018-04-03 23:40:00	58747	5.97	59.191	11.233	-2.523	3.255	1.965	0.08	22.05	58752	2018-04-04 00:05:00
2018-04-04 00:10:00	58753	6.1	53.184	10.574	-2.595	2.76	2.05	0.08	7.57	58758	2018-04-04 00:35:00
2018-04-04 00:55:00	58762	6.52	56.538	9.519	-2.462	2.48	1.605	0.08	15.07	58767	2018-04-04 01:20:00
2018-04-04 08:30:00	58853	6.18	54.645	7.994	-2.897	2.743	1.948	0.02	7.52	58858	2018-04-04 08:55:00
2018-04-04 09:00:00	58859	6.17	96.002	8.792	-2.682	3.538	-0.417	0.03	26.29	58864	2018-04-04 09:25:00
2018-04-04 11:10:00	58885	6.45	127.046	11.778	-1.125	2.69	-2.013	0.03	12.20	58890	2018-04-04 11:35:00
2018-04-04 14:10:00	58918	6.67	121.943	15.045	0.89	3.44	-2.133	0.07	28.69	58923	2018-04-04 14:35:00
2018-04-04 14:40:00	58924	6.75	101.233	15.517	0.263	3.538	-0.71	0.02	21.50	58929	2018-04-04 15:05:00
2018-04-04 16:45:00	58949	6.52	61.573	17.307	0.252	3.207	1.708	0.08	29.24	58954	2018-04-04 17:10:00
2018-04-05 02:40:00	59068	6.38	49.618	22.916	-0.925	2.837	2.358	0.06	27.59	59073	2018-04-05 03:05:00
2018-04-05 03:40:00	59080	6.02	59.716	23.272	-1.283	4.482	2.613	0.06	11.97	59085	2018-04-05 04:05:00
2018-04-05 05:00:00	59096	5.88	65.013	23.695	-1.655	4.85	2.262	0.10	28.98	59101	2018-04-05 05:25:00
2018-04-05 05:30:00	59102	6.35	64.1	23.839	-2.283	4.175	2.013	0.04	28.56	59107	2018-04-05 05:55:00
2018-04-05 06:00:00	59108	6.43	77.519	23.975	-2.117	4.543	0.973	0.03	18.12	59113	2018-04-05 06:25:00
2018-04-06 00:25:00	59324	6.1	51.897	23.86	-5.285	1.372	1.093	0.06	19.10	59329	2018-04-06 00:50:00
2018-04-06 01:15:00	59334	5.83	45.661	23.618	-5.35	1.357	1.247	0.03	25.63	59339	2018-04-06 01:40:00
2018-04-06 07:15:00	59348	6.2	80.495	21.181	-3.477	1.612	0.328	0.05	25.05	59353	2018-04-06 07:40:00
2018-04-06 08:10:00	59359	6.03	66.408	20.691	-1.523	2.413	1.032	0.04	24.46	59364	2018-04-06 08:35:00
2018-04-06 08:40:00	59365	6.05	64.936	20.41	-2.408	3.047	1.387	0.08	18.03	59370	2018-04-06 09:05:00
2018-04-06 09:10:00	59371	5.67	52.539	20.118	-3.86	2.295	1.762	0.08	11.42	59376	2018-04-06 09:35:00
2018-04-06 09:40:00	59377	5.77	64.105	19.815	-3.738	2.415	1.172	0.05	8.38	59382	2018-04-06 10:05:00
2018-04-06 10:10:00	59383	5.72	54.276	19.501	-4.082	1.512	1.108	0.04	19.71	59388	2018-04-06 10:35:00
2018-04-06 10:40:00	59389	5.92	61.538	19.176	-3.625	2.258	1.188	0.09	24.62	59394	2018-04-06 11:05:00
2018-04-06 11:10:00	59395	5.85	64.852	18.839	-3.572	2.543	1.192	0.03	8.18	59400	2018-04-06 11:35:00
2018-04-06 12:00:00	59405	6.18	69.007	18.249	-2.523	2.938	1.127	0.07	8.55	59410	2018-04-06 12:25:00
2018-04-06 12:30:00	59411	5.8	59.195	17.878	-3.363	2.31	1.372	0.06	19.04	59416	2018-04-06 12:55:00
2018-04-06 13:00:00	59417	5.72	82.999	17.494	-3.573	2.752	0.34	0.04	7.44	59422	2018-04-06 13:25:00
2018-04-06 13:30:00	59423	5.6	70.516	17.095	-3.9	2.308	0.808	0.09	10.29	59428	2018-04-06 13:55:00
2018-04-07 23:40:00	59832	6.55	90.116	23.432	2.875	2.065	0.02	0.09	26.62	59837	2018-04-08 00:05:00
2018-04-08 00:30:00	59842	6.58	59.022	23.692	3.547	1.448	0.838	0.07	26.47	59847	2018-04-08 00:55:00
2018-04-14 10:40:00	61596	5.68	45.706	23.989	3.987	1.237	1.188	0.07	27.19	61601	2018-04-14 11:05:00
2018-04-18 10:00:00	62628	5.73	127.951	7.333	3.365	2.078	-1.578	0.08	26.41	62633	2018-04-18 10:25:00
2018-04-19 00:30:00	62802	5.25	79.98	21.114	2.51	2.787	0.527	0.02	27.71	62807	2018-04-19 00:55:00
2018-04-19 01:00:00	62808	5.35	100.512	21.37	2.765	2.55	-0.465	0.02	20.24	62813	2018-04-19 01:25:00
2018-04-19 01:30:00	62814	5.37	98.171	21.615	2.48	2.728	-0.353	0.02	28.28	62819	2018-04-19 01:55:00
2018-04-19 02:00:00	62820	5.37	92.761	21.851	2.657	2.643	-0.105	0.08	18.68	62825	2018-04-19 02:25:00
2018-04-19 02:35:00	62827	6.0	96.58	22.115	1.545	2.182	-0.247	0.08	7.92	62832	2018-04-19 03:00:00
2018-04-19 04:25:00	62849	6.07	126.549	22.865	0.998	1.66	-1.247	0.08	22.85	62854	2018-04-19 04:50:00
2018-04-19 04:55:00	62855	6.08	134.598	23.05	0.545	1.638	-1.613	0.08	9.88	62860	2018-04-19 05:20:00
2018-04-20 06:55:00	63161	5.45	104.154	22.242	-5.63	14.978	-3.745	0.09	23.02	63166	2018-04-20 07:20:00
2018-04-21 11:10:00	63500	6.47	63.922	14.585	4.882	2.735	1.338	0.05	20.23	63505	2018-04-21 11:35:00
2018-04-23 02:00:00	63888	6.18	66.265	22.471	2.898	2.018	0.852	0.05	11.58	63893	2018-04-23 02:25:00
2018-04-24 05:55:00	64223	6.22	107.513	13.689	3.065	1.147	-0.357	0.06	14.14	64228	2018-04-24 06:20:00
2018-04-24 06:45:00	64233	6.43	119.823	14.552	2.767	0.865	-0.492	0.07	25.82	64238	2018-04-24 07:10:00
2018-04-25 23:45:00	64723	5.52	134.358	21.487	2.41	2.338	-2.273	0.06	15.68	64728	2018-04-26 00:10:00
2018-04-26 00:25:00	64731	5.55	103.45	21.151	1.555	3.635	-0.865	0.06	24.68	64736	2018-04-26 00:50:00
2018-04-26 13:20:00	64886	6.97	55.463	9.915	-3.043	2.495	1.677	0.09	27.68	64891	2018-04-26 13:45:00
2018-04-26 23:25:00	65007	5.95	81.098	11.235	-0.667	4.055	0.638	0.08	5.96	65012	2018-04-26 23:50:00
2018-04-27 06:35:00	65092	6.5	57.86	18.188	-1.362	2.498	1.59	0.06	24.90	65097	2018-04-27 07:00:00
2018-04-27 07:45:00	65106	5.4	51.046	19.008	-3.723	1.81	1.483	0.06	21.54	65111	2018-04-27 08:10:00
2018-04-28 14:30:00	65364	5.97	76.34	23.419	-3.437	3.018	0.735	0.05	9.57	65369	2018-04-28 14:55:00
2018-04-28 15:00:00	65370	5.9	66.281	23.253	-3.508	2.962	1.293	0.04	11.34	65375	2018-04-28 15:25:00
2018-04-28 15:30:00	65376	6.08	72.61	23.079	-2.51	3.603	1.122	0.06	9.09	65381	2018-04-28 15:55:00
2018-04-28 16:00:00	65382	6.07	78.523	22.896	-0.468	4.433	0.888	0.03	14.10	65387	2018-04-28 16:25:00
2018-04-28 16:50:00	65392	5.88	75.824	22.573	0.577	4.868	1.22	0.08	16.38	65397	2018-04-28 17:15:00
2018-04-28 22:40:00	65462	6.08	104.74	19.584	2.67	1.387	-0.367	0.07	7.25	65467	2018-04-28 23:05:00
2018-04-28 23:10:00	65468	5.95	87.86	19.262	2.107	2.303	0.1	0.07	14.52	65473	2018-04-28 23:35:00
2018-04-28 23:45:00	65475	5.98	90.525	18.871	0.317	2.697	-0.01	0.06	20.54	65480	2018-04-29 00:10:00
2018-04-29 01:25:00	65495	5.85	59.795	17.661	-3.108	1.47	0.888	0.02	25.85	65500	2018-04-29 01:50:00
2018-04-29 03:35:00	65521	5.6	57.339	15.855	-3.038	2.04	1.282	0.04	24.88	65526	2018-04-29 04:00:00
2018-04-29 04:05:00	65527	5.52	82.163	15.396	-2.913	2.602	0.357	0.05	8.19	65532	2018-04-29 04:30:00
2018-04-29 05:25:00	65543	5.52	83.917	14.082	-3.085	2.602	0.273	0.09	11.19	65548	2018-04-29 05:50:00
2018-04-29 05:55:00	65549	5.25	85.839	13.552	-2.993	3.118	0.223	0.03	4.59	65554	2018-04-29 06:20:00
2018-04-29 06:25:00	65555	5.25	85.754	13.0	-3.247	2.883	0.212	0.08	10.99	65560	2018-04-29 06:50:00
2018-04-29 07:25:00	65567	6.8	101.469	11.823	-2.558	1.772	-0.36	0.09	2.88	65572	2018-04-29 07:50:00
2018-04-29 07:55:00	65573	6.75	104.448	11.192	-2.767	1.395	-0.348	0.03	9.67	65578	2018-04-29 08:20:00
2018-04-29 08:40:00	65582	5.73	88.503	10.188	-1.253	4.12	0.11	0.10	6.84	65587	2018-04-29 09:05:00
2018-04-29 09:10:00	65588	5.52	85.244	9.474	-1.943	4.208	0.352	0.06	12.67	65593	2018-04-29 09:35:00
2018-04-29 09:40:00	65594	5.5	76.426	8.718	-2.365	3.98	0.958	0.06	5.34	65599	2018-04-29 10:05:00
2018-04-30 09:30:00	65880	5.3	56.156	22.368	-3.857	4.502	3.025	0.10	10.79	65885	2018-04-30 09:55:00
2018-04-30 10:55:00	65897	5.62	77.101	22.928	-3.042	4.955	1.1	0.06	16.94	65902	2018-04-30 11:20:00
2018-05-01 11:05:00	66187	5.13	85.481	23.061	-4.003	2.183	0.175	0.02	23.49	66192	2018-05-01 11:30:00
2018-05-02 02:20:00	66370	5.1	74.442	12.55	-3.168	2.947	0.932	0.06	19.18	66375	2018-05-02 02:45:00
2018-05-02 04:00:00	66389	5.45	111.233	10.449	-2.157	4.183	-1.602	0.07	28.64	66394	2018-05-02 04:25:00
2018-05-02 04:30:00	66395	5.38	119.399	9.749	-2.373	3.885	-2.19	0.06	15.85	66400	2018-05-02 04:55:00
2018-05-02 05:25:00	66406	5.47	99.324	8.357	-1.877	4.318	-0.722	0.03	29.86	66411	2018-05-02 05:50:00
2018-05-02 05:55:00	66412	5.47	106.504	7.529	-2.788	3.203	-1.032	0.03	25.41	66417	2018-05-02 06:20:00
2018-05-02 19:10:00	66571	5.78	70.574	16.219	-1.083	3.413	1.21	0.07	22.54	66576	2018-05-02 19:35:00
2018-05-02 20:40:00	66589	5.67	73.157	17.464	-0.857	3.288	0.942	0.09	28.51	66594	2018-05-02 21:05:00
2018-05-03 01:00:00	66641	5.45	65.727	20.39	-1.162	4.663	2.108	0.08	24.03	66646	2018-05-03 01:25:00
2018-05-03 02:25:00	66658	5.22	69.579	21.164	-2.282	4.73	1.785	0.05	27.42	66663	2018-05-03 02:50:00
2018-05-03 08:55:00	66736	5.7	63.556	23.764	-2.838	2.01	0.988	0.05	26.27	66741	2018-05-03 09:20:00
2018-05-04 04:35:00	66971	6.4	82.032	23.766	0.832	3.093	0.432	0.08	20.75	66976	2018-05-04 05:00:00
2018-05-04 05:05:00	66977	6.22	58.276	23.617	-0.762	2.545	1.573	0.05	20.49	66982	2018-05-04 05:30:00
2018-05-04 05:35:00	66983	6.18	81.693	23.46	-1.613	2.892	0.437	0.05	28.29	66988	2018-05-04 06:00:00
2018-05-05 00:40:00	67211	5.45	115.451	8.93	3.547	2.158	-1.018	0.09	26.46	67216	2018-05-05 01:05:00
2018-05-05 08:10:00	67301	6.42	103.818	8.557	-0.547	2.645	-0.652	0.06	5.12	67306	2018-05-05 08:35:00
2018-05-12 15:55:00	69276	6.45	46.903	23.591	3.682	1.567	1.485	0.06	10.83	69281	2018-05-12 16:20:00
2018-05-15 16:40:00	70146	6.07	128.613	21.545	0.352	3.06	-2.437	0.05	23.12	70151	2018-05-15 17:05:00
2018-05-16 00:30:00	70240	6.8	50.392	16.358	2.192	1.665	1.372	0.04	19.91	70245	2018-05-16 00:55:00
2018-05-16 01:30:00	70252	6.83	48.475	15.458	2.63	1.457	1.3	0.08	12.47	70257	2018-05-16 01:55:00
2018-05-16 02:40:00	70266	6.07	47.846	14.318	2.685	2.3	2.06	0.08	12.34	70271	2018-05-16 03:05:00
2018-05-16 03:20:00	70274	6.1	53.376	13.618	2.77	2.46	1.84	0.07	10.09	70279	2018-05-16 03:45:00
2018-05-16 03:50:00	70280	5.95	55.91	13.067	2.427	2.912	1.965	0.03	13.26	70285	2018-05-16 04:15:00
2018-05-16 04:20:00	70286	5.88	49.452	12.492	2.935	2.41	2.063	0.02	3.23	70291	2018-05-16 04:45:00
2018-05-16 04:50:00	70292	5.93	59.79	11.891	2.733	2.813	1.632	0.02	7.63	70297	2018-05-16 05:15:00
2018-05-16 05:20:00	70298	5.98	61.027	11.262	2.905	2.592	1.437	0.05	26.81	70303	2018-05-16 05:45:00
2018-05-16 05:50:00	70304	6.07	76.355	10.602	2.84	2.93	0.71	0.10	7.94	70309	2018-05-16 06:15:00
2018-05-16 06:20:00	70310	6.3	82.696	9.908	2.547	2.762	0.35	0.05	8.76	70315	2018-05-16 06:45:00
2018-05-16 06:50:00	70316	6.2	76.454	9.174	3.312	2.227	0.537	0.02	2.82	70321	2018-05-16 07:15:00
2018-05-16 07:20:00	70322	6.12	82.485	8.397	3.275	2.525	0.333	0.06	3.70	70327	2018-05-16 07:45:00
2018-05-16 07:50:00	70328	6.07	83.637	7.569	3.388	2.483	0.277	0.05	4.47	70333	2018-05-16 08:15:00
2018-05-16 13:55:00	70400	6.17	130.027	7.62	3.888	2.063	-1.785	0.09	26.78	70405	2018-05-16 14:20:00
2018-05-16 14:25:00	70406	6.23	115.67	8.445	3.76	2.648	-1.275	0.06	10.35	70411	2018-05-16 14:50:00
2018-05-16 15:15:00	70416	6.5	98.354	9.711	3.037	2.233	-0.318	0.10	15.86	70421	2018-05-16 15:40:00
2018-05-17 01:00:00	70533	5.5	133.082	19.231	3.767	4.187	-3.873	0.06	22.80	70538	2018-05-17 01:25:00
2018-05-18 16:55:00	70968	6.28	71.308	18.851	2.538	2.49	0.77	0.09	21.25	70973	2018-05-18 17:20:00
2018-05-18 17:25:00	70974	5.98	48.592	18.501	3.247	1.487	1.282	0.03	10.37	70979	2018-05-18 17:50:00
2018-05-24 14:40:00	72551	6.75	59.285	13.072	3.568	1.007	0.593	0.09	27.28	72556	2018-05-24 15:05:00
2018-05-25 04:40:00	72654	6.83	85.852	13.025	1.378	2.402	0.178	0.08	9.81	72659	2018-05-25 05:05:00
2018-05-25 08:50:00	72704	6.53	95.821	17.034	-2.382	2.1	-0.215	0.08	15.45	72709	2018-05-25 09:15:00
2018-05-25 10:35:00	72725	6.57	61.296	18.381	-2.735	0.9	0.488	0.05	25.73	72730	2018-05-25 11:00:00
2018-05-25 11:25:00	72735	6.47	120.603	18.965	-2.658	1.38	-0.84	0.08	25.76	72740	2018-05-25 11:50:00
2018-05-25 14:25:00	72771	6.33	62.769	20.802	-2.353	1.877	0.967	0.05	18.06	72776	2018-05-25 14:50:00
2018-05-25 14:55:00	72777	6.43	56.97	21.071	-2.265	1.827	1.195	0.05	10.71	72782	2018-05-25 15:20:00
2018-05-25 15:25:00	72783	6.45	60.446	21.33	-2.093	1.93	1.085	0.07	11.15	72788	2018-05-25 15:50:00
2018-05-25 15:55:00	72789	6.42	57.684	21.579	-2.13	1.978	1.243	0.08	14.64	72794	2018-05-25 16:20:00
2018-05-25 18:20:00	72818	6.23	79.219	22.651	-1.548	2.77	0.537	0.07	10.62	72823	2018-05-25 18:45:00
2018-05-25 19:35:00	72833	6.3	62.925	23.124	-0.202	2.733	1.372	0.10	29.69	72838	2018-05-25 20:00:00
2018-05-25 22:20:00	72866	5.6	69.988	23.984	-3.648	1.597	0.582	0.08	7.31	72871	2018-05-25 22:45:00
2018-05-26 18:45:00	73111	6.2	88.015	23.326	0.378	4.13	0.15	0.08	20.71	73116	2018-05-26 19:10:00
2018-05-27 14:05:00	73343	5.82	81.037	15.141	-2.43	2.753	0.405	0.08	23.93	73348	2018-05-27 14:30:00
2018-05-27 14:35:00	73349	5.9	86.653	14.968	-1.37	3.43	0.172	0.04	25.42	73354	2018-05-27 15:00:00
2018-05-27 16:40:00	73374	5.53	53.888	14.286	-3.378	2.835	2.07	0.04	29.41	73379	2018-05-27 17:05:00
2018-05-27 17:15:00	73381	5.63	94.959	14.107	-3.553	3.193	-0.343	0.04	24.67	73386	2018-05-27 17:40:00
2018-05-27 17:45:00	73387	5.3	87.13	13.959	-4.462	3.015	0.103	0.05	26.38	73392	2018-05-27 18:10:00
2018-05-27 18:15:00	73393	5.3	90.325	13.815	-4.04	3.797	0.028	0.04	14.10	73398	2018-05-27 18:40:00
2018-05-27 19:10:00	73404	5.23	95.093	13.563	-3.617	4.862	-0.437	0.04	6.74	73409	2018-05-27 19:35:00
2018-05-27 19:55:00	73413	5.9	91.192	13.369	-1.623	5.28	-0.107	0.03	14.05	73418	2018-05-27 20:20:00
2018-05-28 03:40:00	73506	6.07	109.755	16.446	-2.652	2.507	-0.898	0.07	21.16	73511	2018-05-28 04:05:00
2018-05-28 07:40:00	73554	6.1	107.97	19.444	-2.247	3.133	-1.0	0.09	27.17	73559	2018-05-28 08:05:00
2018-05-28 10:45:00	73591	5.8	54.0	21.231	-1.723	3.365	2.418	0.03	23.19	73596	2018-05-28 11:10:00
2018-05-28 11:20:00	73598	5.77	130.42	21.526	-1.157	3.405	-2.907	0.08	22.02	73603	2018-05-28 11:45:00
2018-05-28 13:40:00	73626	5.78	95.346	22.575	-0.267	4.32	-0.41	0.09	21.26	73631	2018-05-28 14:05:00
2018-05-28 14:10:00	73632	5.57	131.072	22.775	-1.697	3.197	-2.75	0.04	18.72	73637	2018-05-28 14:35:00
2018-05-28 15:10:00	73644	5.65	67.033	23.148	-2.558	2.968	1.252	0.08	23.79	73649	2018-05-28 15:35:00
2018-05-29 12:10:00	73896	5.95	93.819	23.987	-2.447	1.855	-0.178	0.06	18.71	73901	2018-05-29 12:35:00
2018-05-29 13:40:00	73914	5.98	91.054	23.547	-2.508	1.827	-0.07	0.06	17.13	73919	2018-05-29 14:05:00
2018-05-29 14:15:00	73921	6.2	94.572	23.356	-1.33	3.05	-0.24	0.07	13.32	73926	2018-05-29 14:40:00
2018-05-29 14:45:00	73927	6.1	91.379	23.184	-1.098	3.235	-0.088	0.09	17.65	73932	2018-05-29 15:10:00
2018-05-29 17:05:00	73955	5.43	113.882	22.267	-3.292	1.657	-0.708	0.03	22.33	73960	2018-05-29 17:30:00
2018-05-29 17:40:00	73962	5.9	69.494	22.007	-1.018	2.755	1.018	0.07	17.68	73967	2018-05-29 18:05:00
2018-05-29 18:10:00	73968	6.15	64.899	21.775	-0.698	2.663	1.247	0.06	16.43	73973	2018-05-29 18:35:00
2018-05-29 20:35:00	73997	6.07	115.73	20.516	-0.058	2.832	-1.37	0.07	17.18	74002	2018-05-29 21:00:00
2018-05-29 21:05:00	74003	5.35	94.137	20.225	-2.112	1.927	-0.248	0.06	29.67	74008	2018-05-29 21:30:00
2018-05-29 21:40:00	74010	5.83	94.758	19.873	-2.018	2.237	-0.197	0.04	27.64	74015	2018-05-29 22:05:00
2018-05-29 22:10:00	74016	5.95	94.662	19.559	-1.222	2.73	-0.232	0.10	13.17	74021	2018-05-29 22:35:00
2018-05-29 22:40:00	74022	6.08	111.409	19.234	-0.702	2.655	-1.05	0.06	14.81	74027	2018-05-29 23:05:00
2018-05-30 02:25:00	74067	6.05	46.453	16.382	-1.908	1.463	1.41	0.05	27.96	74072	2018-05-30 02:50:00
2018-05-30 04:45:00	74095	5.92	114.888	14.168	-1.262	2.653	-1.218	0.09	28.33	74100	2018-05-30 05:10:00
2018-05-30 05:35:00	74105	5.57	109.569	13.274	-0.605	3.328	-1.195	0.05	21.78	74110	2018-05-30 06:00:00
2018-05-30 06:45:00	74119	5.55	52.655	11.91	-1.783	2.872	2.197	0.08	23.14	74124	2018-05-30 07:10:00
2018-05-30 16:15:00	74195	5.88	89.815	8.352	-1.295	3.577	-0.045	0.09	19.95	74200	2018-05-30 16:40:00
2018-05-30 17:05:00	74205	6.18	91.329	9.631	1.37	4.635	-0.097	0.08	13.71	74210	2018-05-30 17:30:00
2018-05-30 17:35:00	74211	6.15	75.625	10.342	0.392	4.473	1.142	0.08	13.15	74216	2018-05-30 18:00:00
2018-05-30 18:05:00	74217	6.02	66.926	11.017	-1.37	3.613	1.408	0.08	29.34	74222	2018-05-30 18:30:00
