Start_str	Start_ind	Mgs#_avg	Clang_avg	Rmag_avg	Bx_avg(nT)	By_avg(nT)	Bz_avg(nT)	Bdeviat	Dtheta	End_ind	End_str
2020-09-01 02:20:00	28	6.9	112.376	14.807	-1.533	4.035	-1.625	0.07	29.70	33	2020-09-01 02:45:00
2020-09-01 04:35:00	55	5.95	78.074	12.339	-5.15	3.482	0.693	0.07	21.61	60	2020-09-01 05:00:00
2020-09-04 18:20:00	1083	5.6	122.349	9.897	-2.69	3.307	-2.092	0.06	23.84	1088	2020-09-04 18:45:00
2020-09-04 19:00:00	1091	5.6	108.342	8.949	-2.453	3.6	-1.23	0.04	24.39	1096	2020-09-04 19:25:00
2020-09-05 02:15:00	1177	5.82	96.819	7.108	-3.003	3.022	-0.372	0.03	16.84	1182	2020-09-05 02:40:00
2020-09-05 02:45:00	1183	5.52	102.044	7.912	-3.375	2.745	-0.595	0.03	19.31	1188	2020-09-05 03:10:00
2020-09-05 03:35:00	1193	5.23	82.26	9.166	-3.835	1.958	0.233	0.03	27.48	1198	2020-09-05 04:00:00
2020-09-05 04:10:00	1200	5.45	125.3	9.988	-3.515	2.148	-1.462	0.02	25.50	1205	2020-09-05 04:35:00
2020-09-05 04:55:00	1209	5.55	114.278	10.986	-3.162	2.845	-1.302	0.00	16.12	1214	2020-09-05 05:20:00
2020-09-05 05:25:00	1215	5.48	114.637	11.617	-3.377	2.52	-1.162	0.02	24.36	1220	2020-09-05 05:50:00
2020-09-05 06:00:00	1222	5.63	122.105	12.324	-2.607	2.898	-1.813	0.04	23.44	1227	2020-09-05 06:25:00
2020-09-05 06:45:00	1231	5.73	119.557	13.188	-1.988	3.487	-2.038	0.06	27.02	1236	2020-09-05 07:10:00
2020-09-05 08:10:00	1248	5.35	134.311	14.701	-4.105	1.6	-1.557	0.03	19.68	1253	2020-09-05 08:35:00
2020-09-05 09:05:00	1258	5.72	121.471	15.607	-2.397	3.203	-1.915	0.02	25.96	1263	2020-09-05 09:30:00
2020-09-07 12:45:00	1878	6.0	104.244	23.997	0.36	4.53	-1.148	0.02	9.94	1883	2020-09-07 13:10:00
2020-09-07 13:15:00	1884	6.17	108.711	23.762	0.895	4.423	-1.498	0.01	5.01	1889	2020-09-07 13:40:00
2020-09-07 14:00:00	1893	6.4	110.987	23.395	1.537	4.137	-1.587	0.03	9.74	1898	2020-09-07 14:25:00
2020-09-07 14:35:00	1900	6.2	99.127	23.097	-0.057	4.635	-0.755	0.05	26.66	1905	2020-09-07 15:00:00
2020-09-07 15:05:00	1906	6.23	104.226	22.834	0.442	4.8	-1.217	0.03	6.96	1911	2020-09-07 15:30:00
2020-09-07 15:35:00	1912	6.1	108.247	22.563	0.815	4.622	-1.498	0.02	21.94	1917	2020-09-07 16:00:00
2020-09-07 16:05:00	1918	5.6	86.947	22.284	-1.792	4.725	0.225	0.06	13.38	1923	2020-09-07 16:30:00
2020-09-07 16:35:00	1924	5.48	78.84	21.997	-2.365	4.18	0.817	0.01	17.09	1929	2020-09-07 17:00:00
2020-09-07 17:05:00	1930	5.48	68.093	21.701	-2.555	3.833	1.542	0.01	5.84	1935	2020-09-07 17:30:00
2020-09-07 17:35:00	1936	5.43	60.86	21.397	-2.845	3.358	1.868	0.01	10.67	1941	2020-09-07 18:00:00
2020-09-07 18:05:00	1942	5.58	66.206	21.083	-2.772	3.418	1.532	0.08	24.23	1947	2020-09-07 18:30:00
2020-09-07 18:35:00	1948	5.68	84.954	20.761	-2.292	4.095	0.352	0.06	18.66	1953	2020-09-07 19:00:00
2020-09-07 19:05:00	1954	5.65	84.864	20.429	-1.773	4.542	0.408	0.02	5.12	1959	2020-09-07 19:30:00
2020-09-07 19:35:00	1960	5.63	85.705	20.088	-1.568	4.575	0.337	0.03	8.45	1965	2020-09-07 20:00:00
2020-09-07 20:05:00	1966	5.53	85.511	19.737	-2.072	4.278	0.327	0.01	16.40	1971	2020-09-07 20:30:00
2020-09-07 20:35:00	1972	5.33	74.919	19.376	-2.858	3.675	0.99	0.02	1.82	1977	2020-09-07 21:00:00
2020-09-07 21:05:00	1978	5.38	78.57	19.004	-2.543	4.03	0.81	0.03	6.80	1983	2020-09-07 21:30:00
2020-09-07 21:35:00	1984	5.43	82.024	18.621	-2.402	4.293	0.602	0.02	4.95	1989	2020-09-07 22:00:00
2020-09-07 22:05:00	1990	5.22	84.021	18.227	-2.813	4.133	0.433	0.01	9.60	1995	2020-09-07 22:30:00
2020-09-07 22:35:00	1996	5.05	76.029	17.821	-3.137	3.805	0.943	0.03	7.68	2001	2020-09-07 23:00:00
2020-09-07 23:45:00	2010	6.18	72.319	16.826	-2.962	2.368	0.755	0.09	6.67	2015	2020-09-08 00:10:00
2020-09-08 00:15:00	2016	6.02	77.822	16.378	-2.857	2.473	0.542	0.07	12.41	2021	2020-09-08 00:40:00
2020-09-08 01:00:00	2025	5.55	83.211	15.679	-2.487	3.677	0.368	0.10	28.60	2030	2020-09-08 01:25:00
2020-09-08 01:35:00	2032	5.28	76.376	15.112	-3.165	3.042	0.708	0.03	15.15	2037	2020-09-08 02:00:00
2020-09-08 02:20:00	2041	5.38	85.999	14.351	-2.792	3.03	0.168	0.09	26.75	2046	2020-09-08 02:45:00
2020-09-08 02:50:00	2047	5.38	101.702	13.822	-2.065	3.538	-0.735	0.03	5.45	2052	2020-09-08 03:15:00
2020-09-08 04:40:00	2069	5.15	133.845	11.714	-3.253	1.66	-1.575	0.04	12.01	2074	2020-09-08 05:05:00
2020-09-08 05:45:00	2082	5.43	108.788	10.322	-3.475	1.802	-0.617	0.02	11.27	2087	2020-09-08 06:10:00
2020-09-08 06:15:00	2088	5.45	123.584	9.636	-3.263	1.787	-1.203	0.03	18.80	2093	2020-09-08 06:40:00
2020-09-12 05:20:00	3229	6.0	106.881	12.073	-2.0	2.81	-0.843	0.04	23.55	3234	2020-09-12 05:45:00
2020-09-12 14:25:00	3338	5.45	122.31	20.292	-1.302	4.037	-2.598	0.09	23.62	3343	2020-09-12 14:50:00
2020-09-12 16:20:00	3361	5.25	64.518	21.528	-4.275	1.425	0.672	0.02	13.44	3366	2020-09-12 16:45:00
2020-09-12 16:50:00	3367	5.38	76.56	21.829	-3.848	1.777	0.432	0.10	17.13	3372	2020-09-12 17:15:00
2020-09-12 18:00:00	3381	5.45	118.539	22.498	-1.475	3.548	-1.93	0.02	8.68	3386	2020-09-12 18:25:00
2020-09-12 18:30:00	3387	5.37	107.748	22.771	-2.272	3.495	-1.112	0.04	13.04	3392	2020-09-12 18:55:00
2020-09-12 19:00:00	3393	5.35	114.624	23.036	-2.723	2.732	-1.328	0.06	25.78	3398	2020-09-12 19:25:00
2020-09-12 19:30:00	3399	5.43	131.195	23.294	-0.78	3.11	-2.742	0.09	17.23	3404	2020-09-12 19:55:00
2020-09-12 20:40:00	3413	5.72	121.989	23.865	2.107	3.263	-2.003	0.03	25.33	3418	2020-09-12 21:05:00
2020-09-14 13:30:00	3887	5.2	72.193	23.496	-5.507	5.345	1.642	0.06	24.66	3892	2020-09-14 13:55:00
2020-09-14 16:00:00	3917	5.08	53.816	22.163	-6.317	3.273	2.368	0.03	17.31	3922	2020-09-14 16:25:00
2020-09-14 16:30:00	3923	5.08	54.623	21.872	-5.875	3.805	2.642	0.02	28.88	3928	2020-09-14 16:55:00
2020-09-14 17:00:00	3929	5.03	64.05	21.572	-5.605	4.165	2.048	0.02	17.91	3934	2020-09-14 17:25:00
2020-09-14 17:45:00	3938	5.17	62.031	21.107	-5.708	3.193	1.605	0.09	29.42	3943	2020-09-14 18:10:00
2020-09-14 18:25:00	3946	5.48	96.032	20.676	-5.778	0.72	-0.073	0.02	23.50	3951	2020-09-14 18:50:00
2020-09-14 18:55:00	3952	5.48	101.707	20.342	-5.288	1.665	-0.393	0.04	22.12	3957	2020-09-14 19:20:00
2020-09-14 19:25:00	3958	5.47	89.07	19.998	-4.515	2.975	0.048	0.07	6.77	3963	2020-09-14 19:50:00
2020-09-14 19:55:00	3964	5.5	80.726	19.644	-4.797	1.262	0.222	0.06	17.65	3969	2020-09-14 20:20:00
2020-09-14 20:45:00	3974	5.32	121.465	19.032	-5.023	1.637	-0.917	0.08	28.01	3979	2020-09-14 21:10:00
2020-09-14 21:40:00	3985	5.4	96.776	18.323	-3.717	3.082	-0.372	0.07	27.27	3990	2020-09-14 22:05:00
2020-09-14 22:25:00	3994	5.13	119.497	17.715	-3.553	2.932	-1.647	0.06	27.75	3999	2020-09-14 22:50:00
2020-09-14 23:00:00	4001	5.03	132.739	17.222	-3.143	2.672	-2.483	0.10	13.81	4006	2020-09-14 23:25:00
2020-09-15 02:05:00	4038	5.68	121.454	14.304	-1.55	2.538	-1.572	0.04	20.10	4043	2020-09-15 02:30:00
2020-09-15 03:10:00	4047	5.45	133.365	13.131	-1.662	2.47	-2.335	0.09	15.55	4052	2020-09-15 03:35:00
2020-09-15 03:40:00	4053	5.37	112.024	12.559	-2.312	2.83	-1.145	0.04	26.23	4058	2020-09-15 04:05:00
2020-09-15 05:40:00	4077	5.7	115.404	10.036	-1.885	3.352	-1.673	0.08	21.95	4082	2020-09-15 06:05:00
2020-09-15 16:15:00	4200	5.7	50.07	10.84	-3.585	1.362	1.16	0.03	28.28	4205	2020-09-15 16:40:00
2020-09-15 19:35:00	4240	6.08	120.48	14.668	0.528	2.988	-1.768	0.10	8.76	4245	2020-09-15 20:00:00
2020-09-15 21:05:00	4258	6.25	68.379	16.124	-1.728	2.98	1.172	0.06	19.34	4263	2020-09-15 21:30:00
2020-09-15 23:00:00	4281	6.4	55.294	17.799	-1.52	1.99	1.422	0.03	29.91	4286	2020-09-15 23:25:00
2020-09-15 23:30:00	4287	6.37	60.103	18.205	-2.223	1.865	1.083	0.02	13.21	4292	2020-09-15 23:55:00
2020-09-16 01:40:00	4313	6.7	90.914	19.835	-1.518	1.618	-0.033	0.07	25.11	4318	2020-09-16 02:05:00
2020-09-16 02:25:00	4322	6.6	82.08	20.353	-1.903	1.332	0.187	0.05	17.37	4327	2020-09-16 02:50:00
2020-09-16 03:00:00	4329	6.65	85.3	20.741	-1.838	1.28	0.108	0.08	15.88	4334	2020-09-16 03:25:00
2020-09-16 03:30:00	4335	6.7	92.974	21.064	-1.698	1.407	-0.063	0.08	14.30	4340	2020-09-16 03:55:00
2020-09-18 07:40:00	4951	5.87	101.45	19.719	-1.775	2.067	-0.43	0.10	15.37	4956	2020-09-18 08:05:00
2020-09-18 08:30:00	4961	5.75	103.054	19.111	-3.203	1.195	-0.282	0.08	18.06	4966	2020-09-18 08:55:00
2020-09-18 09:00:00	4967	5.8	107.479	18.732	-2.998	1.667	-0.558	0.02	19.39	4972	2020-09-18 09:25:00
2020-09-18 09:30:00	4973	5.75	106.604	18.342	-2.81	1.623	-0.508	0.07	12.79	4978	2020-09-18 09:55:00
2020-09-18 10:00:00	4979	5.7	103.922	17.941	-3.123	1.315	-0.332	0.03	15.41	4984	2020-09-18 10:25:00
2020-09-18 10:30:00	4985	5.72	122.421	17.527	-2.96	1.17	-0.718	0.06	11.72	4990	2020-09-18 10:55:00
2020-09-18 11:10:00	4993	5.88	116.915	16.956	-2.385	1.455	-0.728	0.07	11.63	4998	2020-09-18 11:35:00
2020-09-18 11:40:00	4999	5.92	115.641	16.513	-1.46	2.077	-0.99	0.06	10.51	5004	2020-09-18 12:05:00
2020-09-18 12:10:00	5005	5.88	126.351	16.056	-2.292	1.282	-0.898	0.10	28.54	5010	2020-09-18 12:35:00
2020-09-19 02:45:00	5164	5.87	87.221	8.91	-1.548	2.057	0.098	0.03	25.77	5169	2020-09-19 03:10:00
2020-09-19 03:15:00	5170	5.9	98.075	9.626	-1.302	2.063	-0.278	0.09	25.35	5175	2020-09-19 03:40:00
2020-09-19 07:15:00	5218	5.25	111.53	14.42	-2.347	2.628	-1.077	0.08	18.03	5223	2020-09-19 07:40:00
2020-09-19 08:05:00	5228	5.58	103.564	15.258	-1.273	2.578	-0.63	0.10	21.36	5233	2020-09-19 08:30:00
2020-09-22 19:10:00	6191	5.1	59.296	14.608	-3.512	1.382	0.798	0.03	26.61	6196	2020-09-22 19:35:00
2020-09-22 22:05:00	6226	5.23	107.486	17.327	-2.252	2.888	-0.908	0.05	10.63	6231	2020-09-22 22:30:00
2020-09-25 02:05:00	6798	6.0	127.29	23.01	-0.508	3.833	-2.93	0.09	12.76	6803	2020-09-25 02:30:00
2020-09-25 03:15:00	6812	5.25	102.385	22.377	-3.83	3.783	-0.827	0.02	12.69	6817	2020-09-25 03:40:00
2020-09-25 03:50:00	6819	5.4	89.113	22.045	-4.108	3.612	0.018	0.03	19.22	6824	2020-09-25 04:15:00
2020-09-25 10:10:00	6894	5.88	55.526	17.616	-3.925	2.102	1.44	0.07	13.58	6899	2020-09-25 10:35:00
2020-09-25 16:10:00	6966	6.87	134.137	11.522	2.048	3.158	-3.037	0.09	24.74	6971	2020-09-25 16:35:00
2020-09-25 18:00:00	6988	6.38	74.469	9.063	-2.707	3.263	0.908	0.06	7.02	6993	2020-09-25 18:25:00
2020-09-26 01:20:00	7076	5.48	134.028	7.068	-2.508	3.442	-3.307	0.07	13.34	7081	2020-09-26 01:45:00
2020-09-26 01:50:00	7082	5.88	130.578	7.87	-2.82	3.203	-2.712	0.07	10.45	7087	2020-09-26 02:15:00
2020-09-26 02:20:00	7088	5.7	125.875	8.633	-3.34	3.212	-2.323	0.02	4.62	7093	2020-09-26 02:45:00
2020-09-26 02:50:00	7094	6.22	128.372	9.362	-3.078	3.08	-2.447	0.03	10.18	7099	2020-09-26 03:15:00
2020-09-26 03:20:00	7100	6.5	129.806	10.058	-2.102	3.46	-2.88	0.03	5.43	7105	2020-09-26 03:45:00
2020-09-26 04:15:00	7111	6.52	129.827	11.26	-2.422	3.533	-2.948	0.10	9.08	7116	2020-09-26 04:40:00
2020-09-26 05:30:00	7126	6.78	123.079	12.765	-2.39	4.138	-2.687	0.05	17.96	7131	2020-09-26 05:55:00
2020-09-28 17:00:00	7812	6.8	124.154	21.592	-1.61	4.795	-3.277	0.04	24.11	7817	2020-09-28 17:25:00
2020-09-28 17:35:00	7819	6.55	125.55	21.233	-2.042	3.805	-2.785	0.04	21.45	7824	2020-09-28 18:00:00
2020-09-28 19:45:00	7845	6.35	113.542	19.789	-2.655	5.313	-2.337	0.04	22.45	7850	2020-09-28 20:10:00
2020-09-28 23:55:00	7895	6.42	110.598	16.452	-0.943	5.933	-2.22	0.08	27.60	7900	2020-09-29 00:20:00
2020-09-29 15:40:00	8069	6.97	117.976	9.907	-3.06	2.207	-1.173	0.07	23.69	8074	2020-09-29 16:05:00
2020-09-29 17:05:00	8086	6.48	133.812	11.742	-3.897	0.987	-0.988	0.06	24.08	8091	2020-09-29 17:30:00
2020-09-29 18:05:00	8098	6.5	118.334	12.92	-3.797	1.237	-0.612	0.04	25.60	8103	2020-09-29 18:30:00
2020-09-29 18:35:00	8104	6.52	113.763	13.478	-3.845	1.125	-0.508	0.10	11.65	8109	2020-09-29 19:00:00
2020-09-29 19:05:00	8110	6.6	73.32	14.016	-3.45	1.968	0.64	0.08	25.41	8115	2020-09-29 19:30:00
2020-09-29 19:55:00	8120	6.7	90.684	14.875	-3.533	2.195	-0.015	0.05	10.75	8125	2020-09-29 20:20:00
2020-10-02 04:55:00	8773	6.8	96.294	21.649	-2.295	2.215	-0.21	0.02	27.12	8778	2020-10-02 05:20:00
2020-10-02 05:25:00	8779	6.85	101.489	21.345	-2.133	2.468	-0.502	0.05	8.76	8784	2020-10-02 05:50:00
2020-10-03 02:10:00	9025	6.3	110.502	7.56	-1.233	2.832	-1.012	0.05	24.62	9030	2020-10-03 02:35:00
2020-10-03 02:40:00	9031	6.33	96.461	8.332	-0.923	2.797	-0.287	0.04	14.87	9036	2020-10-03 03:05:00
2020-10-03 03:55:00	9046	6.32	81.197	10.115	2.033	2.915	0.465	0.04	18.04	9051	2020-10-03 04:20:00
2020-10-03 04:35:00	9054	6.4	100.644	10.99	1.988	2.663	-0.488	0.05	29.21	9059	2020-10-03 05:00:00
2020-10-03 05:05:00	9060	6.03	108.853	11.616	-0.135	2.858	-1.032	0.09	21.90	9065	2020-10-03 05:30:00
2020-10-03 05:35:00	9066	5.97	118.033	12.219	-0.338	3.223	-1.72	0.04	14.00	9071	2020-10-03 06:00:00
2020-10-03 06:35:00	9078	6.02	86.86	13.36	-0.812	3.28	0.193	0.05	10.28	9083	2020-10-03 07:00:00
2020-10-03 07:05:00	9084	6.02	93.934	13.901	-0.998	3.342	-0.232	0.02	20.51	9089	2020-10-03 07:30:00
2020-10-03 07:35:00	9090	5.95	104.911	14.424	-0.997	3.138	-0.838	0.03	22.90	9095	2020-10-03 08:00:00
2020-10-03 09:20:00	9111	5.97	108.226	16.127	-0.91	3.147	-1.052	0.02	19.86	9116	2020-10-03 09:45:00
2020-10-03 09:50:00	9117	5.97	109.279	16.58	-0.82	3.18	-1.11	0.04	16.84	9122	2020-10-03 10:15:00
2020-10-03 10:30:00	9125	6.1	129.783	17.164	-0.498	2.71	-2.267	0.04	28.11	9130	2020-10-03 10:55:00
2020-10-03 11:05:00	9132	5.9	80.508	17.655	-1.918	2.907	0.493	0.04	12.56	9137	2020-10-03 11:30:00
2020-10-03 14:05:00	9168	5.85	66.524	19.936	-1.928	3.112	1.343	0.02	15.60	9173	2020-10-03 14:30:00
2020-10-03 15:25:00	9182	5.53	115.775	20.831	-1.698	3.188	-1.533	0.03	23.60	9187	2020-10-03 15:50:00
2020-10-03 16:30:00	9195	5.82	96.356	21.51	-0.315	3.838	-0.425	0.03	18.48	9200	2020-10-03 16:55:00
2020-10-03 17:00:00	9201	5.88	109.491	21.809	-0.83	3.465	-1.228	0.03	26.62	9206	2020-10-03 17:25:00
2020-10-03 17:30:00	9207	5.97	100.65	22.1	0.235	3.615	-0.68	0.03	14.09	9212	2020-10-03 17:55:00
2020-10-03 19:25:00	9230	5.45	129.95	23.14	-2.67	1.725	-1.515	0.03	28.68	9235	2020-10-03 19:50:00
2020-10-03 19:55:00	9236	5.47	121.23	23.392	-2.495	2.313	-1.433	0.04	28.82	9241	2020-10-03 20:20:00
2020-10-07 02:15:00	10168	6.08	54.738	20.042	-3.55	4.115	2.887	0.08	12.95	10173	2020-10-07 02:40:00
2020-10-07 03:35:00	10184	6.35	86.634	20.928	-2.355	3.403	0.115	0.04	17.48	10189	2020-10-07 04:00:00
2020-10-17 03:25:00	13058	5.62	111.284	8.833	-0.592	4.037	-1.572	0.07	9.50	13063	2020-10-17 03:50:00
2020-10-19 12:45:00	13746	6.32	125.181	23.973	-1.868	2.235	-1.592	0.05	10.14	13751	2020-10-19 13:10:00
2020-10-19 19:35:00	13828	6.17	101.261	20.109	-2.888	4.223	-0.852	0.06	18.41	13833	2020-10-19 20:00:00
2020-10-19 21:20:00	13845	5.2	103.389	18.85	-4.217	1.847	-0.455	0.09	13.89	13850	2020-10-19 21:45:00
2020-10-20 05:05:00	13938	5.68	71.654	11.356	-1.325	3.392	1.123	0.09	29.40	13943	2020-10-20 05:30:00
2020-10-20 21:55:00	14140	6.67	91.11	16.292	-0.545	2.233	-0.045	0.08	23.50	14145	2020-10-20 22:20:00
2020-10-20 22:25:00	14146	6.75	72.164	16.738	-0.182	2.328	0.755	0.08	19.00	14151	2020-10-20 22:50:00
2020-10-20 23:00:00	14153	6.73	106.948	17.242	-0.423	2.433	-0.76	0.09	28.67	14158	2020-10-20 23:25:00
2020-10-21 04:30:00	14219	5.82	94.063	21.245	-5.632	4.373	-0.327	0.06	11.04	14224	2020-10-21 04:55:00
2020-10-21 05:10:00	14227	5.98	56.395	21.651	-3.727	4.732	3.192	0.06	21.25	14232	2020-10-21 05:35:00
2020-10-24 07:10:00	15109	5.35	127.973	13.498	-4.545	1.925	-1.515	0.03	26.55	15114	2020-10-24 07:35:00
2020-10-24 07:55:00	15118	5.68	126.975	14.294	-3.298	2.963	-2.3	0.02	20.43	15123	2020-10-24 08:20:00
2020-10-24 11:35:00	15162	5.47	109.202	17.681	-3.847	2.313	-0.822	0.03	24.34	15167	2020-10-24 12:00:00
2020-10-24 12:40:00	15175	5.62	119.935	18.546	-4.012	2.192	-1.285	0.08	21.58	15180	2020-10-24 13:05:00
2020-10-24 13:50:00	15189	5.7	117.688	19.42	-3.657	2.89	-1.535	0.04	18.20	15194	2020-10-24 14:15:00
2020-10-24 14:45:00	15200	6.13	120.817	20.067	-3.147	2.473	-1.488	0.05	22.71	15205	2020-10-24 15:10:00
2020-10-24 16:10:00	15217	5.88	133.306	21.002	-3.725	1.738	-1.642	0.02	16.33	15222	2020-10-24 16:35:00
2020-10-24 17:10:00	15229	6.38	130.89	21.619	-3.368	1.953	-1.672	0.04	25.71	15234	2020-10-24 17:35:00
2020-10-24 17:55:00	15238	6.65	130.482	22.058	-3.558	1.498	-1.298	0.01	21.76	15243	2020-10-24 18:20:00
2020-10-26 22:15:00	15852	6.63	120.936	18.474	2.428	3.227	-1.94	0.08	8.63	15857	2020-10-26 22:40:00
2020-10-27 21:00:00	16056	5.73	116.237	15.002	-3.995	1.802	-0.865	0.03	28.27	16061	2020-10-27 21:25:00
2020-10-30 01:05:00	16681	6.45	101.976	23.987	2.755	2.785	-0.613	0.03	18.77	16686	2020-10-30 01:30:00
2020-10-30 01:40:00	16688	6.53	90.811	23.716	2.36	2.922	-0.008	0.09	17.79	16693	2020-10-30 02:05:00
2020-10-30 02:35:00	16699	6.57	103.08	23.271	3.068	1.852	-0.408	0.06	16.60	16704	2020-10-30 03:00:00
2020-10-30 05:05:00	16729	7.0	130.106	21.925	2.417	1.025	-0.792	0.07	27.41	16734	2020-10-30 05:30:00
2020-10-30 08:05:00	16765	6.42	128.942	20.032	-1.597	1.638	-1.33	0.10	15.92	16770	2020-10-30 08:30:00
2020-10-30 08:35:00	16771	6.75	126.363	19.684	-1.335	1.625	-1.193	0.09	26.79	16776	2020-10-30 09:00:00
2020-10-30 10:55:00	16799	6.12	116.028	17.922	-2.338	1.787	-0.902	0.08	28.35	16804	2020-10-30 11:20:00
2020-10-30 13:25:00	16829	6.95	132.941	15.747	2.123	0.512	-0.48	0.05	21.91	16834	2020-10-30 13:50:00
2020-10-31 05:15:00	17019	5.58	126.415	10.764	-0.71	4.58	-3.387	0.09	12.35	17024	2020-10-31 05:40:00
2020-10-31 09:50:00	17074	5.55	121.041	15.777	-2.24	4.643	-2.817	0.07	13.57	17079	2020-10-31 10:15:00
2020-11-06 19:25:00	18768	5.68	70.773	8.905	5.062	3.257	1.072	0.03	25.13	18773	2020-11-06 19:50:00
2020-11-06 20:30:00	18781	5.4	65.565	7.261	4.608	3.285	1.532	0.03	29.79	18786	2020-11-06 20:55:00
2020-11-07 05:50:00	18893	6.18	84.429	11.416	4.237	3.367	0.303	0.02	17.50	18898	2020-11-07 06:15:00
2020-11-07 13:40:00	18987	5.7	97.825	18.937	3.772	3.13	-0.353	0.06	17.54	18992	2020-11-07 14:05:00
2020-11-17 01:25:00	21553	6.22	83.402	15.964	1.95	1.847	0.213	0.08	14.88	21558	2020-11-17 01:50:00
2020-11-17 20:45:00	21784	5.02	95.955	14.476	-2.792	3.228	-0.382	0.06	15.07	21789	2020-11-17 21:10:00
2020-11-18 02:10:00	21849	5.15	124.522	19.165	-1.397	3.417	-2.348	0.05	7.60	21854	2020-11-18 02:35:00
2020-11-18 06:05:00	21896	5.07	124.974	21.746	-1.013	3.48	-2.437	0.03	16.60	21901	2020-11-18 06:30:00
2020-11-18 07:15:00	21910	5.47	52.1	22.411	-3.545	0.882	0.655	0.09	29.79	21915	2020-11-18 07:40:00
2020-11-18 07:45:00	21916	5.52	70.645	22.682	-3.423	1.135	0.388	0.05	16.82	21921	2020-11-18 08:10:00
2020-11-18 08:15:00	21922	5.6	90.651	22.945	-3.127	1.655	-0.035	0.05	19.14	21927	2020-11-18 08:40:00
2020-11-18 08:45:00	21928	5.6	99.835	23.201	-3.048	1.535	-0.26	0.01	14.79	21933	2020-11-18 09:10:00
2020-11-18 09:15:00	21934	5.62	113.665	23.449	-2.898	1.457	-0.643	0.05	10.16	21939	2020-11-18 09:40:00
2020-11-18 09:45:00	21940	5.62	128.569	23.69	-2.775	1.097	-0.892	0.08	26.14	21945	2020-11-18 10:10:00
2020-11-20 14:30:00	22573	5.75	49.337	15.147	-2.817	1.46	1.287	0.08	9.34	22578	2020-11-20 14:55:00
2020-11-21 04:55:00	22683	5.42	116.493	9.772	-3.562	3.903	-1.9	0.06	12.31	22688	2020-11-21 05:20:00
2020-11-21 05:30:00	22690	5.38	105.678	10.552	-4.28	3.838	-1.073	0.10	19.24	22695	2020-11-21 05:55:00
2020-11-21 06:00:00	22696	5.37	96.521	11.192	-4.198	4.135	-0.445	0.07	8.15	22701	2020-11-21 06:25:00
2020-11-21 06:30:00	22702	5.15	87.2	11.807	-4.553	4.075	0.182	0.03	28.27	22707	2020-11-21 06:55:00
2020-11-24 02:20:00	23513	6.98	126.267	15.522	-2.297	0.557	-0.407	0.04	28.57	23518	2020-11-24 02:45:00
2020-11-24 03:35:00	23528	7.0	119.204	14.285	-2.175	0.772	-0.445	0.06	20.85	23533	2020-11-24 04:00:00
2020-11-24 06:00:00	23557	7.0	107.79	11.577	-1.978	1.332	-0.428	0.05	12.29	23562	2020-11-24 06:25:00
2020-11-24 19:15:00	23715	6.38	53.005	12.363	-2.117	1.808	1.338	0.03	25.40	23720	2020-11-24 19:40:00
2020-11-24 20:50:00	23734	6.65	71.615	14.105	-2.277	1.745	0.588	0.01	12.16	23739	2020-11-24 21:15:00
2020-11-24 21:20:00	23740	6.7	91.808	14.617	-1.757	2.358	-0.063	0.04	17.54	23745	2020-11-24 21:45:00
2020-11-24 22:35:00	23755	6.63	65.883	15.828	-1.857	2.52	1.132	0.06	14.39	23760	2020-11-24 23:00:00
2020-11-24 23:05:00	23761	6.7	49.66	16.287	-1.467	2.223	1.875	0.09	23.51	23766	2020-11-24 23:30:00
2020-11-27 02:45:00	24341	5.1	65.728	23.493	-3.125	6.117	2.753	0.07	10.10	24346	2020-11-27 03:10:00
2020-11-27 03:50:00	24354	5.17	79.311	22.951	-3.567	6.537	1.185	0.03	25.15	24359	2020-11-27 04:15:00
2020-11-27 04:20:00	24360	5.47	101.051	22.688	-1.013	7.502	-1.513	0.05	22.66	24365	2020-11-27 04:45:00
2020-11-27 05:10:00	24370	5.13	102.107	22.234	-3.335	6.207	-1.395	0.08	24.11	24375	2020-11-27 05:35:00
2020-11-27 07:45:00	24401	5.77	127.08	20.677	-2.498	3.878	-2.943	0.03	23.20	24406	2020-11-27 08:10:00
2020-11-28 05:20:00	24659	5.82	131.185	9.991	-1.423	3.237	-2.843	0.09	23.45	24664	2020-11-28 05:45:00
2020-11-28 07:40:00	24676	5.48	69.417	12.86	-3.888	1.808	0.668	0.07	19.64	24681	2020-11-28 08:05:00
2020-11-28 11:00:00	24716	6.37	115.493	16.225	-1.148	2.82	-1.33	0.04	27.71	24721	2020-11-28 11:25:00
2020-11-28 14:15:00	24755	5.63	57.463	18.905	3.28	2.648	1.627	0.02	27.37	24760	2020-11-28 14:40:00
2020-11-28 15:30:00	24770	5.45	81.894	19.808	0.24	4.912	0.705	0.09	21.60	24775	2020-11-28 15:55:00
2020-11-28 16:20:00	24780	5.47	98.44	20.376	-2.76	4.35	-0.655	0.06	10.18	24785	2020-11-28 16:45:00
2020-11-28 16:50:00	24786	5.47	105.888	20.704	-1.975	4.488	-1.268	0.03	10.91	24791	2020-11-28 17:15:00
2020-12-05 15:50:00	26701	5.5	96.529	19.982	-1.91	4.342	-0.533	0.09	23.98	26706	2020-12-05 16:15:00
2020-12-08 00:40:00	27359	5.07	125.351	17.278	-0.287	3.335	-2.372	0.05	13.88	27364	2020-12-08 01:05:00
2020-12-08 01:20:00	27367	5.3	132.255	16.703	2.193	3.097	-2.815	0.03	21.53	27372	2020-12-08 01:45:00
2020-12-08 06:15:00	27426	5.95	107.053	11.618	-0.97	2.865	-0.917	0.05	24.24	27431	2020-12-08 06:40:00
2020-12-08 08:00:00	27447	5.7	116.556	9.327	-2.193	3.078	-1.622	0.06	27.60	27452	2020-12-08 08:25:00
2020-12-09 00:20:00	27643	5.83	45.24	17.172	1.387	3.593	3.562	0.07	5.89	27648	2020-12-09 00:45:00
2020-12-15 00:15:00	29219	5.48	97.311	17.653	-3.023	2.293	-0.313	0.05	23.77	29224	2020-12-15 00:40:00
2020-12-15 03:50:00	29262	5.52	94.105	14.356	-2.198	2.532	-0.148	0.07	28.97	29267	2020-12-15 04:15:00
2020-12-15 07:45:00	29309	5.48	81.418	9.716	-2.702	2.4	0.367	0.03	15.42	29314	2020-12-15 08:10:00
2020-12-15 08:20:00	29316	5.83	130.379	8.893	-2.58	1.135	-0.962	0.05	12.14	29321	2020-12-15 08:45:00
2020-12-16 04:20:00	29553	6.25	104.555	20.204	1.375	1.145	-0.31	0.08	19.18	29558	2020-12-16 04:45:00
2020-12-18 04:20:00	30125	5.38	109.388	23.101	-2.383	2.355	-0.817	0.03	12.91	30130	2020-12-18 04:45:00
2020-12-18 06:55:00	30156	5.27	108.585	21.672	-0.54	4.48	-1.507	0.05	1.59	30161	2020-12-18 07:20:00
2020-12-18 07:25:00	30162	5.22	106.788	21.37	-1.135	4.387	-1.342	0.06	16.01	30167	2020-12-18 07:50:00
2020-12-18 07:55:00	30168	5.25	88.337	21.059	-2.275	3.975	0.105	0.07	18.03	30173	2020-12-18 08:20:00
2020-12-18 08:25:00	30174	5.22	85.782	20.74	-2.175	4.353	0.303	0.04	16.68	30179	2020-12-18 08:50:00
2020-12-18 09:15:00	30184	5.35	77.989	20.186	-2.045	3.953	0.833	0.09	6.49	30189	2020-12-18 09:40:00
2020-12-18 10:00:00	30193	5.02	89.551	19.665	-1.312	5.692	0.042	0.08	11.47	30198	2020-12-18 10:25:00
2020-12-18 12:45:00	30226	5.02	107.805	17.551	-1.208	5.232	-1.682	0.07	18.67	30231	2020-12-18 13:10:00
2020-12-18 13:25:00	30234	5.13	85.409	16.985	-2.453	4.8	0.362	0.10	20.63	30239	2020-12-18 13:50:00
2020-12-18 13:55:00	30240	5.03	100.342	16.546	-1.485	5.512	-1.01	0.05	9.15	30245	2020-12-18 14:20:00
2020-12-18 17:20:00	30281	5.28	83.005	13.144	-1.612	4.533	0.555	0.03	18.89	30286	2020-12-18 17:45:00
2020-12-18 17:50:00	30287	5.27	70.947	12.578	-1.205	4.447	1.548	0.03	27.08	30292	2020-12-18 18:15:00
2020-12-18 18:20:00	30293	5.35	73.103	11.991	-0.878	4.663	1.415	0.04	4.79	30298	2020-12-18 18:45:00
2020-12-18 18:50:00	30299	5.3	85.612	11.381	-1.757	4.647	0.388	0.04	17.81	30304	2020-12-18 19:15:00
2020-12-18 19:25:00	30306	5.4	90.018	10.639	-2.122	3.977	0.0	0.08	6.11	30311	2020-12-18 19:50:00
2020-12-18 21:45:00	30334	5.47	86.526	7.272	-2.657	2.81	0.153	0.04	26.62	30339	2020-12-18 22:10:00
2020-12-19 04:15:00	30412	5.4	108.886	7.508	-2.627	3.802	-1.29	0.09	12.87	30417	2020-12-19 04:40:00
2020-12-19 04:45:00	30418	5.27	91.435	8.281	-2.745	4.165	-0.102	0.05	5.92	30423	2020-12-19 05:10:00
2020-12-19 05:55:00	30432	5.87	99.91	9.95	-2.42	2.57	-0.438	0.09	17.91	30437	2020-12-19 06:20:00
2020-12-19 06:35:00	30440	5.95	73.532	10.831	-1.583	2.483	0.775	0.08	29.28	30445	2020-12-19 07:00:00
2020-12-19 08:35:00	30464	5.05	131.029	13.217	-4.238	3.523	-3.093	0.09	24.46	30469	2020-12-19 09:00:00
2020-12-19 15:55:00	30552	5.25	57.735	19.711	-3.263	3.112	1.965	0.08	17.20	30557	2020-12-19 16:20:00
2020-12-25 21:50:00	32293	6.25	111.284	7.406	-3.54	0.577	-0.243	0.04	29.69	32298	2020-12-25 22:15:00
2020-12-26 06:20:00	32395	6.53	99.537	10.249	-2.952	1.115	-0.188	0.03	25.95	32400	2020-12-26 06:45:00
2020-12-26 06:50:00	32401	6.53	62.393	10.901	-2.947	1.1	0.588	0.04	24.01	32406	2020-12-26 07:15:00
2020-12-26 07:55:00	32414	6.4	60.253	12.229	-2.662	2.032	1.157	0.01	9.12	32419	2020-12-26 08:20:00
2020-12-26 08:25:00	32420	6.37	61.644	12.806	-2.39	2.097	1.137	0.05	11.96	32425	2020-12-26 08:50:00
2021-01-02 08:20:00	34289	5.62	55.381	12.484	2.387	2.092	1.43	0.08	23.28	34294	2021-01-02 08:45:00
2021-01-12 08:45:00	36945	6.55	95.396	9.757	1.773	4.473	-0.43	0.09	25.62	36950	2021-01-12 09:10:00
2021-01-12 09:15:00	36951	6.72	117.204	9.053	1.718	3.965	-2.045	0.02	13.94	36956	2021-01-12 09:40:00
2021-01-12 18:35:00	37063	6.17	59.713	9.974	-1.987	3.797	2.22	0.04	28.69	37068	2021-01-12 19:00:00
2021-01-12 19:05:00	37069	6.17	65.035	10.64	-1.452	4.323	1.997	0.06	24.73	37074	2021-01-12 19:30:00
2021-01-13 08:20:00	37202	5.5	122.974	22.134	1.128	4.068	-2.642	0.08	3.45	37207	2021-01-13 08:45:00
2021-01-15 03:45:00	37530	6.03	56.231	23.986	-0.172	2.232	1.495	0.07	12.02	37535	2021-01-15 04:10:00
2021-01-18 16:25:00	38533	5.65	104.3	23.716	-2.34	3.01	-0.788	0.06	27.39	38538	2021-01-18 16:50:00
2021-01-20 11:15:00	39046	6.07	88.221	23.351	-3.038	5.157	0.155	0.10	17.61	39051	2021-01-20 11:40:00
2021-01-22 13:40:00	39650	5.8	91.791	17.887	0.022	4.003	-0.122	0.06	8.63	39655	2021-01-22 14:05:00
2021-01-22 14:35:00	39661	5.8	78.521	17.121	0.595	5.04	1.022	0.10	10.72	39666	2021-01-22 15:00:00
2021-01-22 16:15:00	39681	5.68	80.064	15.614	-0.835	5.663	0.997	0.09	11.40	39686	2021-01-22 16:40:00
2021-01-22 16:45:00	39687	5.57	45.667	15.13	-1.417	3.81	3.712	0.06	17.03	39692	2021-01-22 17:10:00
2021-01-23 05:15:00	39836	5.57	95.88	7.036	-3.147	5.522	-0.598	0.04	19.13	39841	2021-01-23 05:40:00
2021-01-23 05:45:00	39842	5.63	78.09	7.832	-2.152	6.027	1.272	0.09	26.75	39847	2021-01-23 06:10:00
2021-01-23 06:15:00	39848	5.77	75.78	8.591	-2.705	5.517	1.398	0.03	6.94	39853	2021-01-23 06:40:00
2021-01-23 06:45:00	39854	5.5	91.5	9.316	-4.44	4.975	-0.132	0.04	11.43	39859	2021-01-23 07:10:00
2021-01-23 07:15:00	39860	5.35	105.841	10.009	-4.692	4.86	-1.383	0.01	9.86	39865	2021-01-23 07:40:00
2021-01-23 08:00:00	39869	5.37	126.884	10.996	-2.757	5.178	-3.893	0.06	13.48	39874	2021-01-23 08:25:00
2021-01-23 08:30:00	39875	5.43	124.133	11.621	-3.608	4.958	-3.353	0.09	7.24	39880	2021-01-23 08:55:00
2021-01-23 09:00:00	39881	5.75	131.973	12.223	-3.713	3.975	-3.578	0.01	9.00	39886	2021-01-23 09:25:00
2021-01-23 10:00:00	39893	5.6	126.341	13.363	-5.112	3.352	-2.412	0.10	19.97	39898	2021-01-23 10:25:00
2021-01-23 10:30:00	39899	5.25	81.981	13.903	-6.563	3.138	0.42	0.08	21.11	39904	2021-01-23 10:55:00
2021-01-23 11:00:00	39905	5.18	53.787	14.426	-6.52	2.395	1.76	0.02	19.01	39910	2021-01-23 11:25:00
2021-01-23 11:30:00	39911	5.12	45.551	14.932	-6.548	2.187	2.145	0.03	10.52	39916	2021-01-23 11:55:00
2021-01-23 19:05:00	40002	6.73	91.048	20.988	-0.04	4.058	-0.058	0.03	28.53	40007	2021-01-23 19:30:00
2021-01-23 19:40:00	40009	6.73	112.209	21.354	1.83	3.663	-1.485	0.06	18.85	40014	2021-01-23 20:05:00
2021-02-01 16:50:00	42540	5.75	73.083	23.789	-1.32	4.518	1.377	0.10	28.87	42545	2021-02-01 17:15:00
2021-02-01 20:10:00	42580	5.8	115.081	22.04	-1.948	4.907	-2.348	0.10	26.53	42585	2021-02-01 20:35:00
2021-02-05 13:20:00	43650	5.9	92.249	18.605	3.223	2.71	-0.122	0.05	28.82	43655	2021-02-05 13:45:00
2021-02-05 15:05:00	43665	5.47	121.325	17.181	4.48	0.687	-0.412	0.02	28.78	43670	2021-02-05 15:30:00
2021-02-08 21:45:00	44594	6.3	104.301	21.157	-3.388	2.843	-0.74	0.10	17.53	44599	2021-02-08 22:10:00
2021-02-09 03:00:00	44657	5.7	53.582	17.313	-0.713	3.958	2.878	0.08	23.80	44662	2021-02-09 03:25:00
2021-02-09 08:45:00	44726	5.17	95.492	11.413	-3.017	4.223	-0.403	0.08	29.78	44731	2021-02-09 09:10:00
2021-02-09 09:20:00	44733	5.48	99.376	10.669	-2.267	4.582	-0.9	0.05	26.84	44738	2021-02-09 09:45:00
2021-02-09 09:50:00	44739	5.27	74.81	10.003	-3.427	3.98	1.063	0.03	23.18	44744	2021-02-09 10:15:00
2021-02-09 17:50:00	44835	5.45	64.605	7.005	-4.127	2.21	1.048	0.05	6.51	44840	2021-02-09 18:15:00
2021-02-09 19:55:00	44860	5.1	55.605	10.105	-2.422	3.002	1.967	0.05	29.14	44865	2021-02-09 20:20:00
2021-02-09 20:50:00	44871	5.05	69.945	11.299	-2.993	3.247	1.188	0.02	4.30	44876	2021-02-09 21:15:00
2021-02-09 22:00:00	44885	5.2	57.666	12.7	-2.243	3.382	2.125	0.08	13.64	44890	2021-02-09 22:25:00
2021-02-09 23:00:00	44897	5.03	63.571	13.809	-3.118	2.972	1.488	0.07	7.48	44902	2021-02-09 23:25:00
2021-02-10 02:45:00	44942	5.4	51.122	17.378	-0.87	3.968	3.19	0.07	18.24	44947	2021-02-10 03:10:00
2021-02-12 07:05:00	45570	6.3	47.644	22.985	-2.24	2.445	2.253	0.10	22.94	45575	2021-02-12 07:30:00
2021-02-12 07:35:00	45576	6.4	78.745	22.72	-2.297	3.125	0.627	0.09	16.34	45581	2021-02-12 08:00:00
2021-02-12 08:05:00	45582	6.3	72.496	22.446	-2.193	3.108	0.993	0.07	23.14	45587	2021-02-12 08:30:00
2021-02-12 09:15:00	45596	5.75	88.082	21.777	-3.198	3.0	0.102	0.08	19.20	45601	2021-02-12 09:40:00
2021-02-12 09:45:00	45602	5.9	92.842	21.476	-2.52	3.437	-0.17	0.03	6.26	45607	2021-02-12 10:10:00
2021-02-12 10:15:00	45608	5.97	86.394	21.167	-2.188	3.563	0.233	0.04	11.24	45613	2021-02-12 10:40:00
2021-02-12 10:45:00	45614	5.8	81.0	20.848	-2.097	3.923	0.623	0.07	13.94	45619	2021-02-12 11:10:00
2021-02-12 11:15:00	45620	5.7	89.322	20.521	-2.258	4.108	0.038	0.07	12.17	45625	2021-02-12 11:40:00
2021-02-12 11:45:00	45626	5.57	105.84	20.184	-2.073	4.382	-1.237	0.05	13.54	45631	2021-02-12 12:10:00
2021-02-12 12:30:00	45635	5.58	60.995	19.66	-3.405	3.07	1.683	0.04	29.11	45640	2021-02-12 12:55:00
2021-02-12 13:15:00	45644	5.25	73.292	19.113	-4.823	2.492	0.745	0.08	5.10	45649	2021-02-12 13:40:00
2021-02-12 14:00:00	45653	5.07	102.794	18.543	-4.743	2.74	-0.712	0.04	29.01	45658	2021-02-12 14:25:00
2021-02-13 13:30:00	45935	5.85	71.594	15.794	2.438	4.77	1.55	0.08	15.50	45940	2021-02-13 13:55:00
2021-02-16 09:25:00	46738	5.1	113.227	11.33	1.943	7.105	-3.018	0.06	28.44	46743	2021-02-16 09:50:00
2021-02-16 10:05:00	46746	5.12	99.478	10.475	4.798	6.652	-1.083	0.07	16.94	46751	2021-02-16 10:30:00
2021-02-16 10:35:00	46752	5.28	90.921	9.803	-0.78	8.238	-0.083	0.06	16.36	46757	2021-02-16 11:00:00
2021-02-16 11:05:00	46758	5.27	86.939	9.101	2.263	8.047	0.382	0.09	16.51	46763	2021-02-16 11:30:00
2021-02-16 11:50:00	46767	5.13	92.177	7.987	2.292	9.212	-0.388	0.08	24.60	46772	2021-02-16 12:15:00
2021-02-16 12:20:00	46773	5.07	92.548	7.199	2.79	8.99	-0.418	0.06	12.77	46778	2021-02-16 12:45:00
2021-02-27 15:50:00	49976	6.55	82.934	17.408	-0.365	3.613	0.447	0.08	21.44	49981	2021-02-27 16:15:00
2021-02-27 16:40:00	49986	6.75	45.038	18.092	1.173	2.282	2.265	0.08	23.18	49991	2021-02-27 17:05:00
2021-02-27 17:10:00	49992	6.75	46.501	18.487	0.48	2.522	2.367	0.10	24.29	49997	2021-02-27 17:35:00
2021-02-27 18:15:00	50005	6.65	77.166	19.305	-1.723	2.617	0.613	0.04	27.96	50010	2021-02-27 18:40:00
2021-02-27 20:10:00	50028	5.95	117.262	20.633	-3.68	0.62	-0.345	0.02	26.07	50033	2021-02-27 20:35:00
2021-02-27 21:05:00	50039	6.47	59.61	21.219	-2.307	2.448	1.437	0.05	14.13	50044	2021-02-27 21:30:00
2021-02-27 21:35:00	50045	6.37	56.126	21.526	-1.653	2.7	1.825	0.04	19.44	50050	2021-02-27 22:00:00
2021-02-27 22:45:00	50059	6.52	49.65	22.209	-1.952	2.19	1.857	0.05	24.79	50064	2021-02-27 23:10:00
2021-02-27 23:15:00	50065	6.55	47.374	22.488	-1.957	2.0	1.857	0.02	12.81	50070	2021-02-27 23:40:00
2021-02-28 00:30:00	50080	6.48	56.562	23.151	-0.958	2.583	1.708	0.04	19.94	50085	2021-02-28 00:55:00
2021-02-28 01:00:00	50086	6.55	49.103	23.402	-2.113	1.693	1.485	0.08	17.84	50091	2021-02-28 01:25:00
2021-02-28 01:30:00	50092	6.52	63.245	23.646	-2.35	1.815	0.915	0.07	17.83	50097	2021-02-28 01:55:00
2021-03-09 01:45:00	52654	6.3	48.698	19.286	-1.482	2.397	2.108	0.05	18.09	52659	2021-03-09 02:10:00
2021-03-09 02:25:00	52662	6.23	51.276	18.789	-1.47	2.94	2.337	0.07	20.80	52667	2021-03-09 02:50:00
2021-03-09 02:55:00	52668	6.12	56.942	18.403	-0.738	3.397	2.213	0.04	7.99	52673	2021-03-09 03:20:00
2021-03-09 03:55:00	52680	5.72	67.907	17.597	-0.882	4.228	1.715	0.03	8.62	52685	2021-03-09 04:20:00
2021-03-09 04:25:00	52686	6.08	77.643	17.176	-0.623	4.212	0.935	0.09	17.08	52691	2021-03-09 04:50:00
2021-03-09 05:20:00	52697	6.1	71.076	16.371	-0.818	3.232	1.108	0.04	14.63	52702	2021-03-09 05:45:00
2021-03-09 06:00:00	52705	6.17	51.151	15.756	-1.797	2.135	1.7	0.07	15.83	52710	2021-03-09 06:25:00
2021-03-09 06:30:00	52711	5.8	56.826	15.278	-2.737	1.477	1.008	0.04	25.20	52716	2021-03-09 06:55:00
2021-03-09 12:50:00	52787	5.42	78.521	7.483	-1.903	3.467	0.702	0.05	17.54	52792	2021-03-09 13:15:00
2021-03-09 23:40:00	52917	5.82	68.539	13.079	-3.378	2.375	0.912	0.07	16.49	52922	2021-03-10 00:05:00
2021-03-10 02:20:00	52949	5.37	47.445	15.809	-3.33	2.437	2.232	0.05	15.70	52954	2021-03-10 02:45:00
2021-03-10 03:20:00	52961	5.22	53.016	16.718	-3.742	2.207	1.667	0.04	3.12	52966	2021-03-10 03:45:00
2021-03-10 03:50:00	52967	5.32	52.95	17.153	-3.712	1.993	1.508	0.05	7.81	52972	2021-03-10 04:15:00
2021-03-10 04:20:00	52973	5.43	53.991	17.575	-3.642	1.817	1.315	0.03	3.25	52978	2021-03-10 04:45:00
2021-03-10 04:50:00	52979	5.35	56.027	17.984	-3.342	2.398	1.577	0.03	19.24	52984	2021-03-10 05:15:00
2021-03-10 05:40:00	52989	5.32	57.616	18.641	-3.442	2.14	1.335	0.03	26.14	52994	2021-03-10 06:05:00
2021-03-10 07:50:00	53014	5.82	65.186	20.207	-2.132	2.878	1.323	0.02	10.53	53019	2021-03-10 08:15:00
2021-03-10 09:45:00	53037	5.6	63.215	21.442	-2.56	2.517	1.235	0.04	23.74	53042	2021-03-10 10:10:00
2021-03-10 11:00:00	53052	6.47	74.812	22.177	-1.243	2.797	0.745	0.06	23.26	53057	2021-03-10 11:25:00
2021-03-16 20:55:00	54746	6.08	70.097	8.909	-2.033	2.265	0.818	0.04	13.60	54751	2021-03-16 21:20:00
2021-03-16 21:25:00	54752	6.3	70.858	9.615	-0.83	3.195	1.112	0.09	12.41	54757	2021-03-16 21:50:00
2021-03-16 21:55:00	54758	6.27	79.307	10.291	-1.023	3.555	0.665	0.10	4.59	54763	2021-03-16 22:20:00
2021-03-17 06:20:00	54855	5.75	69.906	18.71	-1.36	3.798	1.38	0.04	14.28	54860	2021-03-17 06:45:00
2021-03-17 06:50:00	54861	5.73	49.956	19.085	-2.083	2.867	2.398	0.04	18.58	54866	2021-03-17 07:15:00
2021-03-17 08:15:00	54878	5.68	70.504	20.092	-1.02	4.063	1.43	0.09	13.34	54883	2021-03-17 08:40:00
2021-03-17 08:45:00	54884	5.8	70.049	20.429	-0.47	4.168	1.513	0.06	6.34	54889	2021-03-17 09:10:00
2021-03-17 09:55:00	54898	5.68	69.414	21.178	-0.662	4.592	1.698	0.08	26.10	54903	2021-03-17 10:20:00
2021-03-17 10:35:00	54906	5.42	72.844	21.584	-1.668	4.737	1.458	0.07	20.91	54911	2021-03-17 11:00:00
2021-03-17 12:20:00	54927	5.42	63.429	22.579	-1.842	4.63	2.338	0.09	19.51	54932	2021-03-17 12:45:00
2021-03-17 13:00:00	54935	5.17	65.774	22.932	-3.6	4.457	2.043	0.02	23.44	54940	2021-03-17 13:25:00
2021-03-24 09:10:00	56820	5.0	134.448	20.598	-1.922	3.187	-3.108	0.02	13.31	56825	2021-03-24 09:35:00
2021-03-26 22:30:00	57526	5.0	70.103	11.825	5.025	2.17	0.795	0.04	16.41	57531	2021-03-26 22:55:00
2021-03-29 23:15:00	58397	6.0	124.392	21.505	2.577	1.818	-1.19	0.05	29.45	58402	2021-03-29 23:40:00
2021-04-03 11:05:00	59690	5.82	112.373	11.21	0.718	2.788	-1.237	0.07	24.52	59695	2021-04-03 11:30:00
2021-04-06 11:40:00	60561	5.55	87.988	10.683	-2.333	3.882	0.145	0.06	19.46	60566	2021-04-06 12:05:00
2021-04-06 12:10:00	60567	5.5	105.481	10.025	-2.123	3.577	-0.952	0.03	20.35	60572	2021-04-06 12:35:00
2021-04-09 22:15:00	61340	6.82	70.194	12.722	1.732	1.937	0.663	0.05	14.38	61345	2021-04-09 22:40:00
2021-04-09 23:45:00	61358	6.07	100.14	10.927	-1.797	2.73	-0.478	0.08	19.02	61363	2021-04-10 00:10:00
2021-04-10 02:00:00	61385	5.78	80.707	7.796	-1.087	3.262	0.533	0.06	3.70	61390	2021-04-10 02:25:00
2021-04-10 02:30:00	61391	5.83	81.062	7.012	-0.64	3.457	0.542	0.04	6.48	61396	2021-04-10 02:55:00
2021-04-10 11:15:00	61496	5.5	90.93	10.804	-1.482	2.765	-0.033	0.04	17.61	61501	2021-04-10 11:40:00
2021-04-10 18:45:00	61586	5.22	60.078	18.275	-2.478	3.667	2.195	0.03	26.36	61591	2021-04-10 19:10:00
2021-04-10 19:15:00	61592	5.25	85.373	18.66	-3.342	3.857	0.32	0.04	26.00	61597	2021-04-10 19:40:00
2021-04-10 20:00:00	61601	5.05	119.281	19.218	-2.717	3.75	-2.11	0.06	14.23	61606	2021-04-10 20:25:00
2021-04-10 23:50:00	61647	5.52	61.655	21.726	1.325	4.22	2.295	0.07	18.17	61652	2021-04-11 00:15:00
2021-04-11 00:20:00	61653	5.63	77.821	22.014	1.535	4.362	0.935	0.04	13.03	61658	2021-04-11 00:45:00
2021-04-11 00:50:00	61659	5.03	102.515	22.295	-2.68	4.233	-0.93	0.04	27.42	61664	2021-04-11 01:15:00
2021-04-11 01:40:00	61669	5.53	112.06	22.744	-3.072	3.505	-1.415	0.03	16.81	61674	2021-04-11 02:05:00
2021-04-14 07:15:00	62597	5.0	75.057	18.655	-2.118	4.52	1.203	0.07	18.44	62602	2021-04-14 07:40:00
2021-04-14 11:40:00	62650	5.52	104.515	21.62	2.795	3.462	-0.88	0.08	22.23	62655	2021-04-14 12:05:00
2021-04-14 13:00:00	62666	5.93	74.107	22.378	1.492	3.89	1.128	0.03	20.25	62671	2021-04-14 13:25:00
2021-04-14 13:30:00	62672	5.87	73.558	22.647	3.422	3.547	1.07	0.09	22.65	62677	2021-04-14 13:55:00
2021-04-14 14:05:00	62679	6.05	46.021	22.952	1.242	3.26	3.228	0.02	24.86	62684	2021-04-14 14:30:00
2021-04-14 14:35:00	62685	6.38	45.58	23.205	2.933	2.562	2.568	0.06	17.32	62690	2021-04-14 15:00:00
2021-04-24 10:25:00	65445	6.57	113.793	9.367	2.195	2.802	-1.18	0.03	27.11	65450	2021-04-24 10:50:00
2021-04-30 19:45:00	67266	5.25	52.515	15.47	1.865	5.763	4.455	0.07	10.32	67271	2021-04-30 20:10:00
2021-04-30 20:55:00	67280	5.2	69.025	14.324	-4.16	6.182	2.372	0.06	4.42	67285	2021-04-30 21:20:00
2021-04-30 22:10:00	67295	5.25	76.601	12.995	-1.077	6.723	1.593	0.07	15.97	67300	2021-04-30 22:35:00
2021-04-30 22:40:00	67301	5.2	71.75	12.431	-1.563	6.508	2.155	0.05	16.04	67306	2021-04-30 23:05:00
2021-04-30 23:50:00	67315	5.92	78.2	11.032	-2.23	5.725	1.168	0.08	17.53	67320	2021-05-01 00:15:00
2021-05-01 00:20:00	67321	5.77	67.934	10.394	-3.483	5.375	2.178	0.07	6.61	67326	2021-05-01 00:45:00
2021-05-01 00:50:00	67327	5.37	58.301	9.729	-4.293	5.24	3.24	0.09	11.33	67332	2021-05-01 01:15:00
2021-05-01 01:20:00	67333	5.35	47.613	9.037	-4.888	4.398	3.937	0.05	27.82	67338	2021-05-01 01:45:00
2021-05-01 09:25:00	67430	5.88	87.071	7.964	-3.948	4.065	0.182	0.08	16.98	67435	2021-05-01 09:50:00
2021-05-03 21:40:00	68153	5.62	68.468	22.858	0.008	4.27	1.682	0.03	16.49	68158	2021-05-03 22:05:00
2021-05-03 22:10:00	68159	5.43	72.87	22.595	-0.035	4.447	1.375	0.03	18.31	68164	2021-05-03 22:35:00
2021-05-03 22:40:00	68165	5.12	63.453	22.324	-1.622	3.86	1.923	0.03	5.49	68170	2021-05-03 23:05:00
2021-05-03 23:15:00	68172	5.12	63.59	21.998	-0.862	4.112	2.047	0.05	5.23	68177	2021-05-03 23:40:00
2021-05-03 23:45:00	68178	5.05	65.811	21.709	-1.133	4.492	1.997	0.04	16.60	68183	2021-05-04 00:10:00
2021-05-04 01:20:00	68197	6.4	60.348	20.739	1.673	3.838	2.225	0.06	26.46	68202	2021-05-04 01:45:00
2021-05-04 08:55:00	68288	6.9	112.044	14.646	-1.273	2.975	-1.162	0.09	27.74	68293	2021-05-04 09:20:00
2021-05-04 09:45:00	68298	6.12	52.537	13.788	-1.267	3.512	2.713	0.08	20.38	68303	2021-05-04 10:10:00
2021-05-04 10:15:00	68304	6.02	50.026	13.251	-1.345	3.453	2.932	0.08	18.88	68309	2021-05-04 10:40:00
2021-05-05 01:50:00	68491	6.5	64.587	13.266	-2.223	2.457	1.173	0.04	19.18	68496	2021-05-05 02:15:00
2021-05-05 02:50:00	68503	6.88	47.078	14.323	0.387	1.322	1.245	0.04	24.71	68508	2021-05-05 03:15:00
2021-05-05 05:35:00	68536	6.22	74.254	16.902	-1.465	3.185	0.898	0.08	9.33	68541	2021-05-05 06:00:00
2021-05-05 07:00:00	68553	6.07	72.331	18.073	-1.875	2.955	0.943	0.04	21.24	68558	2021-05-05 07:25:00
2021-05-05 11:45:00	68610	5.98	74.488	21.369	-0.918	2.748	0.722	0.10	23.43	68615	2021-05-05 12:10:00
2021-05-05 12:15:00	68616	5.57	83.156	21.667	-0.502	3.773	0.453	0.06	2.86	68621	2021-05-05 12:40:00
2021-05-05 12:45:00	68622	5.38	89.459	21.956	-1.265	3.652	0.043	0.02	11.72	68627	2021-05-05 13:10:00
2021-05-05 13:30:00	68631	5.6	66.098	22.375	-0.763	3.408	1.51	0.03	14.80	68636	2021-05-05 13:55:00
2021-05-05 14:00:00	68637	5.6	82.394	22.644	-1.008	3.6	0.495	0.02	20.88	68642	2021-05-05 14:25:00
2021-05-05 14:40:00	68645	5.53	67.778	22.991	-1.86	2.845	1.143	0.05	28.13	68650	2021-05-05 15:05:00
2021-05-05 15:10:00	68651	5.67	55.457	23.243	-1.83	2.468	1.7	0.01	25.92	68656	2021-05-05 15:35:00
2021-05-05 15:40:00	68657	5.57	52.251	23.486	-2.015	2.263	1.76	0.02	28.77	68662	2021-05-05 16:05:00
2021-05-07 08:45:00	69150	5.03	71.79	23.36	-2.363	3.825	1.267	0.07	6.77	69155	2021-05-07 09:10:00
2021-05-07 09:15:00	69156	5.08	71.494	23.113	-2.33	3.602	1.208	0.07	12.75	69161	2021-05-07 09:40:00
2021-05-07 12:15:00	69192	5.2	106.892	21.465	-0.053	4.597	-1.395	0.07	5.29	69197	2021-05-07 12:40:00
2021-05-07 12:45:00	69198	5.18	106.498	21.162	0.232	4.755	-1.408	0.02	13.63	69203	2021-05-07 13:10:00
2021-05-07 13:15:00	69204	5.05	81.453	20.85	-0.187	5.013	0.758	0.06	13.24	69209	2021-05-07 13:40:00
2021-05-07 14:15:00	69216	5.0	64.522	20.199	-0.675	4.495	2.138	0.04	16.67	69221	2021-05-07 14:40:00
2021-05-07 14:45:00	69222	5.02	51.42	19.859	0.003	3.805	3.033	0.06	8.61	69227	2021-05-07 15:10:00
2021-05-07 15:15:00	69228	5.07	51.261	19.51	0.203	3.558	2.855	0.04	21.28	69233	2021-05-07 15:40:00
2021-05-07 16:00:00	69237	5.03	119.869	18.967	-2.56	2.803	-1.608	0.03	25.18	69242	2021-05-07 16:25:00
2021-05-08 02:30:00	69363	5.02	78.544	7.962	0.295	3.837	0.74	0.05	25.78	69368	2021-05-08 02:55:00
2021-05-08 17:30:00	69543	5.2	81.721	16.672	0.097	4.453	0.628	0.06	27.32	69548	2021-05-08 17:55:00
2021-05-08 20:30:00	69579	5.0	61.766	19.073	-1.192	3.677	1.977	0.03	13.81	69584	2021-05-08 20:55:00
2021-05-08 21:30:00	69591	5.68	67.564	19.785	1.945	3.393	1.408	0.02	11.11	69596	2021-05-08 21:55:00
2021-05-08 22:00:00	69597	5.3	68.139	20.127	2.008	3.592	1.422	0.05	15.77	69602	2021-05-08 22:25:00
2021-05-08 22:30:00	69603	5.2	72.211	20.458	0.822	4.007	1.282	0.09	19.88	69608	2021-05-08 22:55:00
2021-05-08 23:00:00	69609	5.05	85.865	20.781	2.265	3.968	0.308	0.05	19.01	69614	2021-05-08 23:25:00
2021-05-09 01:00:00	69633	5.02	59.711	21.983	-1.018	3.523	2.072	0.05	15.66	69638	2021-05-09 01:25:00
2021-05-09 02:20:00	69649	5.02	56.878	22.711	0.468	3.567	2.317	0.06	18.23	69654	2021-05-09 02:45:00
2021-05-09 02:50:00	69655	5.28	64.453	22.969	1.173	3.68	1.755	0.02	22.22	69660	2021-05-09 03:15:00
2021-05-09 03:20:00	69661	5.13	73.86	23.22	0.88	4.118	1.2	0.05	15.65	69666	2021-05-09 03:45:00
2021-05-09 03:50:00	69667	5.2	76.993	23.464	0.917	4.102	0.95	0.04	16.40	69672	2021-05-09 04:15:00
2021-05-09 04:20:00	69673	5.3	61.818	23.7	0.49	3.725	1.998	0.02	12.83	69678	2021-05-09 04:45:00
2021-05-10 23:10:00	70187	6.05	105.086	22.046	1.76	3.795	-1.003	0.05	22.69	70192	2021-05-10 23:35:00
2021-05-10 23:45:00	70194	5.93	70.669	21.712	-0.727	3.825	1.322	0.06	13.28	70199	2021-05-11 00:10:00
2021-05-11 21:15:00	70449	6.02	89.607	7.128	-1.75	3.022	0.017	0.04	13.78	70454	2021-05-11 21:40:00
2021-05-11 21:45:00	70455	5.8	102.714	7.901	-1.298	3.465	-0.792	0.02	25.59	70460	2021-05-11 22:10:00
2021-05-11 22:15:00	70461	5.8	116.25	8.64	-1.897	2.81	-1.387	0.06	15.96	70466	2021-05-11 22:40:00
2021-05-11 23:05:00	70471	5.5	110.168	9.803	-2.888	2.595	-0.952	0.06	9.33	70476	2021-05-11 23:30:00
2021-05-11 23:35:00	70477	5.35	117.324	10.464	-3.145	2.272	-1.17	0.06	20.89	70482	2021-05-12 00:00:00
2021-05-12 00:15:00	70485	5.63	55.793	11.305	0.038	3.417	2.287	0.08	27.36	70490	2021-05-12 00:40:00
2021-05-12 00:45:00	70491	5.62	76.458	11.908	0.328	4.105	0.987	0.04	7.16	70496	2021-05-12 01:10:00
2021-05-12 01:15:00	70497	5.57	95.315	12.49	-0.382	4.09	-0.38	0.03	10.81	70502	2021-05-12 01:40:00
2021-05-12 02:05:00	70507	5.92	75.328	13.415	0.113	3.428	0.897	0.07	23.95	70512	2021-05-12 02:30:00
2021-05-12 02:40:00	70514	5.95	67.016	14.032	-0.82	2.873	1.235	0.10	25.72	70519	2021-05-12 03:05:00
2021-05-12 03:10:00	70520	5.97	58.21	14.542	-1.582	2.542	1.585	0.05	16.43	70525	2021-05-12 03:35:00
2021-05-12 04:05:00	70531	5.85	127.246	15.437	-0.343	2.967	-2.268	0.06	19.54	70536	2021-05-12 04:30:00
2021-05-12 04:35:00	70537	5.88	123.697	15.903	-0.902	2.86	-1.912	0.06	24.61	70542	2021-05-12 05:00:00
2021-05-15 12:30:00	71492	6.35	130.255	11.624	3.577	1.22	-1.04	0.05	19.12	71497	2021-05-15 12:55:00
2021-05-26 05:55:00	74185	6.62	132.866	16.91	-1.153	0.583	-0.542	0.08	8.73	74190	2021-05-26 06:20:00
2021-05-26 06:50:00	74196	6.43	125.344	17.676	-1.603	0.965	-0.687	0.09	12.50	74201	2021-05-26 07:15:00
2021-05-26 08:45:00	74219	6.35	75.665	19.152	-0.888	1.723	0.437	0.10	14.76	74224	2021-05-26 09:10:00
2021-05-26 10:10:00	74236	6.28	105.59	20.143	-0.93	1.713	-0.477	0.06	6.17	74241	2021-05-26 10:35:00
2021-05-26 10:40:00	74242	6.23	116.156	20.475	-0.205	1.875	-0.922	0.08	10.59	74247	2021-05-26 11:05:00
2021-05-26 11:10:00	74248	6.1	110.467	20.797	-0.508	2.278	-0.852	0.06	9.37	74253	2021-05-26 11:35:00
2021-05-26 11:50:00	74256	5.8	102.528	21.213	-1.558	2.418	-0.54	0.07	8.43	74261	2021-05-26 12:15:00
2021-05-26 12:20:00	74262	5.73	102.354	21.514	-1.47	2.618	-0.568	0.04	12.69	74267	2021-05-26 12:45:00
2021-05-28 12:35:00	74841	5.07	92.507	21.301	1.308	5.103	-0.193	0.05	21.68	74846	2021-05-28 13:00:00
2021-05-28 17:35:00	74901	5.03	68.425	17.79	-0.723	5.08	2.01	0.06	6.34	74906	2021-05-28 18:00:00
