Start_str	Start_ind	Mgs#_avg	Clang_avg	Rmag_avg	Bx_avg(nT)	By_avg(nT)	Bz_avg(nT)	Bdeviat	Dtheta	End_ind	End_str
2018-09-02 22:10:00	554	6.87	80.565	15.563	-2.445	1.818	0.258	0.10	28.58	559	2018-09-02 22:35:00
2018-09-04 06:50:00	946	6.42	119.824	23.63	0.638	4.003	-2.298	0.08	24.55	951	2018-09-04 07:15:00
2018-09-06 15:55:00	1629	7.0	87.721	18.291	-0.273	2.782	0.097	0.07	28.33	1634	2018-09-06 16:20:00
2018-09-06 19:35:00	1646	6.08	109.551	20.653	-1.908	3.732	-1.335	0.04	14.07	1651	2018-09-06 20:00:00
2018-09-08 11:20:00	2117	6.47	129.735	17.371	-3.628	0.92	-0.813	0.02	29.56	2122	2018-09-08 11:45:00
2018-09-08 11:50:00	2123	6.32	113.122	16.965	-3.707	1.075	-0.453	0.05	18.31	2128	2018-09-08 12:15:00
2018-09-08 12:40:00	2133	6.68	119.08	16.254	-2.893	1.547	-0.857	0.08	20.01	2138	2018-09-08 13:05:00
2018-09-08 16:10:00	2175	6.5	123.331	12.722	-1.235	3.282	-2.095	0.09	24.35	2180	2018-09-08 16:35:00
2018-09-09 02:10:00	2283	6.98	86.372	8.094	-2.75	1.79	0.118	0.05	10.18	2288	2018-09-09 02:35:00
2018-09-09 22:40:00	2529	6.83	61.636	23.783	-3.433	1.112	0.598	0.05	11.36	2534	2018-09-09 23:05:00
2018-09-09 23:10:00	2535	6.88	69.275	23.927	-3.295	1.235	0.467	0.01	3.71	2540	2018-09-09 23:35:00
2018-09-11 03:00:00	2818	5.23	105.293	20.085	-5.858	6.187	-1.623	0.10	15.26	2823	2018-09-11 03:25:00
2018-09-12 08:15:00	3169	5.65	89.155	19.035	-4.585	2.305	0.028	0.09	11.75	3174	2018-09-12 08:40:00
2018-09-12 08:45:00	3175	5.25	88.295	19.367	-4.73	2.522	0.077	0.05	5.62	3180	2018-09-12 09:10:00
2018-09-12 16:00:00	3262	5.48	131.367	23.017	-4.28	1.81	-1.525	0.09	24.18	3267	2018-09-12 16:25:00
2018-09-12 17:00:00	3274	5.52	112.475	23.369	-4.605	2.158	-0.795	0.06	20.28	3279	2018-09-12 17:25:00
2018-09-12 17:30:00	3280	6.15	113.6	23.532	-2.302	3.927	-1.738	0.04	15.78	3285	2018-09-12 17:55:00
2018-09-12 18:30:00	3292	6.55	105.321	23.835	0.022	4.36	-1.193	0.09	19.51	3297	2018-09-12 18:55:00
2018-09-13 14:15:00	3529	5.62	104.855	23.735	-3.587	5.128	-1.355	0.08	19.15	3534	2018-09-13 14:40:00
2018-09-13 19:50:00	3596	5.75	103.353	21.547	-4.755	2.613	-0.625	0.10	25.89	3601	2018-09-13 20:15:00
2018-09-13 23:20:00	3638	6.0	119.235	19.578	-2.858	3.997	-2.247	0.06	11.52	3643	2018-09-13 23:45:00
2018-09-14 06:40:00	3726	6.8	74.617	13.404	-3.932	1.365	0.365	0.04	18.01	3731	2018-09-14 07:05:00
2018-09-14 09:05:00	3755	6.88	105.847	10.442	-4.05	1.525	-0.422	0.04	25.10	3760	2018-09-14 09:30:00
2018-09-16 15:15:00	4405	7.0	106.546	21.619	-2.907	1.068	-0.315	0.05	6.56	4410	2018-09-16 15:40:00
2018-09-16 22:05:00	4478	6.68	132.103	17.294	-3.348	0.712	-0.655	0.05	9.90	4483	2018-09-16 22:30:00
2018-09-20 01:35:00	5384	5.27	68.407	8.558	4.147	1.39	0.547	0.09	13.76	5389	2018-09-20 02:00:00
2018-09-20 02:05:00	5390	5.25	49.48	7.738	3.965	1.17	1.03	0.07	20.14	5395	2018-09-20 02:30:00
2018-09-22 04:20:00	5993	5.33	111.597	22.607	-4.358	6.93	-2.753	0.05	13.23	5998	2018-09-22 04:45:00
2018-09-22 05:00:00	6001	5.13	119.155	22.329	-3.885	6.073	-3.39	0.07	17.47	6006	2018-09-22 05:25:00
2018-09-22 16:40:00	6141	5.92	83.99	14.324	-4.13	4.242	0.415	0.07	27.90	6146	2018-09-22 17:05:00
2018-09-22 17:35:00	6152	6.02	105.067	13.35	0.305	5.655	-1.492	0.07	15.71	6157	2018-09-22 18:00:00
2018-09-22 19:15:00	6172	5.95	120.956	11.372	-1.652	4.847	-2.912	0.10	26.82	6177	2018-09-22 19:40:00
2018-09-23 04:05:00	6278	6.72	115.948	7.923	-3.607	3.303	-1.597	0.07	15.50	6283	2018-09-23 04:30:00
2018-09-25 16:15:00	6978	5.12	76.415	9.354	-6.572	2.982	0.722	0.03	9.12	6983	2018-09-25 16:40:00
2018-09-25 17:35:00	6994	5.87	83.021	7.2	-5.085	4.043	0.48	0.02	18.75	6999	2018-09-25 18:00:00
2018-09-26 02:55:00	7106	5.97	94.75	12.471	-3.568	2.885	-0.332	0.02	25.79	7111	2018-09-26 03:20:00
2018-09-26 03:40:00	7115	6.08	103.542	13.325	-2.398	2.842	-0.803	0.07	24.03	7120	2018-09-26 04:05:00
2018-09-26 04:10:00	7121	6.2	106.765	13.865	-0.808	4.113	-1.253	0.04	7.96	7126	2018-09-26 04:35:00
2018-09-26 04:40:00	7127	6.3	115.986	14.384	0.555	3.717	-1.803	0.03	6.31	7132	2018-09-26 05:05:00
2018-09-26 05:10:00	7133	6.57	134.108	14.883	3.032	2.432	-2.247	0.05	25.23	7138	2018-09-26 05:35:00
2018-09-26 18:45:00	7296	5.77	49.336	23.261	-4.872	1.682	1.437	0.04	25.83	7301	2018-09-26 19:10:00
2018-09-26 19:15:00	7302	5.63	68.065	23.428	-5.025	2.302	0.913	0.07	13.94	7307	2018-09-26 19:40:00
2018-09-26 19:45:00	7308	5.78	77.053	23.587	-4.687	2.688	0.612	0.09	11.93	7313	2018-09-26 20:10:00
2018-09-26 20:15:00	7314	5.75	75.632	23.737	-4.385	2.47	0.637	0.04	12.40	7319	2018-09-26 20:40:00
2018-09-27 15:10:00	7541	6.72	103.776	23.991	-3.338	2.052	-0.515	0.03	23.40	7546	2018-09-27 15:35:00
2018-09-28 05:00:00	7705	6.03	126.312	16.832	3.398	3.527	-2.563	0.02	15.36	7710	2018-09-28 05:25:00
2018-09-28 05:35:00	7712	6.37	118.107	16.336	3.553	3.17	-1.698	0.09	18.62	7717	2018-09-28 06:00:00
2018-09-28 06:05:00	7718	7.0	119.475	15.894	2.975	3.052	-1.74	0.06	20.02	7723	2018-09-28 06:30:00
2018-09-28 06:35:00	7724	6.67	112.116	15.435	2.737	3.887	-1.565	0.07	21.38	7729	2018-09-28 07:00:00
2018-09-28 07:05:00	7730	6.65	94.316	14.958	2.428	4.185	-0.308	0.03	13.03	7735	2018-09-28 07:30:00
2018-09-28 07:35:00	7736	6.65	98.545	14.463	2.827	3.673	-0.507	0.08	22.41	7741	2018-09-28 08:00:00
2018-09-29 01:45:00	7954	5.72	96.765	15.872	-3.663	5.717	-0.68	0.07	5.89	7959	2018-09-29 02:10:00
2018-09-29 02:45:00	7966	6.47	102.163	16.742	-3.69	4.238	-0.925	0.08	22.07	7971	2018-09-29 03:10:00
2018-09-29 03:25:00	7974	5.55	84.623	17.288	-6.105	4.058	0.285	0.09	29.68	7979	2018-09-29 03:50:00
2018-09-29 03:55:00	7980	6.03	115.917	17.681	-2.367	5.567	-2.765	0.06	19.55	7985	2018-09-29 04:20:00
2018-09-29 05:00:00	7993	5.57	66.015	18.484	-5.423	3.52	1.517	0.06	29.11	7998	2018-09-29 05:25:00
2018-09-29 09:25:00	8046	6.02	99.122	21.184	-2.255	4.34	-0.697	0.09	14.63	8051	2018-09-29 09:50:00
2018-09-29 09:55:00	8052	6.02	96.386	21.438	-2.21	4.72	-0.537	0.05	10.49	8057	2018-09-29 10:20:00
2018-09-29 11:05:00	8066	5.97	126.744	21.993	-3.083	3.49	-2.613	0.07	23.35	8071	2018-09-29 11:30:00
2018-09-29 11:35:00	8072	5.87	126.109	22.215	-2.94	3.777	-2.755	0.01	19.33	8077	2018-09-29 12:00:00
2018-09-29 12:35:00	8084	5.67	103.83	22.633	-4.183	3.52	-0.922	0.04	28.23	8089	2018-09-29 13:00:00
2018-09-29 13:10:00	8091	6.03	107.51	22.86	-3.587	3.41	-1.14	0.09	26.55	8096	2018-09-29 13:35:00
2018-09-29 13:40:00	8097	6.08	117.447	23.046	-3.488	3.195	-1.682	0.04	18.77	8102	2018-09-29 14:05:00
2018-09-29 14:10:00	8103	5.97	91.003	23.223	-3.797	3.253	-0.092	0.02	16.20	8108	2018-09-29 14:35:00
2018-09-29 15:05:00	8114	5.87	96.547	23.527	-4.952	1.307	-0.15	0.10	24.78	8119	2018-09-29 15:30:00
2018-09-30 13:50:00	8386	6.0	134.303	23.023	-2.858	0.795	-0.812	0.09	13.73	8391	2018-09-30 14:15:00
2018-09-30 14:20:00	8392	6.02	134.659	22.836	-2.92	1.012	-1.002	0.02	4.98	8397	2018-09-30 14:45:00
2018-09-30 16:45:00	8421	6.0	112.104	21.81	-3.738	1.537	-0.625	0.09	12.23	8426	2018-09-30 17:10:00
2018-09-30 19:10:00	8450	5.95	68.193	20.564	-3.105	1.968	0.805	0.06	19.45	8455	2018-09-30 19:35:00
2018-10-01 04:10:00	8557	6.53	123.858	13.404	-2.223	2.003	-1.323	0.05	25.19	8562	2018-10-01 04:35:00
2018-10-01 06:00:00	8579	6.6	126.633	11.225	-2.855	1.475	-1.102	0.04	11.06	8584	2018-10-01 06:25:00
2018-10-01 06:30:00	8585	6.8	116.555	10.564	-3.122	1.223	-0.602	0.03	11.07	8590	2018-10-01 06:55:00
2018-10-01 07:00:00	8591	6.8	118.695	9.867	-2.488	1.797	-1.005	0.06	11.55	8596	2018-10-01 07:25:00
2018-10-01 19:10:00	8737	5.43	46.476	13.761	-5.132	3.385	3.175	0.06	27.52	8742	2018-10-01 19:35:00
2018-10-01 23:40:00	8791	6.62	117.308	17.821	-0.942	4.015	-2.092	0.07	14.33	8796	2018-10-02 00:05:00
2018-10-02 09:35:00	8910	6.52	66.975	23.174	-4.667	1.5	0.62	0.03	28.97	8915	2018-10-02 10:00:00
2018-10-02 10:05:00	8916	6.43	71.028	23.346	-4.605	1.713	0.593	0.09	26.29	8921	2018-10-02 10:30:00
2018-10-05 00:00:00	9655	5.77	113.519	20.865	-1.625	4.162	-1.828	0.05	28.97	9660	2018-10-05 00:25:00
2018-10-05 00:30:00	9661	5.95	107.629	21.131	-1.498	4.253	-1.353	0.04	8.88	9666	2018-10-05 00:55:00
2018-10-05 01:40:00	9675	5.73	105.44	21.712	-1.457	4.673	-1.29	0.10	10.54	9680	2018-10-05 02:05:00
2018-10-05 02:10:00	9681	5.68	97.659	21.946	-2.063	4.547	-0.615	0.06	13.59	9686	2018-10-05 02:35:00
2018-10-05 02:40:00	9687	5.9	100.107	22.17	-2.283	4.273	-0.757	0.06	8.28	9692	2018-10-05 03:05:00
2018-10-06 11:35:00	10082	6.7	85.734	19.857	-0.808	2.945	0.227	0.08	8.21	10087	2018-10-06 12:00:00
2018-10-06 12:35:00	10094	6.72	84.241	19.219	-0.865	2.833	0.295	0.06	27.50	10099	2018-10-06 13:00:00
2018-10-06 13:05:00	10100	6.57	70.55	18.882	-0.867	2.898	1.025	0.03	4.23	10105	2018-10-06 13:30:00
2018-10-06 13:35:00	10106	6.62	71.982	18.534	-0.885	2.767	0.897	0.04	10.07	10111	2018-10-06 14:00:00
2018-10-06 15:05:00	10124	6.63	79.065	17.41	0.193	2.898	0.563	0.10	10.49	10129	2018-10-06 15:30:00
2018-10-07 21:00:00	10476	6.08	102.017	21.563	-2.737	5.397	-1.197	0.10	13.05	10481	2018-10-07 21:25:00
2018-10-10 02:05:00	11014	5.95	80.255	8.789	-4.203	2.29	0.382	0.06	24.61	11019	2018-10-10 02:30:00
2018-10-11 19:45:00	11506	6.5	121.161	23.129	1.137	2.977	-1.795	0.09	8.57	11511	2018-10-11 20:10:00
2018-10-11 20:15:00	11512	6.58	114.19	22.949	0.878	3.465	-1.547	0.07	15.54	11517	2018-10-11 20:40:00
2018-10-11 20:50:00	11519	6.25	88.922	22.728	-1.768	3.44	-0.003	0.06	24.17	11524	2018-10-11 21:15:00
2018-10-12 09:00:00	11663	6.95	132.614	14.89	1.147	2.102	-1.933	0.09	22.56	11668	2018-10-12 09:25:00
2018-10-12 10:35:00	11682	6.78	110.324	13.246	0.318	3.047	-1.13	0.09	6.32	11687	2018-10-12 11:00:00
2018-10-12 11:30:00	11693	6.9	97.005	12.191	1.747	2.402	-0.313	0.05	12.88	11698	2018-10-12 11:55:00
2018-10-12 12:40:00	11707	6.13	77.95	10.715	-1.273	2.688	0.583	0.08	22.82	11712	2018-10-12 13:05:00
2018-10-12 13:10:00	11713	6.67	79.296	10.029	0.132	3.063	0.577	0.07	11.98	11718	2018-10-12 13:35:00
2018-10-12 14:40:00	11731	6.28	132.575	7.724	2.255	2.123	-1.963	0.08	27.41	11736	2018-10-12 15:05:00
2018-10-13 00:20:00	11845	5.78	82.258	12.464	-3.113	2.92	0.432	0.06	24.32	11850	2018-10-13 00:45:00
2018-10-14 18:10:00	12333	6.5	84.922	21.994	3.642	4.517	0.385	0.07	15.20	12338	2018-10-14 18:35:00
2018-10-16 13:50:00	12814	6.5	109.28	23.906	3.163	2.075	-0.737	0.10	12.08	12819	2018-10-16 14:15:00
2018-10-21 21:45:00	14233	5.35	124.69	20.953	-4.358	5.257	-3.563	0.06	26.53	14238	2018-10-21 22:10:00
2018-10-22 00:10:00	14262	6.07	108.556	22.125	1.158	5.238	-1.757	0.02	11.44	14267	2018-10-22 00:35:00
2018-10-22 00:40:00	14268	5.98	103.46	22.34	1.352	5.542	-1.33	0.05	24.22	14273	2018-10-22 01:05:00
2018-10-23 05:30:00	14614	6.3	114.837	21.719	0.727	2.422	-1.118	0.05	20.20	14619	2018-10-23 05:55:00
2018-10-23 07:55:00	14643	5.92	107.951	20.465	0.637	3.627	-1.148	0.02	28.13	14648	2018-10-23 08:20:00
2018-10-23 11:35:00	14687	5.67	112.826	18.08	-1.485	3.687	-1.54	0.10	15.45	14692	2018-10-23 12:00:00
2018-10-23 12:05:00	14693	5.6	109.449	17.704	-1.92	4.042	-1.427	0.02	4.75	14698	2018-10-23 12:30:00
2018-10-23 12:35:00	14699	5.73	108.605	17.314	-1.218	4.095	-1.382	0.04	11.50	14704	2018-10-23 13:00:00
2018-10-31 16:40:00	17018	6.2	112.031	21.519	-2.562	3.465	-1.428	0.07	18.91	17023	2018-10-31 17:05:00
2018-10-31 17:15:00	17025	6.23	70.497	21.227	-3.47	2.17	0.758	0.07	26.72	17030	2018-10-31 17:40:00
2018-10-31 20:15:00	17061	5.7	84.763	19.507	-4.36	3.533	0.34	0.08	24.07	17066	2018-10-31 20:40:00
2018-10-31 20:45:00	17067	5.68	73.77	19.181	-4.225	3.472	1.013	0.06	7.75	17072	2018-10-31 21:10:00
2018-10-31 21:45:00	17079	6.03	108.482	18.495	-2.653	4.338	-1.458	0.06	11.70	17084	2018-10-31 22:10:00
2018-10-31 22:15:00	17085	5.55	91.646	18.133	-3.088	4.855	-0.172	0.06	28.43	17090	2018-10-31 22:40:00
2018-10-31 22:45:00	17091	5.6	103.212	17.758	-2.995	4.707	-1.103	0.02	19.15	17096	2018-10-31 23:10:00
2018-10-31 23:30:00	17100	6.13	91.46	17.17	-3.328	3.575	-0.07	0.07	10.66	17105	2018-10-31 23:55:00
2018-11-01 00:35:00	17113	5.8	76.205	16.262	-2.98	4.358	1.092	0.03	19.20	17118	2018-11-01 01:00:00
2018-11-01 22:55:00	17305	6.03	90.564	17.699	-3.382	1.99	-0.035	0.06	28.84	17310	2018-11-01 23:20:00
2018-11-01 23:25:00	17311	6.08	102.372	18.076	-2.515	2.685	-0.607	0.04	26.06	17316	2018-11-01 23:50:00
2018-11-02 00:00:00	17318	6.18	119.202	18.499	-2.222	2.443	-1.39	0.03	12.12	17323	2018-11-02 00:25:00
2018-11-02 00:45:00	17327	6.17	92.8	19.018	-2.74	2.365	-0.077	0.05	20.74	17332	2018-11-02 01:10:00
2018-11-02 01:15:00	17333	6.15	80.142	19.348	-1.522	3.333	0.588	0.10	13.73	17338	2018-11-02 01:40:00
2018-11-02 01:45:00	17339	6.15	84.863	19.667	-1.8	3.205	0.285	0.02	16.15	17344	2018-11-02 02:10:00
2018-11-02 02:15:00	17345	6.2	85.616	19.975	-2.405	2.642	0.21	0.04	20.41	17350	2018-11-02 02:40:00
2018-11-02 03:05:00	17355	6.3	82.13	20.464	-3.067	1.55	0.207	0.02	19.07	17360	2018-11-02 03:30:00
2018-11-02 03:35:00	17361	6.3	73.451	20.743	-3.032	1.65	0.482	0.04	13.80	17366	2018-11-02 04:00:00
2018-11-02 04:05:00	17367	6.38	70.085	21.012	-3.078	1.272	0.452	0.05	12.92	17372	2018-11-02 04:30:00
2018-11-02 04:35:00	17373	6.3	91.063	21.271	-3.012	1.588	-0.043	0.03	27.64	17378	2018-11-02 05:00:00
2018-11-03 05:55:00	17677	6.1	46.791	23.904	3.212	1.262	1.215	0.08	24.68	17682	2018-11-03 06:20:00
2018-11-04 18:40:00	18077	5.28	128.859	17.81	-4.027	6.302	-5.117	0.07	28.65	18082	2018-11-04 19:05:00
2018-11-05 05:40:00	18179	6.77	50.099	23.502	-3.742	3.337	2.817	0.04	19.03	18184	2018-11-05 06:05:00
2018-11-05 06:40:00	18191	6.57	77.774	23.8	-3.528	3.682	0.755	0.07	20.68	18196	2018-11-05 07:05:00
2018-11-06 09:35:00	18514	6.87	129.419	20.565	-2.392	2.888	-2.388	0.05	17.14	18519	2018-11-06 10:00:00
2018-11-06 10:05:00	18520	6.82	121.497	20.28	-2.007	3.448	-2.123	0.01	15.40	18525	2018-11-06 10:30:00
2018-11-06 10:35:00	18526	6.73	124.127	19.984	-1.788	3.363	-2.275	0.05	6.87	18531	2018-11-06 11:00:00
2018-11-06 16:25:00	18596	6.75	94.017	15.615	-1.523	3.522	-0.273	0.09	13.56	18601	2018-11-06 16:50:00
2018-11-06 18:00:00	18615	6.93	114.596	14.069	-3.37	1.278	-0.582	0.03	29.66	18620	2018-11-06 18:25:00
2018-11-06 22:20:00	18667	6.82	117.542	8.576	-0.167	3.18	-1.787	0.02	29.52	18672	2018-11-06 22:45:00
2018-11-07 20:20:00	18931	5.38	114.208	21.565	-5.433	3.675	-1.665	0.10	22.86	18936	2018-11-07 20:45:00
2018-11-07 20:50:00	18937	5.68	116.418	21.803	-3.887	4.658	-2.338	0.02	16.85	18942	2018-11-07 21:15:00
2018-11-08 22:05:00	19238	6.47	110.093	23.571	3.213	1.558	-0.57	0.03	9.87	19243	2018-11-08 22:30:00
2018-11-12 12:00:00	20181	6.65	75.291	10.676	3.837	2.033	0.532	0.09	18.40	20186	2018-11-12 12:25:00
2018-11-12 13:45:00	20202	6.65	94.309	8.087	2.115	2.952	-0.225	0.08	18.54	20207	2018-11-12 14:10:00
2018-11-18 21:20:00	21906	5.6	75.723	18.391	1.34	4.598	1.17	0.03	20.17	21911	2018-11-18 21:45:00
2018-11-23 08:45:00	23190	6.38	58.446	19.539	3.175	0.395	0.24	0.08	29.23	23195	2018-11-23 09:10:00
2018-11-24 07:40:00	23465	6.45	66.472	14.359	2.025	0.915	0.39	0.10	17.66	23470	2018-11-24 08:05:00
2018-11-24 08:15:00	23472	6.28	57.898	14.939	2.312	0.75	0.46	0.07	28.65	23477	2018-11-24 08:40:00
2018-11-24 09:15:00	23484	6.4	47.881	15.875	1.835	1.055	0.952	0.09	13.28	23489	2018-11-24 09:40:00
2018-11-29 20:55:00	25064	6.78	64.65	12.185	2.597	1.162	0.562	0.10	24.46	25069	2018-11-29 21:20:00
2018-12-01 13:50:00	25552	5.52	62.931	22.525	2.263	6.977	3.515	0.05	27.48	25557	2018-12-01 14:15:00
2018-12-01 18:55:00	25612	5.32	99.627	19.96	-6.075	6.588	-1.088	0.10	22.63	25617	2018-12-01 19:20:00
2018-12-01 21:30:00	25643	5.7	60.934	18.235	1.865	5.452	3.048	0.06	14.12	25648	2018-12-01 21:55:00
2018-12-01 22:15:00	25652	5.82	58.056	17.672	3.032	4.383	2.672	0.09	26.55	25657	2018-12-01 22:40:00
2018-12-01 22:55:00	25660	5.82	88.697	17.145	5.105	4.007	0.117	0.10	18.43	25665	2018-12-01 23:20:00
2018-12-01 23:25:00	25666	5.32	89.758	16.733	6.917	2.712	0.1	0.07	22.26	25671	2018-12-01 23:50:00
2018-12-02 02:20:00	25701	5.1	103.611	13.999	-3.712	5.572	-1.335	0.05	18.83	25706	2018-12-02 02:45:00
2018-12-02 02:50:00	25707	5.32	107.623	13.465	-4.86	4.038	-1.258	0.07	12.32	25712	2018-12-02 03:15:00
2018-12-02 04:00:00	25721	5.43	113.142	12.127	-5.085	3.387	-1.383	0.05	21.92	25726	2018-12-02 04:25:00
2018-12-02 04:30:00	25727	5.52	106.024	11.51	-4.423	4.51	-1.292	0.04	9.94	25732	2018-12-02 04:55:00
2018-12-02 05:00:00	25733	5.27	94.069	10.863	-4.942	4.392	-0.348	0.09	25.97	25738	2018-12-02 05:25:00
2018-12-02 05:45:00	25742	5.17	94.293	9.83	-4.205	5.438	-0.42	0.05	13.66	25747	2018-12-02 06:10:00
2018-12-02 06:45:00	25754	5.18	103.312	8.312	-3.762	5.683	-1.362	0.08	13.36	25759	2018-12-02 07:10:00
2018-12-02 13:00:00	25829	5.33	88.093	7.107	-4.123	6.068	0.198	0.02	8.60	25834	2018-12-02 13:25:00
2018-12-02 13:45:00	25838	5.15	133.952	8.372	-4.098	4.005	-3.898	0.04	19.73	25843	2018-12-02 14:10:00
2018-12-02 14:50:00	25851	5.95	132.32	10.001	-3.748	3.488	-3.162	0.08	11.83	25856	2018-12-02 15:15:00
2018-12-02 22:00:00	25937	6.08	109.956	17.505	-2.14	4.778	-1.74	0.04	12.07	25942	2018-12-02 22:25:00
2018-12-02 22:55:00	25948	6.08	103.95	18.2	-2.725	4.423	-1.087	0.05	17.74	25953	2018-12-02 23:20:00
2018-12-05 01:55:00	26559	6.8	85.555	8.896	-1.867	3.225	0.303	0.06	29.21	26564	2018-12-05 02:20:00
2018-12-05 02:50:00	26570	6.77	73.195	7.4	-2.345	2.703	0.807	0.05	16.16	26575	2018-12-05 03:15:00
2018-12-05 20:30:00	26778	6.45	132.927	19.598	-1.01	2.708	-2.523	0.07	16.08	26783	2018-12-05 20:55:00
2018-12-10 23:45:00	28189	6.58	56.078	7.203	4.113	1.982	1.322	0.05	24.29	28194	2018-12-11 00:10:00
2018-12-11 10:05:00	28272	6.4	60.968	18.564	3.168	2.457	1.3	0.08	29.84	28277	2018-12-11 10:30:00
2018-12-11 21:10:00	28390	6.57	76.147	23.881	3.21	2.782	0.673	0.02	11.23	28395	2018-12-11 21:35:00
2018-12-14 04:15:00	29035	5.38	89.468	17.422	2.03	3.608	-0.002	0.07	17.24	29040	2018-12-14 04:40:00
2018-12-16 08:00:00	29611	6.32	86.288	9.442	-1.103	2.582	0.168	0.07	20.62	29616	2018-12-16 08:25:00
2018-12-19 02:05:00	30266	5.43	46.056	11.439	3.597	2.097	2.125	0.09	28.51	30271	2018-12-19 02:30:00
2018-12-19 02:35:00	30272	5.13	62.939	10.788	4.197	1.727	0.83	0.06	27.79	30277	2018-12-19 03:00:00
2018-12-26 20:35:00	32115	5.88	54.962	23.199	0.978	3.253	2.273	0.08	15.36	32120	2018-12-26 21:00:00
2018-12-26 21:15:00	32123	6.07	49.272	22.955	1.255	2.615	2.257	0.03	8.66	32128	2018-12-26 21:40:00
2018-12-27 03:35:00	32199	6.17	59.674	19.834	2.212	1.807	1.087	0.06	23.09	32204	2018-12-27 04:00:00
2018-12-27 04:40:00	32212	6.07	66.264	19.134	3.522	0.98	0.428	0.01	8.97	32217	2018-12-27 05:05:00
2018-12-27 06:15:00	32231	6.17	47.326	18.01	2.952	1.362	1.275	0.04	22.58	32236	2018-12-27 06:40:00
2018-12-29 21:55:00	32899	6.78	87.303	20.577	-2.565	4.413	0.207	0.06	15.07	32904	2018-12-29 22:20:00
2018-12-29 22:25:00	32905	6.67	93.032	20.289	-1.852	5.117	-0.272	0.03	6.50	32910	2018-12-29 22:50:00
2018-12-29 23:00:00	32912	6.65	97.564	19.939	-2.292	4.45	-0.603	0.08	24.22	32917	2018-12-29 23:25:00
2018-12-30 01:55:00	32947	6.33	92.588	17.951	-3.41	4.315	-0.187	0.04	23.74	32952	2018-12-30 02:20:00
2018-12-30 04:20:00	32976	6.35	116.301	15.959	-3.143	3.983	-1.97	0.03	16.75	32981	2018-12-30 04:45:00
2018-12-30 06:15:00	32999	6.38	128.627	14.102	-1.458	4.117	-3.298	0.02	17.33	33004	2018-12-30 06:40:00
2018-12-30 06:45:00	33005	6.43	133.942	13.57	-1.49	3.585	-3.482	0.08	15.98	33010	2018-12-30 07:10:00
2018-12-31 02:55:00	33247	6.78	93.952	18.264	3.315	3.868	-0.267	0.04	18.04	33252	2018-12-31 03:20:00
2018-12-31 08:35:00	33290	6.23	111.744	21.67	0.188	5.402	-2.158	0.08	12.45	33295	2018-12-31 09:00:00
2019-01-01 09:10:00	33486	6.48	126.291	23.99	3.043	3.235	-2.392	0.07	27.28	33491	2019-01-01 09:35:00
2019-01-01 09:40:00	33492	6.08	100.475	23.851	3.305	4.09	-0.752	0.02	12.14	33497	2019-01-01 10:05:00
2019-01-01 13:30:00	33529	6.18	118.033	22.514	-2.453	1.973	-1.038	0.08	26.96	33534	2019-01-01 13:55:00
2019-01-01 15:20:00	33551	5.77	73.271	21.694	-3.225	2.082	0.562	0.03	20.77	33556	2019-01-01 15:45:00
2019-01-01 15:50:00	33557	6.05	87.787	21.449	-2.768	2.747	0.063	0.02	28.56	33562	2019-01-01 16:15:00
2019-01-02 15:55:00	33605	6.43	91.334	12.083	0.227	2.657	-0.058	0.06	16.63	33610	2019-01-02 16:20:00
2019-01-02 18:40:00	33638	6.03	73.463	15.062	3.065	1.077	0.333	0.08	19.61	33643	2019-01-02 19:05:00
2019-01-02 19:40:00	33650	5.87	59.014	15.994	3.34	0.927	0.533	0.07	20.37	33655	2019-01-02 20:05:00
2019-01-02 20:10:00	33656	5.87	63.917	16.434	2.825	1.503	0.732	0.07	20.53	33661	2019-01-02 20:35:00
2019-01-02 20:40:00	33662	6.15	105.627	16.859	0.482	2.78	-0.78	0.05	24.19	33667	2019-01-02 21:05:00
2019-01-02 21:10:00	33668	6.33	108.021	17.268	1.02	2.532	-0.842	0.04	27.64	33673	2019-01-02 21:35:00
2019-01-02 23:20:00	33694	6.55	119.873	18.882	1.717	1.498	-0.863	0.07	5.66	33699	2019-01-02 23:45:00
2019-01-03 00:00:00	33700	6.53	116.522	19.331	-0.167	1.738	-0.868	0.06	5.00	33705	2019-01-03 00:25:00
2019-01-03 01:10:00	33714	6.42	118.226	20.066	0.823	1.795	-0.958	0.08	15.50	33719	2019-01-03 01:35:00
2019-01-03 02:15:00	33727	6.22	130.818	20.695	-0.258	0.998	-0.84	0.07	19.56	33732	2019-01-03 02:40:00
2019-01-03 02:45:00	33733	6.2	120.351	20.969	-0.405	1.467	-0.855	0.03	5.30	33738	2019-01-03 03:10:00
2019-01-03 03:15:00	33739	6.05	125.739	21.232	-1.525	1.467	-1.055	0.07	9.93	33744	2019-01-03 03:40:00
2019-01-03 04:25:00	33753	5.88	127.495	21.81	-1.702	1.417	-1.055	0.09	22.08	33758	2019-01-03 04:50:00
2019-01-03 04:55:00	33759	5.9	110.938	22.041	-1.253	1.942	-0.742	0.02	11.02	33764	2019-01-03 05:20:00
2019-01-03 05:25:00	33765	5.83	118.439	22.264	-1.193	1.728	-0.928	0.03	9.02	33770	2019-01-03 05:50:00
2019-01-03 05:55:00	33771	5.92	125.054	22.477	-1.227	1.632	-1.143	0.02	4.83	33776	2019-01-03 06:20:00
2019-01-03 06:30:00	33778	5.9	110.035	22.715	-0.867	1.922	-0.695	0.06	28.66	33783	2019-01-03 06:55:00
2019-01-03 07:00:00	33784	5.88	107.553	22.909	-0.123	2.147	-0.675	0.09	11.08	33789	2019-01-03 07:25:00
2019-01-03 09:05:00	33809	5.88	121.505	23.629	-0.222	1.527	-0.968	0.05	27.42	33814	2019-01-03 09:30:00
2019-01-03 09:35:00	33815	6.05	87.959	23.78	1.327	1.9	0.048	0.07	19.66	33820	2019-01-03 10:00:00
2019-01-04 05:50:00	34057	5.58	95.473	23.692	-2.485	4.65	-0.488	0.07	20.79	34062	2019-01-04 06:15:00
2019-01-04 06:20:00	34063	5.48	99.513	23.536	-2.8	5.092	-0.878	0.08	7.80	34068	2019-01-04 06:45:00
2019-01-04 06:50:00	34069	5.48	120.005	23.371	-1.9	5.25	-3.032	0.05	19.32	34074	2019-01-04 07:15:00
2019-01-04 07:20:00	34075	5.48	134.996	23.199	-1.627	4.265	-4.265	0.02	6.00	34080	2019-01-04 07:45:00
2019-01-04 11:40:00	34096	6.08	101.251	21.337	-3.957	5.845	-1.277	0.08	27.20	34101	2019-01-04 12:05:00
2019-01-04 12:55:00	34111	5.78	79.563	20.668	-4.19	6.82	1.212	0.09	21.00	34116	2019-01-04 13:20:00
2019-01-04 13:25:00	34117	5.68	83.476	20.383	-3.512	7.74	0.888	0.05	11.54	34122	2019-01-04 13:50:00
2019-01-04 14:05:00	34125	5.87	99.58	19.986	-5.292	5.693	-0.953	0.08	10.42	34130	2019-01-04 14:30:00
2019-01-04 15:30:00	34142	5.82	87.942	19.076	-4.26	6.295	0.198	0.03	27.91	34147	2019-01-04 15:55:00
2019-01-07 01:20:00	34653	6.9	46.233	23.768	3.463	0.885	0.857	0.03	21.42	34658	2019-01-07 01:45:00
2019-01-07 17:35:00	34830	6.47	56.924	13.592	3.235	2.505	1.557	0.05	23.83	34835	2019-01-07 18:00:00
2019-01-07 18:05:00	34836	6.38	48.379	13.037	3.658	1.998	1.732	0.08	25.89	34841	2019-01-07 18:30:00
2019-01-10 04:55:00	35488	6.1	98.144	20.31	2.638	1.943	-0.28	0.09	7.34	35493	2019-01-10 05:20:00
2019-01-10 06:50:00	35511	6.05	106.687	19.102	2.457	2.59	-0.788	0.08	25.43	35516	2019-01-10 07:15:00
2019-01-14 05:35:00	36638	5.98	86.218	18.694	4.532	2.728	0.185	0.06	20.04	36643	2019-01-14 06:00:00
2019-01-14 06:20:00	36647	6.0	124.347	19.207	4.707	2.497	-1.708	0.07	20.06	36652	2019-01-14 06:45:00
2019-01-21 22:15:00	38697	6.5	77.669	10.457	1.628	1.345	0.272	0.04	27.16	38702	2019-01-21 22:40:00
2019-01-23 23:00:00	39244	5.12	83.796	23.787	-2.698	7.312	0.772	0.10	16.73	39249	2019-01-23 23:25:00
2019-01-24 02:25:00	39285	5.4	73.521	22.582	-5.757	7.17	2.1	0.09	29.36	39290	2019-01-24 02:50:00
2019-01-26 18:30:00	40046	6.73	82.018	23.8	1.475	4.312	0.623	0.05	27.39	40051	2019-01-26 18:55:00
2019-01-26 19:30:00	40058	6.6	74.219	23.49	0.288	4.01	1.133	0.07	26.06	40063	2019-01-26 19:55:00
2019-01-26 20:00:00	40064	6.68	73.566	23.323	-0.03	3.755	1.077	0.04	27.64	40069	2019-01-26 20:25:00
2019-01-26 21:15:00	40079	6.4	71.844	22.869	-1.035	2.558	0.9	0.02	28.92	40084	2019-01-26 21:40:00
2019-01-26 22:00:00	40088	6.55	58.045	22.572	0.63	3.108	1.933	0.09	27.90	40093	2019-01-26 22:25:00
2019-01-26 23:05:00	40101	6.23	120.144	22.106	-0.672	3.618	-2.102	0.03	15.84	40106	2019-01-26 23:30:00
2019-01-27 00:20:00	40116	5.68	107.728	21.516	-1.775	4.272	-1.382	0.06	20.29	40121	2019-01-27 00:45:00
2019-01-27 00:50:00	40122	5.95	108.076	21.263	-1.445	4.212	-1.38	0.03	15.70	40127	2019-01-27 01:15:00
2019-01-27 01:20:00	40128	5.87	93.513	21.0	-1.347	4.517	-0.275	0.02	4.47	40133	2019-01-27 01:45:00
2019-01-27 09:25:00	40225	6.22	86.5	15.114	-2.257	2.06	0.147	0.06	19.47	40230	2019-01-27 09:50:00
2019-01-27 10:30:00	40238	6.17	79.412	14.025	-0.857	3.952	0.748	0.08	15.92	40243	2019-01-27 10:55:00
2019-01-27 15:10:00	40294	5.4	86.087	7.904	-1.548	4.478	0.293	0.06	29.17	40299	2019-01-27 15:35:00
2019-01-27 15:40:00	40300	5.82	69.205	7.037	0.285	4.468	1.697	0.04	7.90	40305	2019-01-27 16:05:00
2019-01-27 21:05:00	40365	6.05	114.781	7.047	-1.937	1.702	-0.783	0.04	28.42	40370	2019-01-27 21:30:00
2019-01-27 21:35:00	40371	5.97	103.141	7.914	-1.917	2.64	-0.507	0.08	27.75	40376	2019-01-27 22:00:00
2019-01-27 22:05:00	40377	6.05	82.514	8.723	-1.432	3.293	0.453	0.03	29.81	40382	2019-01-27 22:30:00
2019-01-28 00:45:00	40409	6.68	82.849	12.354	-0.975	2.183	0.303	0.06	23.82	40414	2019-01-28 01:10:00
2019-01-28 02:55:00	40435	6.85	76.697	14.711	1.117	2.788	0.672	0.09	23.49	40440	2019-01-28 03:20:00
2019-01-28 09:25:00	40513	6.48	104.827	19.849	-0.42	2.975	-0.793	0.10	13.78	40518	2019-01-28 09:50:00
2019-01-28 09:55:00	40519	6.4	67.778	20.153	-1.333	2.188	0.898	0.08	23.60	40524	2019-01-28 10:20:00
2019-01-28 11:35:00	40539	6.57	66.679	21.09	2.565	2.15	0.925	0.09	22.91	40544	2019-01-28 12:00:00
2019-01-28 13:20:00	40557	6.48	87.972	21.955	0.997	2.982	0.082	0.04	22.33	40562	2019-01-28 13:45:00
2019-01-28 13:50:00	40563	6.4	95.434	22.181	0.607	2.845	-0.265	0.05	18.16	40568	2019-01-28 14:15:00
2019-01-28 14:20:00	40569	6.37	118.33	22.398	0.192	2.137	-1.165	0.03	15.80	40574	2019-01-28 14:45:00
2019-01-28 18:10:00	40614	5.62	82.906	23.773	-1.382	2.865	0.333	0.08	29.53	40619	2019-01-28 18:35:00
2019-01-29 22:00:00	40946	5.93	79.546	20.383	-1.227	1.723	0.31	0.09	13.73	40951	2019-01-29 22:25:00
2019-01-29 22:40:00	40954	5.92	74.934	19.986	-1.837	1.225	0.332	0.07	11.61	40959	2019-01-29 23:05:00
2019-01-30 04:20:00	41022	6.18	87.749	15.722	2.103	1.05	0.048	0.02	22.66	41027	2019-01-30 04:45:00
2019-01-30 05:55:00	41041	6.07	47.075	14.176	0.367	1.737	1.63	0.06	17.28	41046	2019-01-30 06:20:00
2019-01-30 06:25:00	41047	6.15	47.608	13.647	0.192	1.68	1.538	0.07	13.50	41052	2019-01-30 06:50:00
2019-01-30 06:55:00	41053	6.22	55.835	13.095	0.187	1.732	1.198	0.10	28.07	41058	2019-01-30 07:20:00
2019-01-30 07:25:00	41059	6.25	79.299	12.519	0.338	1.988	0.377	0.05	8.77	41064	2019-01-30 07:50:00
2019-01-30 08:35:00	41073	6.12	71.039	11.071	0.185	1.973	0.688	0.05	21.45	41078	2019-01-30 09:00:00
2019-01-30 09:10:00	41080	6.12	91.76	10.283	0.507	2.183	-0.048	0.10	27.15	41085	2019-01-30 09:35:00
2019-01-30 09:40:00	41086	6.05	69.511	9.568	-0.047	2.187	0.832	0.06	27.02	41091	2019-01-30 10:05:00
2019-02-05 17:10:00	42822	5.8	91.142	7.203	-0.197	3.988	-0.1	0.05	26.25	42827	2019-02-05 17:35:00
2019-02-08 09:55:00	43479	5.95	58.384	15.583	-3.678	2.388	1.465	0.05	20.12	43484	2019-02-08 10:20:00
2019-02-08 14:05:00	43529	5.63	49.217	10.721	3.367	1.527	1.362	0.08	23.81	43534	2019-02-08 14:30:00
2019-02-21 23:25:00	47322	5.98	48.683	23.845	-2.697	3.245	2.848	0.07	27.25	47327	2019-02-21 23:50:00
2019-02-21 23:55:00	47328	6.18	75.314	23.574	-2.193	3.933	1.022	0.09	17.76	47333	2019-02-22 00:20:00
2019-02-22 03:15:00	47368	6.73	86.508	21.557	-2.125	2.375	0.18	0.08	22.07	47373	2019-02-22 03:40:00
2019-02-22 06:40:00	47407	6.8	99.703	19.045	3.752	1.25	-0.233	0.10	24.34	47412	2019-02-22 07:05:00
2019-02-22 07:10:00	47413	6.88	90.989	18.634	3.605	1.615	-0.07	0.10	29.25	47418	2019-02-22 07:35:00
2019-02-22 07:45:00	47420	6.73	71.984	18.138	3.513	1.832	0.592	0.09	5.39	47425	2019-02-22 08:10:00
2019-02-22 09:00:00	47435	6.47	75.599	17.014	4.503	1.062	0.262	0.03	23.13	47440	2019-02-22 09:25:00
2019-02-22 11:30:00	47465	6.98	110.825	14.475	2.943	2.195	-0.88	0.09	20.95	47470	2019-02-22 11:55:00
2019-02-22 12:25:00	47476	6.93	88.606	13.427	3.972	1.36	0.007	0.09	29.36	47481	2019-02-22 12:50:00
2019-02-22 12:55:00	47482	6.88	83.418	12.825	3.723	2.145	0.243	0.04	7.79	47487	2019-02-22 13:20:00
2019-02-22 13:25:00	47488	6.95	67.685	12.197	3.42	1.89	0.785	0.06	13.82	47493	2019-02-22 13:50:00
2019-02-22 13:55:00	47494	6.8	80.111	11.543	3.21	1.877	0.332	0.09	16.32	47499	2019-02-22 14:20:00
2019-02-22 15:55:00	47518	6.78	85.712	8.591	1.63	2.778	0.193	0.06	19.12	47523	2019-02-22 16:20:00
2019-02-22 16:25:00	47524	6.87	67.094	7.747	2.808	2.165	0.923	0.02	11.28	47529	2019-02-22 16:50:00
2019-02-23 02:30:00	47645	6.85	52.732	13.344	1.872	2.143	1.605	0.08	23.87	47650	2019-02-23 02:55:00
2019-02-23 03:50:00	47661	6.85	54.075	14.852	1.163	2.397	1.745	0.06	21.74	47666	2019-02-23 04:15:00
2019-02-23 04:20:00	47667	6.7	57.594	15.382	0.66	2.668	1.695	0.04	11.23	47672	2019-02-23 04:45:00
2019-02-23 09:25:00	47727	6.43	53.444	19.903	-0.04	2.542	1.887	0.07	21.41	47732	2019-02-23 09:50:00
2019-02-23 12:20:00	47762	6.43	82.319	21.941	1.613	2.808	0.385	0.07	18.20	47767	2019-02-23 12:45:00
2019-02-23 13:15:00	47773	6.27	67.024	22.515	0.253	2.637	1.117	0.08	26.52	47778	2019-02-23 13:40:00
2019-02-23 13:50:00	47780	6.0	70.215	22.864	-1.39	2.415	0.855	0.08	11.89	47785	2019-02-23 14:15:00
2019-02-25 15:30:00	48375	5.48	69.308	21.358	-0.893	3.818	1.457	0.07	16.37	48380	2019-02-25 15:55:00
2019-02-25 20:45:00	48438	5.98	106.133	17.212	-0.207	2.897	-0.84	0.10	10.25	48443	2019-02-25 21:10:00
2019-02-26 00:50:00	48487	5.8	101.025	12.889	-0.85	2.783	-0.527	0.05	24.88	48492	2019-02-26 01:15:00
2019-02-26 01:20:00	48493	5.83	96.448	12.265	0.202	3.188	-0.362	0.04	14.26	48498	2019-02-26 01:45:00
2019-02-26 01:50:00	48499	5.88	107.502	11.614	0.927	2.917	-0.913	0.06	9.92	48504	2019-02-26 02:15:00
2019-02-26 13:30:00	48639	6.05	76.498	12.114	0.603	3.113	0.75	0.09	22.39	48644	2019-02-26 13:55:00
2019-02-26 15:45:00	48666	5.83	52.685	14.766	0.518	2.898	2.22	0.08	23.90	48671	2019-02-26 16:10:00
2019-02-26 17:20:00	48685	6.03	66.671	16.391	2.343	2.405	1.057	0.09	26.15	48690	2019-02-26 17:45:00
2019-02-26 20:55:00	48728	5.93	115.083	19.517	0.623	3.003	-1.395	0.09	16.28	48733	2019-02-26 21:20:00
2019-02-26 21:25:00	48734	5.78	127.186	19.902	0.877	2.718	-2.072	0.06	13.05	48739	2019-02-26 21:50:00
2019-02-26 21:55:00	48740	5.77	133.072	20.276	0.752	2.572	-2.403	0.09	4.75	48745	2019-02-26 22:20:00
2019-02-26 22:25:00	48746	6.07	133.382	20.64	1.068	2.197	-2.077	0.06	15.64	48751	2019-02-26 22:50:00
2019-02-26 23:15:00	48756	6.03	119.247	21.223	1.678	2.473	-1.365	0.07	19.20	48761	2019-02-26 23:40:00
2019-02-27 00:20:00	48769	6.2	109.035	21.94	1.99	1.968	-0.678	0.07	29.88	48774	2019-02-27 00:45:00
2019-02-27 01:00:00	48777	6.2	92.273	22.36	1.962	2.153	-0.082	0.02	27.50	48782	2019-02-27 01:25:00
2019-02-27 01:30:00	48783	6.12	110.779	22.664	1.872	2.048	-0.762	0.06	20.20	48788	2019-02-27 01:55:00
2019-02-27 02:35:00	48796	6.18	63.156	23.294	1.08	2.168	1.107	0.09	26.95	48801	2019-02-27 03:00:00
2019-03-05 17:45:00	50706	5.13	132.843	16.436	4.41	1.445	-1.292	0.06	22.68	50711	2019-03-05 18:10:00
2019-03-05 18:45:00	50718	5.1	105.437	17.375	3.875	3.143	-0.823	0.07	25.61	50723	2019-03-05 19:10:00
2019-03-05 23:05:00	50770	5.0	62.099	20.844	4.582	1.658	0.872	0.06	27.99	50775	2019-03-05 23:30:00
2019-03-18 11:55:00	54211	5.67	76.319	23.808	3.89	1.483	0.405	0.09	29.13	54216	2019-03-18 12:20:00
2019-03-18 12:25:00	54217	5.85	79.559	23.54	3.853	1.11	0.188	0.03	22.78	54222	2019-03-18 12:50:00
2019-03-18 13:05:00	54225	5.9	72.472	23.169	3.152	2.243	0.692	0.06	13.53	54230	2019-03-18 13:30:00
2019-03-18 13:35:00	54231	5.78	69.415	22.881	3.683	1.268	0.47	0.02	19.98	54236	2019-03-18 14:00:00
2019-03-18 14:05:00	54237	5.87	68.946	22.585	3.622	1.198	0.472	0.04	21.89	54242	2019-03-18 14:30:00
2019-03-18 14:40:00	54244	5.97	75.92	22.229	3.327	1.542	0.348	0.08	27.15	54249	2019-03-18 15:05:00
2019-03-19 10:50:00	54485	6.42	106.762	7.097	-2.555	4.852	-1.442	0.01	26.00	54490	2019-03-19 11:15:00
2019-03-19 11:20:00	54491	6.4	123.528	7.975	-2.705	4.065	-2.698	0.09	7.63	54496	2019-03-19 11:45:00
2019-03-21 23:35:00	55212	5.58	50.656	23.986	-1.338	2.868	2.35	0.04	7.14	55217	2019-03-22 00:00:00
2019-03-22 00:10:00	55219	5.52	54.584	23.679	-0.513	3.378	2.383	0.10	19.60	55224	2019-03-22 00:35:00
2019-03-22 01:30:00	55235	5.75	45.307	22.937	0.647	2.728	2.705	0.09	18.55	55240	2019-03-22 01:55:00
2019-03-22 03:00:00	55253	5.67	51.682	22.03	-1.003	2.543	2.015	0.08	21.24	55258	2019-03-22 03:25:00
2019-03-22 03:55:00	55264	5.7	49.53	21.436	-2.078	1.565	1.352	0.03	22.11	55269	2019-03-22 04:20:00
2019-03-22 07:55:00	55312	5.7	129.589	18.444	-2.435	1.62	-1.297	0.02	23.71	55317	2019-03-22 08:20:00
2019-03-22 08:25:00	55318	5.7	113.763	18.018	-2.567	1.632	-0.737	0.05	20.28	55323	2019-03-22 08:50:00
2019-03-22 12:15:00	55357	6.03	54.657	14.265	1.077	1.845	1.303	0.05	27.01	55362	2019-03-22 12:40:00
2019-03-22 16:50:00	55412	5.83	90.116	8.071	-2.067	1.963	-0.008	0.07	29.75	55417	2019-03-22 17:15:00
2019-03-22 23:10:00	55488	5.85	53.74	7.551	0.168	2.645	1.912	0.06	15.32	55493	2019-03-22 23:35:00
2019-03-22 23:40:00	55494	5.87	67.891	8.398	0.93	3.137	1.287	0.04	22.29	55499	2019-03-23 00:05:00
2019-03-23 00:10:00	55500	5.93	86.617	9.196	1.668	3.018	0.175	0.10	18.11	55505	2019-03-23 00:35:00
2019-03-23 01:05:00	55511	5.73	56.852	10.554	-0.977	2.078	1.315	0.07	22.05	55516	2019-03-23 01:30:00
2019-03-23 01:35:00	55517	5.7	71.475	11.245	-1.797	2.31	0.783	0.02	22.05	55522	2019-03-23 02:00:00
2019-03-23 02:20:00	55526	5.68	82.888	12.227	-1.565	2.69	0.295	0.06	29.25	55531	2019-03-23 02:45:00
2019-03-23 02:50:00	55532	5.6	84.042	12.847	-1.463	2.967	0.308	0.05	11.34	55537	2019-03-23 03:15:00
2019-03-23 03:20:00	55538	5.6	76.913	13.444	-1.515	2.758	0.638	0.06	20.60	55543	2019-03-23 03:45:00
2019-03-23 05:25:00	55563	5.83	63.997	15.709	0.008	2.455	1.21	0.10	25.56	55568	2019-03-23 05:50:00
2019-03-23 11:45:00	55638	5.28	113.261	21.001	-2.378	2.287	-0.96	0.04	27.17	55643	2019-03-23 12:10:00
2019-03-23 12:15:00	55644	5.38	114.898	21.341	-2.297	2.257	-1.01	0.02	18.57	55649	2019-03-23 12:40:00
2019-03-23 12:50:00	55651	5.33	88.24	21.725	-0.56	3.333	0.098	0.06	15.39	55656	2019-03-23 13:15:00
2019-03-23 13:20:00	55657	5.52	75.958	22.044	0.212	3.418	0.855	0.07	9.10	55662	2019-03-23 13:45:00
2019-03-23 13:50:00	55663	5.53	79.246	22.354	1.333	3.282	0.625	0.05	5.45	55668	2019-03-23 14:15:00
2019-03-23 14:20:00	55669	5.53	84.928	22.655	0.407	3.252	0.285	0.07	14.48	55674	2019-03-23 14:45:00
2019-03-23 14:50:00	55675	5.35	89.74	22.948	-1.185	3.208	0.01	0.08	22.97	55680	2019-03-23 15:15:00
2019-03-23 15:20:00	55681	5.4	86.075	23.232	-0.737	3.372	0.203	0.04	22.57	55686	2019-03-23 15:45:00
2019-03-23 15:50:00	55687	5.45	73.712	23.508	-0.648	3.158	0.92	0.09	19.64	55692	2019-03-23 16:15:00
2019-03-23 16:20:00	55693	5.28	74.879	23.776	-0.25	3.262	0.868	0.08	27.27	55698	2019-03-23 16:45:00
2019-03-25 18:55:00	56300	5.4	45.201	19.183	1.382	3.968	3.918	0.05	23.69	56305	2019-03-25 19:20:00
2019-03-26 11:45:00	56486	5.0	97.12	8.648	-0.977	6.915	-0.903	0.08	24.24	56491	2019-03-26 12:10:00
2019-03-26 15:35:00	56532	5.13	77.049	13.81	-0.342	6.027	1.387	0.04	23.31	56537	2019-03-26 16:00:00
2019-03-26 16:05:00	56538	5.03	63.285	14.371	0.063	5.667	2.843	0.04	26.63	56543	2019-03-26 16:30:00
2019-03-29 00:35:00	57120	6.6	82.416	23.439	-4.137	2.628	0.312	0.07	29.02	57125	2019-03-29 01:00:00
2019-03-30 10:55:00	57500	6.05	96.248	20.432	2.967	1.715	-0.135	0.09	29.27	57505	2019-03-30 11:20:00
2019-03-30 16:15:00	57545	5.88	131.882	23.748	2.945	1.237	-1.102	0.05	21.04	57550	2019-03-30 16:40:00
2019-04-12 11:10:00	60913	6.68	126.427	15.557	0.808	2.357	-1.747	0.08	8.77	60918	2019-04-12 11:35:00
2019-04-15 12:20:00	61658	6.42	63.507	23.672	1.768	3.087	1.537	0.08	7.26	61663	2019-04-15 12:45:00
2019-04-19 09:35:00	62625	5.33	57.426	17.151	-2.71	3.922	2.51	0.08	17.74	62630	2019-04-19 10:00:00
2019-04-19 11:30:00	62648	5.48	124.368	15.293	1.268	4.533	-3.113	0.08	17.81	62653	2019-04-19 11:55:00
2019-04-19 12:00:00	62654	5.58	132.06	14.769	1.403	4.022	-3.617	0.10	15.87	62659	2019-04-19 12:25:00
2019-04-19 17:25:00	62719	5.42	95.47	7.506	-3.05	5.123	-0.492	0.07	17.78	62724	2019-04-19 17:50:00
2019-04-19 23:50:00	62796	5.9	86.874	8.112	-1.298	4.288	0.222	0.10	28.66	62801	2019-04-20 00:15:00
2019-04-20 01:35:00	62817	6.17	70.87	10.759	-0.975	3.703	1.282	0.09	16.63	62822	2019-04-20 02:00:00
2019-04-20 02:35:00	62829	6.23	86.796	12.084	-0.537	3.453	0.192	0.02	8.44	62834	2019-04-20 03:00:00
2019-04-20 03:20:00	62838	6.13	62.816	13.007	-0.972	3.465	1.788	0.08	16.07	62843	2019-04-20 03:45:00
2019-04-22 12:35:00	63521	5.8	65.792	23.449	-1.275	2.6	1.138	0.04	14.02	63526	2019-04-22 13:00:00
2019-04-22 21:25:00	63627	5.67	94.264	17.198	-2.205	2.503	-0.062	0.02	27.71	63632	2019-04-22 21:50:00
2019-04-22 22:25:00	63639	5.43	55.397	16.261	-3.872	1.287	0.842	0.02	28.89	63644	2019-04-22 22:50:00
2019-04-23 04:40:00	63712	6.03	47.391	8.568	0.607	2.85	2.623	0.08	24.53	63717	2019-04-23 05:05:00
2019-04-23 11:40:00	63796	5.37	111.628	8.025	-2.843	2.858	-1.12	0.03	24.14	63801	2019-04-23 12:05:00
2019-04-23 12:25:00	63805	5.28	108.516	9.226	-3.028	3.097	-1.012	0.09	25.57	63810	2019-04-23 12:50:00
2019-04-23 14:40:00	63832	5.55	105.933	12.333	-1.838	4.437	-1.213	0.04	26.62	63837	2019-04-23 15:05:00
2019-04-23 15:10:00	63838	5.55	96.289	12.946	-2.298	4.683	-0.518	0.06	15.39	63843	2019-04-23 15:35:00
2019-05-07 04:20:00	67388	5.75	104.858	9.28	3.43	2.147	-0.543	0.05	15.81	67393	2019-05-07 04:45:00
2019-05-14 12:55:00	69305	5.22	114.503	9.54	7.643	4.558	-2.072	0.04	6.21	69310	2019-05-14 13:20:00
2019-05-14 13:25:00	69311	6.38	117.73	10.272	7.153	4.303	-2.27	0.05	11.39	69316	2019-05-14 13:50:00
2019-05-14 13:55:00	69317	6.42	119.423	10.97	6.65	4.092	-2.312	0.05	12.62	69322	2019-05-14 14:20:00
2019-05-14 14:25:00	69323	6.12	128.579	11.637	5.728	3.835	-3.105	0.06	17.09	69328	2019-05-14 14:50:00
2019-05-14 14:55:00	69329	5.82	132.578	12.276	4.828	3.64	-3.435	0.04	21.67	69334	2019-05-14 15:20:00
2019-05-14 15:25:00	69335	5.88	115.443	12.89	5.018	3.847	-1.828	0.07	7.90	69340	2019-05-14 15:50:00
2019-05-14 15:55:00	69341	6.8	118.441	13.481	4.577	3.582	-1.943	0.06	16.96	69346	2019-05-14 16:20:00
2019-05-17 07:10:00	70100	6.18	87.895	19.289	2.682	4.332	0.143	0.05	14.17	70105	2019-05-17 07:35:00
2019-05-17 08:20:00	70114	6.48	88.074	18.346	3.908	3.34	0.115	0.03	8.76	70119	2019-05-17 08:45:00
2019-05-17 08:50:00	70120	6.62	84.737	17.922	3.918	3.188	0.298	0.02	19.52	70125	2019-05-17 09:15:00
2019-05-17 09:20:00	70126	6.72	52.802	17.484	4.408	1.798	1.363	0.03	17.67	70131	2019-05-17 09:45:00
2019-05-17 09:50:00	70132	6.78	64.032	17.033	4.328	2.122	1.018	0.02	18.86	70137	2019-05-17 10:15:00
2019-05-17 10:20:00	70138	6.82	70.038	16.567	4.378	2.187	0.77	0.01	22.64	70143	2019-05-17 10:45:00
2019-05-17 10:50:00	70144	6.8	63.28	16.086	4.693	1.455	0.707	0.03	19.06	70149	2019-05-17 11:15:00
2019-05-17 11:20:00	70150	6.6	85.482	15.59	4.923	1.487	0.108	0.03	20.70	70155	2019-05-17 11:45:00
2019-05-17 11:55:00	70157	5.93	101.287	14.989	4.37	3.325	-0.683	0.09	15.36	70162	2019-05-17 12:20:00
2019-05-17 12:25:00	70163	5.9	104.49	14.455	4.452	3.295	-0.852	0.01	10.51	70168	2019-05-17 12:50:00
2019-05-17 12:55:00	70169	5.9	102.229	13.902	4.415	3.4	-0.745	0.01	9.25	70174	2019-05-17 13:20:00
2019-05-17 13:25:00	70175	5.7	109.874	13.328	4.588	3.168	-1.15	0.00	7.94	70180	2019-05-17 13:50:00
2019-05-17 13:55:00	70181	5.6	112.82	12.732	4.455	3.133	-1.315	0.10	7.17	70186	2019-05-17 14:20:00
2019-05-17 14:25:00	70187	6.9	99.652	12.113	3.797	2.795	-0.468	0.05	27.29	70192	2019-05-17 14:50:00
2019-05-17 16:40:00	70214	6.82	71.121	8.962	2.397	3.102	1.038	0.10	20.87	70219	2019-05-17 17:05:00
2019-05-17 17:40:00	70226	6.95	56.498	7.309	1.317	2.965	1.958	0.03	25.25	70231	2019-05-17 18:05:00
2019-05-17 23:25:00	70295	5.97	59.475	7.125	2.375	4.055	2.392	0.05	3.29	70300	2019-05-17 23:50:00
2019-05-18 00:20:00	70306	5.83	50.393	8.667	1.643	3.645	3.008	0.10	12.78	70311	2019-05-18 00:45:00
2019-05-18 04:20:00	70354	5.0	94.966	13.972	2.743	6.038	-0.523	0.03	18.64	70359	2019-05-18 04:45:00
2019-05-18 05:20:00	70366	5.42	112.454	15.055	3.988	4.635	-1.888	0.01	13.18	70371	2019-05-18 05:45:00
2019-05-18 05:55:00	70373	5.4	82.804	15.653	4.41	4.623	0.535	0.05	20.16	70378	2019-05-18 06:20:00
2019-05-18 06:25:00	70379	5.13	104.848	16.148	4.255	5.122	-1.398	0.07	22.12	70384	2019-05-18 06:50:00
2019-05-20 11:45:00	71019	5.07	92.235	23.959	1.023	5.68	-0.2	0.08	24.12	71024	2019-05-20 12:10:00
2019-05-20 17:00:00	71082	5.43	78.465	20.822	1.083	5.345	1.112	0.09	29.11	71087	2019-05-20 17:25:00
2019-05-20 17:30:00	71088	5.65	92.999	20.47	1.528	5.215	-0.263	0.04	11.18	71093	2019-05-20 17:55:00
2019-05-20 18:10:00	71096	5.48	76.592	19.986	-0.047	4.992	1.187	0.06	26.42	71101	2019-05-20 18:35:00
2019-05-20 18:40:00	71102	5.33	58.729	19.61	-0.575	4.462	2.712	0.03	28.31	71107	2019-05-20 19:05:00
2019-05-20 19:10:00	71108	5.33	55.939	19.223	0.623	4.045	2.737	0.05	10.39	71113	2019-05-20 19:35:00
2019-05-20 19:40:00	71114	5.47	51.535	18.824	1.328	3.723	2.962	0.04	12.10	71119	2019-05-20 20:05:00
2019-05-20 20:10:00	71120	5.48	56.723	18.414	0.537	4.01	2.628	0.05	19.88	71125	2019-05-20 20:35:00
2019-05-20 23:05:00	71155	5.25	57.046	15.752	-0.827	3.752	2.385	0.09	28.16	71160	2019-05-20 23:30:00
2019-05-21 01:00:00	71178	5.08	78.095	13.706	0.382	4.607	0.96	0.09	22.92	71183	2019-05-21 01:25:00
2019-05-21 01:55:00	71189	5.3	83.737	12.622	1.102	4.19	0.475	0.07	15.18	71194	2019-05-21 02:20:00
2019-05-21 02:40:00	71198	5.75	89.409	11.674	1.182	4.068	0.042	0.09	20.47	71203	2019-05-21 03:05:00
2019-05-21 03:55:00	71213	5.63	55.191	9.952	-3.28	2.192	1.475	0.08	18.77	71218	2019-05-21 04:20:00
2019-05-21 04:25:00	71219	5.65	73.349	9.203	-2.565	3.47	1.008	0.04	12.81	71224	2019-05-21 04:50:00
2019-05-21 05:20:00	71230	5.53	82.35	7.72	-2.613	3.565	0.477	0.04	5.05	71235	2019-05-21 05:45:00
2019-05-21 12:40:00	71318	5.73	98.748	9.36	-2.623	3.323	-0.513	0.05	7.92	71323	2019-05-21 13:05:00
2019-05-21 13:10:00	71324	5.88	102.796	10.101	-2.652	3.1	-0.7	0.02	11.51	71329	2019-05-21 13:35:00
2019-05-21 14:45:00	71343	6.33	80.311	12.232	-0.947	2.502	0.448	0.09	22.26	71348	2019-05-21 15:10:00
2019-05-21 16:25:00	71363	6.02	79.969	14.196	-1.667	2.978	0.548	0.07	14.64	71368	2019-05-21 16:50:00
2019-05-21 16:55:00	71369	5.93	76.974	14.74	-1.04	3.303	0.8	0.04	29.34	71374	2019-05-21 17:20:00
2019-05-21 17:25:00	71375	6.1	82.336	15.265	-0.745	3.165	0.43	0.02	13.76	71380	2019-05-21 17:50:00
2019-05-21 18:00:00	71382	5.55	62.424	15.856	-2.898	2.503	1.263	0.08	20.75	71387	2019-05-21 18:25:00
2019-05-22 01:05:00	71467	5.35	64.515	21.567	-3.257	2.525	1.202	0.06	4.78	71472	2019-05-22 01:30:00
2019-05-22 01:35:00	71473	5.15	71.73	21.888	-3.583	2.43	0.815	0.06	27.90	71478	2019-05-22 02:00:00
2019-05-22 02:05:00	71479	5.18	61.473	22.2	-3.597	2.363	1.303	0.06	21.92	71484	2019-05-22 02:30:00
2019-05-25 05:55:00	72389	5.97	52.527	15.615	-2.727	1.187	0.89	0.10	20.17	72394	2019-05-25 06:20:00
2019-05-25 06:40:00	72398	5.88	81.862	16.355	-2.627	1.727	0.205	0.08	23.87	72403	2019-05-25 07:05:00
2019-05-25 08:45:00	72423	5.55	95.674	18.234	-2.715	2.747	-0.332	0.08	20.75	72428	2019-05-25 09:10:00
2019-05-25 09:15:00	72429	5.6	87.837	18.65	-2.56	2.57	0.118	0.10	29.01	72434	2019-05-25 09:40:00
2019-05-25 10:00:00	72438	5.6	109.273	19.252	-3.167	2.038	-0.617	0.03	21.34	72443	2019-05-25 10:25:00
2019-05-25 12:50:00	72472	5.72	72.715	21.304	-2.782	1.897	0.588	0.05	15.26	72477	2019-05-25 13:15:00
2019-05-25 13:40:00	72482	5.75	58.335	21.846	-2.337	2.282	1.408	0.06	19.08	72487	2019-05-25 14:05:00
2019-05-25 14:10:00	72488	5.8	68.926	22.16	-1.395	3.028	1.182	0.06	22.74	72493	2019-05-25 14:35:00
2019-05-25 16:00:00	72510	5.65	103.007	23.234	-2.668	2.198	-0.513	0.09	26.66	72515	2019-05-25 16:25:00
