Start_str	Start_ind	Mgs#_avg	Clang_avg	Rmag_avg	Bx_avg(nT)	By_avg(nT)	Bz_avg(nT)	Bdeviat	Dtheta	End_ind	End_str
2019-09-03 18:30:00	797	6.58	116.989	13.338	-1.707	2.99	-1.552	0.09	29.87	802	2019-09-03 18:55:00
2019-09-04 02:20:00	891	6.92	58.58	20.458	-3.357	1.948	1.172	0.03	24.40	896	2019-09-04 02:45:00
2019-09-04 07:10:00	949	7.0	120.947	23.455	-0.945	3.142	-1.873	0.08	18.66	954	2019-09-04 07:35:00
2019-09-06 03:45:00	1469	6.33	120.439	23.241	-0.725	3.907	-2.318	0.08	20.25	1474	2019-09-06 04:10:00
2019-09-06 07:05:00	1495	6.33	120.254	21.219	-1.058	3.858	-2.277	0.08	29.85	1500	2019-09-06 07:30:00
2019-09-06 11:50:00	1552	5.22	103.863	17.576	-5.103	2.05	-0.548	0.01	29.92	1557	2019-09-06 12:15:00
2019-09-06 12:20:00	1558	5.03	79.215	17.13	-5.418	1.632	0.295	0.04	22.87	1563	2019-09-06 12:45:00
2019-09-06 16:30:00	1608	5.02	110.755	12.779	-4.202	2.74	-1.042	0.05	20.45	1613	2019-09-06 16:55:00
2019-09-06 17:00:00	1614	5.63	113.54	12.164	-3.113	3.207	-1.41	0.03	22.06	1619	2019-09-06 17:25:00
2019-09-06 17:30:00	1620	5.73	108.185	11.523	-3.325	3.168	-1.053	0.03	13.62	1625	2019-09-06 17:55:00
2019-09-07 04:10:00	1748	5.17	93.742	10.393	-4.7	1.928	-0.055	0.04	29.50	1753	2019-09-07 04:35:00
2019-09-07 05:00:00	1758	5.87	54.3	11.525	-3.997	2.032	1.45	0.04	20.63	1763	2019-09-07 05:25:00
2019-09-07 11:50:00	1840	6.42	85.981	18.569	-3.272	1.573	0.1	0.09	26.22	1845	2019-09-07 12:15:00
2019-09-07 15:20:00	1882	7.0	56.477	21.167	-0.087	2.422	1.627	0.08	21.75	1887	2019-09-07 15:45:00
2019-09-07 18:45:00	1923	6.73	105.325	23.245	-1.363	3.302	-0.96	0.03	16.95	1928	2019-09-07 19:10:00
2019-09-07 19:15:00	1929	6.63	110.259	23.516	-2.668	2.728	-1.013	0.03	8.42	1934	2019-09-07 19:40:00
2019-09-10 07:05:00	2635	5.17	55.277	9.545	-5.118	2.915	2.028	0.01	19.72	2640	2019-09-10 07:30:00
2019-09-10 07:35:00	2641	5.1	82.03	8.778	-5.278	3.055	0.447	0.03	22.44	2646	2019-09-10 08:00:00
2019-09-11 00:25:00	2707	5.58	54.622	18.924	-4.173	1.68	1.138	0.07	21.88	2712	2019-09-11 00:50:00
2019-09-11 00:55:00	2713	5.62	57.063	19.318	-4.285	1.747	1.118	0.03	16.35	2718	2019-09-11 01:20:00
2019-09-11 07:05:00	2787	5.3	118.024	23.346	-2.853	2.933	-1.563	0.06	14.86	2792	2019-09-11 07:30:00
2019-09-13 08:00:00	3370	5.23	51.118	20.86	-6.55	3.37	2.732	0.04	23.80	3375	2019-09-13 08:25:00
2019-09-13 18:15:00	3493	5.47	122.358	11.07	-3.955	0.742	-0.462	0.02	25.96	3498	2019-09-13 18:40:00
2019-09-14 18:20:00	3782	6.73	102.29	22.726	-0.468	3.583	-0.788	0.05	23.91	3787	2019-09-14 18:45:00
2019-09-14 19:10:00	3792	6.5	109.979	23.195	-1.825	3.088	-1.123	0.05	8.38	3797	2019-09-14 19:35:00
2019-09-16 19:45:00	4375	6.78	116.044	20.99	-3.262	2.8	-1.362	0.05	14.78	4380	2019-09-16 20:10:00
2019-09-16 20:15:00	4381	6.73	116.178	20.648	-3.423	3.145	-1.537	0.10	23.54	4386	2019-09-16 20:40:00
2019-09-16 21:40:00	4398	6.48	78.945	19.621	-2.692	3.81	0.725	0.03	29.02	4403	2019-09-16 22:05:00
2019-09-16 22:55:00	4413	6.37	96.828	18.643	-3.525	3.65	-0.453	0.09	16.86	4418	2019-09-16 23:20:00
2019-09-16 23:25:00	4419	6.73	112.446	18.231	-3.14	3.605	-1.498	0.04	19.60	4424	2019-09-16 23:50:00
2019-09-17 23:05:00	4703	7.0	65.49	17.515	-2.917	1.432	0.642	0.08	18.11	4708	2019-09-17 23:30:00
2019-09-20 19:40:00	5452	6.37	107.45	8.985	-2.238	0.702	-0.237	0.02	22.91	5457	2019-09-20 20:05:00
2019-09-21 12:00:00	5646	5.3	84.154	18.3	-1.052	5.363	0.52	0.05	16.00	5651	2019-09-21 12:25:00
2019-09-21 12:40:00	5654	5.3	109.993	18.844	0.282	5.007	-1.815	0.07	26.26	5659	2019-09-21 13:05:00
2019-09-21 13:20:00	5662	5.67	105.623	19.366	0.892	4.495	-1.258	0.07	24.84	5667	2019-09-21 13:45:00
2019-09-21 20:35:00	5749	6.05	129.993	23.924	-0.22	2.335	-1.957	0.09	16.47	5754	2019-09-21 21:00:00
2019-09-27 16:30:00	7389	5.42	93.397	13.492	-4.56	8.328	-0.468	0.10	23.86	7394	2019-09-27 16:55:00
2019-09-27 17:00:00	7395	5.3	105.288	12.909	-6.615	7.683	-2.102	0.06	20.92	7400	2019-09-27 17:25:00
2019-09-27 17:30:00	7401	5.27	108.848	12.303	-7.262	7.052	-2.403	0.08	18.53	7406	2019-09-27 17:55:00
2019-09-27 18:00:00	7407	5.35	120.599	11.672	-8.255	5.403	-3.188	0.04	13.80	7412	2019-09-27 18:25:00
2019-09-28 02:45:00	7501	6.05	110.731	7.044	-1.385	5.787	-2.187	0.02	22.33	7506	2019-09-28 03:10:00
2019-09-28 05:55:00	7539	5.67	125.23	11.763	-4.757	3.538	-2.483	0.06	9.03	7544	2019-09-28 06:20:00
2019-09-30 16:35:00	8224	5.37	81.275	23.046	-2.318	5.587	0.86	0.06	14.32	8229	2019-09-30 17:00:00
2019-09-30 21:30:00	8283	5.77	99.493	19.895	-3.01	5.608	-0.955	0.07	20.72	8288	2019-09-30 21:55:00
2019-09-30 22:00:00	8289	5.55	70.497	19.522	-3.777	4.632	1.565	0.05	23.55	8294	2019-09-30 22:25:00
2019-10-01 01:50:00	8335	5.2	134.512	16.265	-1.655	4.297	-4.17	0.07	28.47	8340	2019-10-01 02:15:00
2019-10-01 06:10:00	8387	5.18	126.247	11.452	-0.905	5.283	-3.893	0.03	29.01	8392	2019-10-01 06:35:00
2019-10-01 06:50:00	8395	5.47	84.647	10.559	-1.475	5.608	0.482	0.09	28.07	8400	2019-10-01 07:15:00
2019-10-01 20:20:00	8493	6.13	132.205	14.535	-3.06	1.29	-1.242	0.06	29.50	8498	2019-10-01 20:45:00
2019-10-01 23:10:00	8527	6.87	114.778	17.294	0.438	2.918	-1.378	0.07	13.91	8532	2019-10-01 23:35:00
2019-10-05 11:20:00	9266	6.42	107.203	17.508	-2.7	3.903	-1.213	0.04	9.11	9271	2019-10-05 11:45:00
2019-10-05 11:50:00	9272	6.4	107.91	17.94	-1.662	4.347	-1.413	0.04	14.04	9277	2019-10-05 12:15:00
2019-10-08 02:05:00	9985	6.28	121.14	16.156	2.965	2.317	-1.373	0.07	22.63	9990	2019-10-08 02:30:00
2019-10-08 06:40:00	10040	5.88	106.659	10.97	-2.797	3.485	-1.053	0.07	19.08	10045	2019-10-08 07:05:00
2019-10-09 00:25:00	10253	6.13	109.491	18.262	1.283	2.198	-0.773	0.08	28.49	10258	2019-10-09 00:50:00
2019-10-09 02:55:00	10283	5.28	89.204	20.192	-0.967	4.615	0.06	0.04	28.27	10288	2019-10-09 03:20:00
2019-10-09 03:25:00	10289	5.25	112.572	20.546	-0.883	4.077	-1.692	0.05	12.58	10294	2019-10-09 03:50:00
2019-10-09 03:55:00	10295	5.37	89.976	20.889	-1.247	4.433	-0.012	0.06	13.71	10300	2019-10-09 04:20:00
2019-10-09 04:25:00	10301	5.62	116.601	21.223	-0.755	4.113	-2.058	0.07	18.91	10306	2019-10-09 04:50:00
2019-10-09 05:50:00	10318	5.97	129.48	22.119	0.225	3.382	-2.785	0.03	8.41	10323	2019-10-09 06:15:00
2019-10-11 09:10:00	10752	5.57	102.986	20.297	-4.197	1.637	-0.377	0.03	27.63	10757	2019-10-11 09:35:00
2019-10-11 09:45:00	10759	5.68	68.546	19.876	-4.123	1.235	0.508	0.06	28.35	10764	2019-10-11 10:10:00
2019-10-11 10:25:00	10767	5.83	72.423	19.377	-3.86	1.575	0.52	0.02	21.66	10772	2019-10-11 10:50:00
2019-10-11 15:35:00	10829	6.63	49.652	14.755	-3.233	1.227	1.058	0.09	24.21	10834	2019-10-11 16:00:00
2019-10-11 19:35:00	10877	6.4	86.783	9.863	-3.267	1.083	0.028	0.02	24.65	10882	2019-10-11 20:00:00
2019-10-11 20:25:00	10887	6.63	114.341	8.613	-2.97	1.345	-0.61	0.09	8.40	10892	2019-10-11 20:50:00
2019-10-12 03:05:00	10967	6.45	105.19	7.056	-1.45	2.515	-0.683	0.10	14.12	10972	2019-10-12 03:30:00
2019-10-12 05:55:00	11001	6.22	115.366	11.313	-2.783	1.84	-0.867	0.04	7.03	11006	2019-10-12 06:20:00
2019-10-12 07:05:00	11015	6.67	126.809	12.769	0.117	2.472	-1.767	0.02	20.51	11020	2019-10-12 07:30:00
2019-10-12 08:10:00	11028	6.52	110.266	14.01	-1.248	2.655	-1.008	0.03	28.05	11033	2019-10-12 08:35:00
2019-10-12 08:40:00	11034	5.88	87.91	14.55	-3.223	1.457	0.083	0.04	26.14	11039	2019-10-12 09:05:00
2019-10-12 09:10:00	11040	6.15	117.342	15.073	-2.817	2.14	-1.103	0.07	19.83	11045	2019-10-12 09:35:00
2019-10-12 12:05:00	11075	6.27	68.697	17.805	-2.983	1.47	0.565	0.05	26.49	11080	2019-10-12 12:30:00
2019-10-12 13:00:00	11086	6.27	53.935	18.567	-2.81	1.388	0.987	0.07	23.89	11091	2019-10-12 13:25:00
2019-10-12 13:30:00	11092	6.23	60.077	18.966	-2.608	1.863	1.077	0.02	4.88	11097	2019-10-12 13:55:00
2019-10-12 16:15:00	11125	6.07	61.529	20.963	-2.737	1.843	0.96	0.06	25.84	11130	2019-10-12 16:40:00
2019-10-12 16:45:00	11131	6.03	79.129	21.294	-3.327	1.527	0.308	0.05	14.48	11136	2019-10-12 17:10:00
2019-10-12 17:15:00	11137	5.93	85.014	21.615	-3.175	1.828	0.147	0.03	16.47	11142	2019-10-12 17:40:00
2019-10-12 18:00:00	11146	6.58	111.136	22.079	-1.842	2.058	-0.802	0.06	9.81	11151	2019-10-12 18:25:00
2019-10-16 04:40:00	12135	5.02	131.334	21.27	-0.607	3.782	-3.278	0.08	26.33	12140	2019-10-16 05:05:00
2019-10-18 04:35:00	12707	6.17	114.125	23.082	0.1	4.407	-1.992	0.06	29.08	12712	2019-10-18 05:00:00
2019-10-18 05:05:00	12713	6.17	117.704	22.805	-0.338	4.265	-2.247	0.05	16.42	12718	2019-10-18 05:30:00
2019-10-18 05:40:00	12720	6.37	106.724	22.47	0.293	4.18	-1.282	0.09	27.44	12725	2019-10-18 06:05:00
2019-10-18 06:35:00	12731	6.52	118.518	21.921	-0.397	3.298	-1.788	0.08	15.55	12736	2019-10-18 07:00:00
2019-10-18 07:15:00	12739	6.03	105.053	21.503	-3.413	2.188	-0.592	0.04	12.18	12744	2019-10-18 07:40:00
2019-10-18 07:45:00	12745	6.02	102.999	21.179	-3.548	1.997	-0.47	0.02	11.87	12750	2019-10-18 08:10:00
2019-10-18 08:50:00	12758	6.3	108.782	20.444	-3.417	1.562	-0.55	0.09	25.46	12763	2019-10-18 09:15:00
2019-10-18 09:20:00	12764	6.18	93.426	20.089	-3.542	1.39	-0.093	0.05	28.08	12769	2019-10-18 09:45:00
2019-10-18 15:25:00	12837	6.17	94.889	14.813	-3.67	2.148	-0.198	0.05	25.15	12842	2019-10-18 15:50:00
2019-10-18 16:10:00	12846	6.12	90.107	14.01	-3.315	3.0	-0.043	0.03	25.91	12851	2019-10-18 16:35:00
2019-10-18 16:40:00	12852	5.92	103.415	13.45	-3.253	3.39	-0.828	0.04	19.56	12857	2019-10-18 17:05:00
2019-10-18 18:00:00	12868	5.93	77.511	11.852	-3.255	3.332	0.75	0.06	13.76	12873	2019-10-18 18:25:00
2019-10-18 18:30:00	12874	6.1	88.443	11.207	-1.933	3.83	0.107	0.08	8.77	12879	2019-10-18 18:55:00
2019-10-18 20:30:00	12898	6.3	121.325	8.317	-1.75	2.635	-1.605	0.10	14.80	12903	2019-10-18 20:55:00
2019-10-25 09:00:00	14578	6.02	122.449	20.439	-2.843	5.185	-3.34	0.06	27.05	14583	2019-10-25 09:25:00
2019-10-29 16:35:00	15747	5.87	127.191	9.359	-4.228	3.115	-2.362	0.03	9.39	15752	2019-10-29 17:00:00
2019-11-01 04:55:00	16408	6.35	78.494	22.893	3.718	2.08	0.372	0.03	17.67	16413	2019-11-01 05:20:00
2019-11-01 05:30:00	16415	6.4	56.724	22.563	3.795	2.042	1.323	0.09	26.00	16420	2019-11-01 05:55:00
2019-11-01 06:10:00	16423	6.75	54.521	22.171	3.443	2.202	1.568	0.09	8.07	16428	2019-11-01 06:35:00
2019-11-04 15:40:00	17353	5.42	84.791	23.701	-0.882	5.85	0.528	0.04	27.63	17358	2019-11-04 16:05:00
2019-11-04 16:10:00	17359	5.22	71.602	23.442	-3.21	5.012	1.623	0.06	18.68	17364	2019-11-04 16:35:00
2019-11-05 00:30:00	17459	6.27	117.019	17.818	1.157	3.128	-1.6	0.09	8.57	17464	2019-11-05 00:55:00
2019-11-05 18:35:00	17631	6.33	100.171	11.883	-1.162	4.017	-0.733	0.02	21.78	17636	2019-11-05 19:00:00
2019-11-05 19:05:00	17637	6.07	96.551	12.5	-1.925	3.918	-0.472	0.05	12.58	17642	2019-11-05 19:30:00
2019-11-05 21:20:00	17664	6.8	107.229	15.006	2.073	2.735	-0.85	0.09	13.42	17669	2019-11-05 21:45:00
2019-11-05 21:50:00	17670	6.7	108.698	15.512	2.052	3.062	-1.04	0.07	13.68	17675	2019-11-05 22:15:00
2019-11-06 00:10:00	17698	6.83	110.669	17.67	0.663	3.172	-1.188	0.02	19.49	17703	2019-11-06 00:35:00
2019-11-06 00:55:00	17707	6.73	126.619	18.3	1.718	2.657	-1.957	0.05	15.90	17712	2019-11-06 01:20:00
2019-11-06 03:20:00	17736	6.25	86.807	20.153	-3.202	1.53	0.063	0.04	22.67	17741	2019-11-06 03:45:00
2019-11-06 07:40:00	17768	6.87	86.119	22.893	-2.198	0.918	0.053	0.10	20.78	17773	2019-11-06 08:05:00
2019-11-08 12:25:00	18344	5.67	98.008	17.895	-3.823	0.97	-0.125	0.08	25.49	18349	2019-11-08 12:50:00
2019-11-08 13:05:00	18352	5.65	108.047	17.32	-3.852	1.267	-0.413	0.05	17.73	18357	2019-11-08 13:30:00
2019-11-08 13:35:00	18358	5.4	100.021	16.874	-3.908	1.405	-0.255	0.01	18.13	18363	2019-11-08 14:00:00
2019-11-08 14:05:00	18364	5.52	115.984	16.414	-3.612	1.767	-0.883	0.01	13.41	18369	2019-11-08 14:30:00
2019-11-08 14:35:00	18370	5.62	122.014	15.939	-3.158	2.153	-1.345	0.03	1.52	18375	2019-11-08 15:00:00
2019-11-08 15:05:00	18376	5.65	113.542	15.448	-2.99	2.375	-1.043	0.03	11.26	18381	2019-11-08 15:30:00
2019-11-08 15:35:00	18382	5.6	107.766	14.942	-3.142	2.073	-0.66	0.04	13.58	18387	2019-11-08 16:00:00
2019-11-08 16:05:00	18388	5.73	128.361	14.418	-2.498	2.087	-1.71	0.06	25.00	18393	2019-11-08 16:30:00
2019-11-08 19:00:00	18423	6.07	134.561	10.952	-1.34	2.213	-2.175	0.09	5.22	18428	2019-11-08 19:25:00
2019-11-09 05:20:00	18547	5.48	68.676	10.118	-2.583	3.382	1.3	0.06	27.18	18552	2019-11-09 05:45:00
2019-11-09 11:10:00	18617	6.02	92.651	16.697	-1.535	2.243	-0.128	0.09	26.18	18622	2019-11-09 11:35:00
2019-11-09 11:45:00	18624	6.15	123.614	17.222	0.618	2.193	-1.418	0.09	25.73	18629	2019-11-09 12:10:00
2019-11-09 14:50:00	18661	6.5	126.846	19.713	0.698	2.303	-1.788	0.06	23.67	18666	2019-11-09 15:15:00
2019-11-09 15:40:00	18671	6.03	98.596	20.313	-2.923	1.965	-0.305	0.09	24.55	18676	2019-11-09 16:05:00
2019-11-09 16:35:00	18682	6.17	58.77	20.941	-2.53	1.872	1.14	0.07	19.29	18687	2019-11-09 17:00:00
2019-11-09 17:05:00	18688	6.25	78.183	21.27	-1.883	2.387	0.475	0.07	19.36	18693	2019-11-09 17:30:00
2019-11-09 17:35:00	18694	6.28	81.461	21.589	-1.77	2.423	0.375	0.03	12.90	18699	2019-11-09 18:00:00
2019-11-09 18:20:00	18703	6.25	65.231	22.052	-2.017	2.022	0.93	0.08	29.16	18708	2019-11-09 18:45:00
2019-11-09 19:00:00	18711	6.25	113.233	22.446	-0.868	2.765	-1.187	0.06	19.78	18716	2019-11-09 19:25:00
2019-11-16 03:45:00	20544	5.0	86.335	7.907	-1.485	3.477	0.2	0.05	29.43	20549	2019-11-16 04:10:00
2019-11-16 05:10:00	20561	5.23	98.819	10.055	-1.527	3.523	-0.54	0.02	14.37	20566	2019-11-16 05:35:00
2019-11-16 07:15:00	20586	5.62	86.664	12.748	-1.035	3.228	0.19	0.02	16.90	20591	2019-11-16 07:40:00
2019-11-16 09:10:00	20609	6.33	126.097	14.872	-1.548	1.77	-1.29	0.07	6.28	20614	2019-11-16 09:35:00
2019-11-16 13:00:00	20655	6.95	126.057	18.394	-0.07	3.518	-2.573	0.05	22.12	20660	2019-11-16 13:25:00
2019-11-16 14:25:00	20672	6.57	96.538	19.502	-1.675	5.503	-0.633	0.07	13.67	20677	2019-11-16 14:50:00
2019-11-20 07:55:00	21682	6.82	52.757	22.999	-0.307	0.87	0.655	0.06	23.59	21687	2019-11-20 08:20:00
2019-11-22 04:35:00	22218	5.73	112.25	23.242	-3.922	2.715	-1.07	0.03	25.51	22223	2019-11-22 05:00:00
2019-11-22 05:25:00	22228	5.37	106.686	22.785	-3.332	3.375	-1.013	0.06	14.49	22233	2019-11-22 05:50:00
2019-11-22 09:35:00	22278	6.37	122.235	20.138	-0.768	3.728	-2.377	0.10	27.69	22283	2019-11-22 10:00:00
2019-11-22 14:30:00	22337	6.25	91.447	16.07	-3.272	3.68	0.02	0.09	23.08	22342	2019-11-22 14:55:00
2019-11-22 15:00:00	22343	6.28	126.18	15.584	-2.767	3.935	-2.87	0.06	17.02	22348	2019-11-22 15:25:00
2019-11-22 16:40:00	22363	6.48	113.207	13.842	-2.578	3.99	-1.697	0.07	29.45	22368	2019-11-22 17:05:00
2019-11-22 17:30:00	22373	6.75	91.824	12.891	-1.195	4.377	-0.083	0.09	24.41	22378	2019-11-22 17:55:00
2019-11-22 18:15:00	22382	6.18	108.959	11.984	-2.077	5.027	-1.722	0.03	19.51	22387	2019-11-22 18:40:00
2019-11-22 19:05:00	22392	6.33	91.1	10.909	0.203	5.223	-0.095	0.05	10.39	22397	2019-11-22 19:30:00
2019-11-22 19:35:00	22398	6.03	107.768	10.226	-2.012	4.545	-1.42	0.07	20.13	22403	2019-11-22 20:00:00
2019-11-22 20:05:00	22404	5.95	107.267	9.512	-1.74	4.808	-1.597	0.07	26.62	22409	2019-11-22 20:30:00
2019-11-22 20:35:00	22410	6.18	112.737	8.762	-0.932	5.038	-2.108	0.03	14.01	22415	2019-11-22 21:00:00
2019-11-22 21:15:00	22418	6.23	106.87	7.699	-0.7	4.645	-1.412	0.09	18.16	22423	2019-11-22 21:40:00
2019-11-23 03:25:00	22491	6.05	102.093	7.076	-0.948	4.78	-1.032	0.03	16.38	22496	2019-11-23 03:50:00
2019-11-23 08:05:00	22547	5.05	121.59	13.522	-1.943	4.72	-2.85	0.05	22.15	22552	2019-11-23 08:30:00
2019-11-23 08:35:00	22553	5.58	105.154	14.077	0.843	5.848	-1.607	0.04	15.01	22558	2019-11-23 09:00:00
2019-11-23 09:05:00	22559	5.37	116.736	14.612	-0.578	5.423	-2.723	0.03	20.34	22564	2019-11-23 09:30:00
2019-11-23 09:35:00	22565	5.5	114.758	15.13	-0.798	5.688	-2.623	0.01	7.26	22570	2019-11-23 10:00:00
2019-11-23 10:05:00	22571	5.35	114.556	15.63	-1.823	5.513	-2.49	0.04	27.63	22576	2019-11-23 10:30:00
2019-11-23 10:35:00	22577	5.23	114.659	16.115	-2.662	5.497	-2.518	0.01	16.00	22582	2019-11-23 11:00:00
2019-11-23 11:05:00	22583	5.1	112.648	16.585	-2.847	5.525	-2.302	0.04	25.57	22588	2019-11-23 11:30:00
2019-11-23 15:55:00	22641	5.33	80.169	20.463	0.56	7.522	1.292	0.10	12.52	22646	2019-11-23 16:20:00
2019-11-23 16:25:00	22647	5.58	73.997	20.805	0.065	6.76	1.945	0.03	10.14	22652	2019-11-23 16:50:00
2019-11-23 19:25:00	22683	5.02	117.399	22.666	-4.628	4.24	-2.187	0.04	14.50	22688	2019-11-23 19:50:00
2019-11-23 20:25:00	22695	5.27	101.927	23.218	-4.162	3.713	-0.738	0.04	27.63	22700	2019-11-23 20:50:00
2019-12-10 19:55:00	24006	6.42	52.111	13.181	3.812	2.827	2.205	0.07	14.75	24011	2019-12-10 20:20:00
2019-12-13 03:50:00	24585	5.88	62.434	23.743	1.923	3.563	1.838	0.07	25.49	24590	2019-12-13 04:15:00
2019-12-13 04:35:00	24594	6.03	102.68	23.355	0.407	3.437	-0.798	0.08	18.71	24599	2019-12-13 05:00:00
2019-12-13 16:25:00	24736	6.53	127.79	14.329	-2.267	1.427	-1.108	0.04	29.80	24741	2019-12-13 16:50:00
2019-12-14 05:05:00	24888	5.4	65.389	9.465	4.497	2.432	1.1	0.05	11.10	24893	2019-12-14 05:30:00
2019-12-14 05:35:00	24894	5.52	77.771	10.183	3.873	3.115	0.667	0.06	16.04	24899	2019-12-14 06:00:00
2019-12-14 06:15:00	24902	5.73	62.557	11.091	4.22	1.815	0.92	0.03	22.21	24907	2019-12-14 06:40:00
2019-12-14 06:45:00	24908	5.6	73.28	11.739	4.1	2.342	0.702	0.03	9.28	24913	2019-12-14 07:10:00
2019-12-14 07:15:00	24914	5.73	65.394	12.361	4.025	2.152	1.008	0.06	26.18	24919	2019-12-14 07:40:00
2019-12-20 15:55:00	26413	6.92	106.414	15.085	-1.508	2.84	-0.847	0.04	13.93	26418	2019-12-20 16:20:00
2019-12-21 09:10:00	26559	6.88	86.364	14.298	0.787	3.295	0.205	0.07	26.05	26564	2019-12-21 09:35:00
2019-12-21 21:20:00	26642	5.77	82.3	23.516	-3.133	1.658	0.198	0.06	18.20	26647	2019-12-21 21:45:00
2019-12-21 21:50:00	26648	5.78	95.452	23.772	-3.102	2.122	-0.2	0.04	7.30	26653	2019-12-21 22:15:00
2019-12-23 15:45:00	27038	5.83	90.327	23.877	0.712	2.363	0.008	0.03	17.43	27043	2019-12-23 16:10:00
2019-12-24 00:00:00	27105	5.83	67.176	18.598	1.672	2.54	1.065	0.10	9.62	27110	2019-12-24 00:25:00
2019-12-24 05:15:00	27163	5.4	65.836	13.607	0.29	3.64	1.637	0.07	16.70	27168	2019-12-24 05:40:00
2019-12-24 05:45:00	27169	5.42	79.106	13.034	1.338	3.473	0.675	0.06	13.67	27174	2019-12-24 06:10:00
2019-12-24 06:15:00	27175	5.43	104.546	12.439	2.64	3.24	-0.843	0.05	28.72	27180	2019-12-24 06:40:00
2019-12-24 06:50:00	27182	5.75	126.394	11.715	2.763	2.538	-1.857	0.05	20.10	27187	2019-12-24 07:15:00
2019-12-24 16:15:00	27242	5.67	120.36	7.899	-2.408	1.513	-0.868	0.09	22.76	27247	2019-12-24 16:40:00
2019-12-24 17:30:00	27257	5.2	86.712	9.814	-2.897	2.21	0.132	0.03	13.68	27262	2019-12-24 17:55:00
2019-12-24 18:00:00	27263	5.23	82.427	10.516	-2.965	2.023	0.265	0.09	17.47	27268	2019-12-24 18:25:00
2019-12-24 18:40:00	27271	5.22	71.291	11.405	-3.127	2.283	0.758	0.03	26.10	27276	2019-12-24 19:05:00
2019-12-24 19:10:00	27277	5.0	73.976	12.04	-3.202	2.397	0.688	0.03	14.89	27282	2019-12-24 19:35:00
2019-12-24 20:30:00	27293	5.03	65.834	13.617	-3.072	3.033	1.363	0.02	5.68	27298	2019-12-24 20:55:00
2019-12-24 21:00:00	27299	5.17	65.134	14.17	-2.958	3.085	1.432	0.04	12.23	27304	2019-12-24 21:25:00
2019-12-24 21:30:00	27305	5.15	72.444	14.703	-2.703	3.573	1.153	0.06	27.98	27310	2019-12-24 21:55:00
2019-12-24 22:00:00	27311	5.12	75.575	15.219	-2.587	4.033	1.043	0.05	16.45	27316	2019-12-24 22:25:00
2019-12-24 22:30:00	27317	5.27	61.608	15.718	-2.162	3.688	1.998	0.04	14.53	27322	2019-12-24 22:55:00
2019-12-24 23:00:00	27323	5.43	67.51	16.201	-1.338	4.007	1.652	0.04	7.48	27328	2019-12-24 23:25:00
2019-12-24 23:35:00	27330	5.35	64.839	16.746	-0.865	4.18	1.962	0.04	9.32	27335	2019-12-25 00:00:00
2019-12-25 00:05:00	27336	5.42	70.522	17.197	-0.05	4.273	1.512	0.03	2.59	27341	2019-12-25 00:30:00
2019-12-25 00:35:00	27342	5.37	78.717	17.635	0.642	4.407	0.88	0.06	10.23	27347	2019-12-25 01:00:00
2019-12-25 01:05:00	27348	5.22	82.365	18.059	0.623	4.41	0.597	0.07	5.66	27353	2019-12-25 01:30:00
2019-12-25 02:55:00	27370	5.48	75.546	19.514	-2.423	2.853	0.74	0.07	9.00	27375	2019-12-25 03:20:00
2019-12-25 03:25:00	27376	5.57	73.869	19.884	-2.6	2.377	0.667	0.06	15.72	27381	2019-12-25 03:50:00
2019-12-25 03:55:00	27382	5.72	78.156	20.244	-2.382	2.383	0.5	0.06	5.30	27387	2019-12-25 04:20:00
2019-12-25 04:25:00	27388	5.88	83.019	20.594	-0.763	2.91	0.352	0.09	5.31	27393	2019-12-25 04:50:00
2019-12-25 05:15:00	27398	5.88	72.904	21.155	-0.017	3.697	1.145	0.04	12.62	27403	2019-12-25 05:40:00
2019-12-25 06:00:00	27407	5.43	78.608	21.638	0.09	4.077	0.8	0.10	24.29	27412	2019-12-25 06:25:00
2019-12-25 07:35:00	27426	5.68	73.893	22.592	-1.032	3.613	1.018	0.08	21.71	27431	2019-12-25 08:00:00
2019-12-31 16:10:00	29120	5.02	124.901	7.101	-3.948	3.095	-2.175	0.10	26.92	29125	2019-12-31 16:35:00
2020-01-08 07:30:00	31251	6.32	96.495	22.302	1.472	3.447	-0.397	0.09	12.08	31256	2020-01-08 07:55:00
2020-01-08 08:25:00	31262	6.38	109.05	22.831	2.213	2.583	-0.892	0.09	12.04	31267	2020-01-08 08:50:00
2020-01-08 08:55:00	31268	6.45	97.715	23.108	2.013	2.79	-0.357	0.08	28.37	31273	2020-01-08 09:20:00
2020-01-08 10:25:00	31286	5.92	92.582	23.891	3.397	1.907	-0.078	0.07	29.19	31291	2020-01-08 10:50:00
2020-01-13 18:55:00	32754	6.85	91.599	22.61	-1.107	2.758	-0.077	0.08	14.82	32759	2020-01-13 19:20:00
2020-01-13 19:25:00	32760	6.63	96.35	22.319	-1.87	2.777	-0.31	0.06	5.09	32765	2020-01-13 19:50:00
2020-01-13 19:55:00	32766	6.52	93.973	22.018	-2.218	2.587	-0.178	0.04	9.46	32771	2020-01-13 20:20:00
2020-01-13 20:25:00	32772	6.47	108.326	21.709	-2.252	2.085	-0.678	0.08	15.66	32777	2020-01-13 20:50:00
2020-01-13 20:55:00	32778	6.28	96.515	21.391	-2.085	2.613	-0.293	0.09	27.81	32783	2020-01-13 21:20:00
2020-01-13 21:25:00	32784	6.18	112.803	21.063	-2.068	2.852	-1.198	0.05	6.35	32789	2020-01-13 21:50:00
2020-01-13 22:05:00	32792	6.22	114.458	20.612	-1.792	2.413	-1.095	0.05	28.36	32797	2020-01-13 22:30:00
2020-01-14 09:40:00	32931	5.17	112.989	8.828	-2.198	4.008	-1.72	0.09	7.82	32936	2020-01-14 10:05:00
2020-01-14 17:55:00	33029	5.28	102.527	9.356	-0.992	4.46	-0.982	0.10	13.57	33034	2020-01-14 18:20:00
2020-01-14 19:45:00	33050	5.42	88.272	11.862	-0.797	4.307	0.112	0.06	21.34	33055	2020-01-14 20:10:00
2020-01-14 21:20:00	33066	5.8	64.715	13.741	-0.972	3.255	1.527	0.03	28.69	33071	2020-01-14 21:45:00
2020-01-14 23:00:00	33086	5.43	90.941	15.5	-1.795	3.645	-0.058	0.05	19.46	33091	2020-01-14 23:25:00
2020-01-15 00:45:00	33106	5.43	51.361	17.152	-2.102	3.028	2.4	0.08	15.71	33111	2020-01-15 01:10:00
2020-01-15 01:30:00	33115	5.53	74.177	17.806	-1.018	3.735	1.037	0.02	21.47	33120	2020-01-15 01:55:00
2020-01-15 05:00:00	33157	5.52	84.054	20.505	-1.25	3.73	0.383	0.09	22.16	33162	2020-01-15 05:25:00
2020-01-15 05:30:00	33163	5.35	92.677	20.848	-1.68	4.005	-0.17	0.06	28.45	33168	2020-01-15 05:55:00
2020-01-15 06:00:00	33169	5.35	112.765	21.181	-1.045	3.612	-1.533	0.04	18.87	33174	2020-01-15 06:25:00
2020-01-17 04:30:00	33712	5.87	60.563	23.948	-0.307	3.527	1.997	0.09	24.43	33717	2020-01-17 04:55:00
2020-01-17 05:20:00	33722	6.07	71.805	23.524	-0.135	3.747	1.225	0.02	21.77	33727	2020-01-17 05:45:00
2020-01-17 05:50:00	33728	6.07	59.542	23.26	-0.622	3.317	1.928	0.09	19.76	33733	2020-01-17 06:15:00
2020-01-17 06:20:00	33734	6.48	72.313	22.988	0.087	3.308	1.052	0.05	17.59	33739	2020-01-17 06:45:00
2020-01-17 06:50:00	33740	6.15	71.448	22.707	0.682	3.415	1.147	0.04	3.59	33745	2020-01-17 07:15:00
2020-01-17 07:20:00	33746	6.23	70.107	22.418	0.767	3.307	1.197	0.05	2.60	33751	2020-01-17 07:45:00
2020-01-17 16:15:00	33851	5.4	96.14	15.58	1.697	5.227	-0.545	0.10	25.74	33856	2020-01-17 16:40:00
2020-01-17 16:45:00	33857	5.17	82.445	15.076	1.92	5.438	0.722	0.04	1.66	33862	2020-01-17 17:10:00
2020-01-17 17:15:00	33863	5.47	74.548	14.555	1.832	5.152	1.42	0.06	19.53	33868	2020-01-17 17:40:00
2020-01-17 20:15:00	33899	6.87	118.668	10.998	1.017	1.993	-1.088	0.07	5.88	33904	2020-01-17 20:40:00
2020-01-18 08:30:00	34046	5.83	89.692	12.637	-0.168	3.437	0.017	0.09	17.38	34051	2020-01-18 08:55:00
2020-01-18 09:15:00	34055	5.82	90.429	13.511	0.697	3.552	-0.008	0.05	19.89	34060	2020-01-18 09:40:00
2020-01-18 14:00:00	34112	6.85	125.897	18.123	-0.735	1.7	-1.23	0.10	26.30	34117	2020-01-18 14:25:00
2020-01-18 14:30:00	34118	6.88	106.083	18.534	-1.008	1.75	-0.527	0.06	25.72	34123	2020-01-18 14:55:00
2020-01-24 18:55:00	35874	6.12	50.826	12.9	-3.065	0.632	0.498	0.07	28.22	35879	2020-01-24 19:20:00
2020-01-24 20:35:00	35894	5.78	75.167	10.795	-3.495	1.682	0.442	0.07	12.50	35899	2020-01-24 21:00:00
2020-01-24 21:05:00	35900	5.87	49.424	10.102	-3.423	1.025	0.895	0.05	21.27	35905	2020-01-24 21:30:00
2020-01-25 11:45:00	36072	5.4	54.723	15.986	-3.278	1.748	1.137	0.07	29.34	36077	2020-01-25 12:10:00
2020-01-25 18:40:00	36155	5.27	48.101	21.454	-0.232	3.955	3.543	0.09	23.60	36160	2020-01-25 19:05:00
2020-01-31 15:40:00	37845	6.15	46.076	16.635	4.1	1.557	1.43	0.08	26.53	37850	2020-01-31 16:05:00
2020-01-31 17:15:00	37864	5.88	92.564	15.099	4.387	1.685	0.005	0.08	25.80	37869	2020-01-31 17:40:00
2020-01-31 19:15:00	37888	5.97	70.393	12.908	3.325	2.773	0.993	0.10	5.96	37893	2020-01-31 19:40:00
2020-01-31 19:45:00	37894	5.83	58.765	12.309	3.338	2.34	1.43	0.09	12.19	37899	2020-01-31 20:10:00
2020-01-31 20:25:00	37902	6.32	59.382	11.472	3.06	2.497	1.513	0.06	14.45	37907	2020-01-31 20:50:00
2020-02-10 20:55:00	40671	5.48	58.314	22.038	-4.54	1.55	1.023	0.02	29.58	40676	2020-02-10 21:20:00
2020-02-10 22:40:00	40692	5.8	128.063	20.922	-3.615	1.308	-1.01	0.07	25.70	40697	2020-02-10 23:05:00
2020-02-10 23:10:00	40698	5.42	109.366	20.582	-3.333	2.465	-0.908	0.04	22.65	40703	2020-02-10 23:35:00
2020-02-11 06:40:00	40788	6.2	57.077	14.069	-3.422	2.358	1.502	0.09	26.47	40793	2020-02-11 07:05:00
2020-02-11 07:10:00	40794	6.32	92.538	13.513	-3.635	2.738	-0.122	0.04	14.92	40799	2020-02-11 07:35:00
2020-02-11 07:40:00	40800	6.15	87.939	12.937	-3.698	3.207	0.118	0.10	5.83	40805	2020-02-11 08:05:00
2020-02-11 08:40:00	40812	6.65	86.519	11.716	-2.68	2.737	0.105	0.10	23.17	40817	2020-02-11 09:05:00
2020-02-11 09:10:00	40818	6.57	80.513	11.068	-3.388	2.397	0.377	0.07	13.85	40823	2020-02-11 09:35:00
2020-02-11 09:40:00	40824	6.77	82.065	10.392	-3.405	2.462	0.343	0.07	5.56	40829	2020-02-11 10:05:00
2020-02-11 10:10:00	40830	6.7	76.34	9.684	-3.673	2.155	0.517	0.08	10.88	40835	2020-02-11 10:35:00
2020-02-11 10:40:00	40836	6.7	78.819	8.942	-3.737	2.103	0.417	0.06	3.33	40841	2020-02-11 11:05:00
2020-02-11 11:10:00	40842	6.48	72.692	8.16	-4.235	1.328	0.417	0.06	13.42	40847	2020-02-11 11:35:00
2020-02-11 11:40:00	40848	6.05	72.56	7.335	-4.242	1.978	0.622	0.08	5.10	40853	2020-02-11 12:05:00
2020-02-14 18:00:00	41682	6.6	92.413	14.858	-2.982	1.157	-0.047	0.05	6.29	41687	2020-02-14 18:25:00
2020-02-14 18:30:00	41688	6.6	67.385	14.331	-2.803	1.282	0.55	0.06	26.64	41693	2020-02-14 18:55:00
2020-02-14 19:00:00	41694	6.57	53.44	13.786	-2.675	1.298	0.972	0.02	15.41	41699	2020-02-14 19:25:00
2020-02-17 23:10:00	42577	6.62	70.235	20.624	-1.803	3.048	1.098	0.10	8.78	42582	2020-02-17 23:35:00
2020-02-26 07:15:00	44849	6.12	79.913	20.773	-1.972	4.007	0.732	0.09	18.97	44854	2020-02-26 07:40:00
2020-02-26 07:45:00	44855	6.07	75.52	21.105	-1.967	4.355	1.123	0.05	7.52	44860	2020-02-26 08:10:00
2020-02-28 10:25:00	45463	5.18	76.738	21.423	-1.852	5.99	1.413	0.10	6.53	45468	2020-02-28 10:50:00
2020-03-07 11:30:00	47777	5.0	124.914	13.883	-3.15	3.04	-2.127	0.07	25.39	47782	2020-03-07 11:55:00
2020-03-07 13:40:00	47803	6.07	128.881	16.095	-1.323	2.762	-2.225	0.06	16.09	47808	2020-03-07 14:05:00
2020-03-07 14:50:00	47817	6.1	47.497	17.164	0.24	3.272	3.075	0.08	28.79	47822	2020-03-07 15:15:00
2020-03-18 06:00:00	50718	5.97	73.457	19.525	3.132	2.197	0.642	0.04	9.79	50723	2020-03-18 06:25:00
2020-03-18 07:00:00	50730	5.97	86.558	20.246	2.952	2.315	0.108	0.04	11.11	50735	2020-03-18 07:25:00
2020-04-03 23:40:00	55316	6.5	54.306	9.682	-3.187	1.663	1.11	0.09	28.66	55321	2020-04-04 00:05:00
2020-04-04 15:35:00	55503	6.65	55.652	17.046	0.727	2.185	1.51	0.06	15.84	55508	2020-04-04 16:00:00
2020-04-04 16:10:00	55510	6.07	56.034	17.552	1.965	2.58	1.768	0.07	26.07	55515	2020-04-04 16:35:00
2020-04-05 00:30:00	55609	6.03	124.833	23.183	3.388	2.997	-2.037	0.10	22.34	55614	2020-04-05 00:55:00
2020-04-08 04:15:00	56505	5.72	77.24	17.497	0.142	7.113	1.615	0.09	4.44	56510	2020-04-08 04:40:00
2020-04-08 05:05:00	56515	5.27	70.689	18.191	-0.425	8.328	2.925	0.09	7.55	56520	2020-04-08 05:30:00
2020-04-08 06:00:00	56526	5.68	50.293	18.916	1.025	5.43	4.707	0.09	26.66	56531	2020-04-08 06:25:00
2020-04-10 08:35:00	57079	5.62	129.905	22.935	-0.017	3.833	-3.197	0.09	12.87	57084	2020-04-10 09:00:00
2020-04-10 11:35:00	57115	6.13	111.972	21.171	-0.123	3.743	-1.493	0.09	23.26	57120	2020-04-10 12:00:00
2020-04-14 19:25:00	58242	6.15	62.526	7.24	3.092	1.722	0.83	0.06	23.79	58247	2020-04-14 19:50:00
2020-04-15 10:25:00	58422	6.68	64.042	21.969	2.663	1.523	0.743	0.06	12.16	58427	2020-04-15 10:50:00
2020-04-15 11:50:00	58439	6.7	122.072	22.779	2.785	0.773	-0.48	0.10	28.44	58444	2020-04-15 12:15:00
2020-04-15 12:20:00	58445	6.55	87.996	23.049	3.002	1.233	0.045	0.05	24.74	58450	2020-04-15 12:45:00
2020-04-17 17:00:00	59077	5.3	47.11	17.354	2.963	1.687	1.587	0.06	27.24	59082	2020-04-17 17:25:00
2020-04-22 05:25:00	60377	5.68	50.793	18.192	2.388	2.138	1.732	0.10	25.68	60382	2020-04-22 05:50:00
2020-04-25 10:20:00	61248	5.57	77.103	11.056	3.953	2.63	0.572	0.08	13.77	61253	2020-04-25 10:45:00
2020-04-29 12:40:00	62428	6.8	53.259	23.024	-2.367	1.028	0.767	0.04	7.74	62433	2020-04-29 13:05:00
2020-04-29 13:10:00	62434	6.82	66.942	23.286	-2.33	1.145	0.483	0.08	21.87	62439	2020-04-29 13:35:00
2020-05-01 16:00:00	63015	5.15	62.503	18.2	3.558	3.128	1.598	0.09	18.68	63020	2020-05-01 16:25:00
2020-05-01 16:40:00	63023	5.08	71.791	17.65	2.925	3.673	1.167	0.04	28.07	63028	2020-05-01 17:05:00
2020-05-01 17:10:00	63029	5.08	79.029	17.224	2.792	3.89	0.738	0.03	24.10	63034	2020-05-01 17:35:00
2020-05-01 17:40:00	63035	5.0	69.197	16.784	2.417	3.893	1.493	0.02	23.17	63040	2020-05-01 18:05:00
2020-05-01 18:10:00	63041	5.0	51.617	16.331	2.218	3.192	2.52	0.05	9.22	63046	2020-05-01 18:35:00
2020-05-08 09:20:00	64906	6.13	85.171	22.339	0.242	3.79	0.295	0.07	14.20	64911	2020-05-08 09:45:00
2020-05-08 11:00:00	64926	6.18	97.766	21.348	0.333	3.555	-0.498	0.06	15.60	64931	2020-05-08 11:25:00
2020-05-08 15:30:00	64980	5.38	47.361	18.148	-0.415	3.013	2.738	0.09	26.44	64985	2020-05-08 15:55:00
2020-05-08 16:00:00	64986	5.13	48.824	17.738	-1.047	3.405	2.973	0.03	18.06	64991	2020-05-08 16:25:00
2020-05-08 16:30:00	64992	5.13	58.297	17.315	-1.473	3.672	2.26	0.07	20.06	64997	2020-05-08 16:55:00
2020-05-08 17:55:00	65009	5.55	66.0	16.047	-1.57	2.552	1.102	0.08	17.44	65014	2020-05-08 18:20:00
2020-05-09 00:05:00	65083	5.6	115.901	8.842	-3.213	0.685	-0.335	0.09	9.84	65088	2020-05-09 00:30:00
2020-05-09 00:35:00	65089	5.68	115.162	8.082	-3.257	0.832	-0.392	0.03	9.86	65094	2020-05-09 01:00:00
2020-05-09 07:20:00	65170	5.68	64.293	7.276	-1.217	2.365	1.105	0.09	17.98	65175	2020-05-09 07:45:00
2020-05-09 09:35:00	65197	5.08	60.645	10.587	-1.453	3.293	1.783	0.08	24.59	65202	2020-05-09 10:00:00
2020-05-09 10:05:00	65203	5.13	68.096	11.237	-1.038	3.993	1.603	0.07	7.75	65208	2020-05-09 10:30:00
2020-05-09 10:35:00	65209	5.23	73.914	11.861	-0.983	3.798	1.095	0.05	28.52	65214	2020-05-09 11:00:00
2020-05-09 11:05:00	65215	5.27	88.613	12.461	-0.295	4.1	0.103	0.07	21.87	65220	2020-05-09 11:30:00
2020-05-09 12:05:00	65227	5.48	78.62	13.598	-0.092	3.938	0.795	0.06	9.84	65232	2020-05-09 12:30:00
2020-05-09 12:35:00	65233	5.63	76.611	14.137	0.642	3.853	0.917	0.03	13.60	65238	2020-05-09 13:00:00
2020-05-09 13:15:00	65241	5.75	62.95	14.827	0.937	3.177	1.62	0.05	12.79	65246	2020-05-09 13:40:00
2020-05-09 13:45:00	65247	5.85	50.954	15.326	1.788	2.402	1.927	0.06	13.98	65252	2020-05-09 14:10:00
2020-05-09 14:15:00	65253	5.68	68.212	15.808	1.05	3.147	1.243	0.09	26.88	65258	2020-05-09 14:40:00
2020-05-09 14:45:00	65259	5.57	58.152	16.276	0.457	3.137	1.957	0.09	27.22	65264	2020-05-09 15:10:00
2020-05-09 15:30:00	65268	5.45	68.096	16.951	-1.393	3.105	1.208	0.10	26.95	65273	2020-05-09 15:55:00
2020-05-09 16:40:00	65282	5.63	87.08	17.942	-0.053	3.35	0.187	0.08	27.96	65287	2020-05-09 17:05:00
2020-05-09 17:10:00	65288	5.58	69.711	18.346	-0.147	3.583	1.322	0.08	5.10	65293	2020-05-09 17:35:00
2020-05-09 17:40:00	65294	5.53	73.086	18.738	-0.71	3.618	1.085	0.06	11.74	65299	2020-05-09 18:05:00
2020-05-09 18:10:00	65300	5.32	62.733	19.12	-2.152	2.925	1.495	0.02	12.82	65305	2020-05-09 18:35:00
2020-05-09 18:40:00	65306	5.52	63.671	19.49	-1.77	3.097	1.537	0.01	5.24	65311	2020-05-09 19:05:00
2020-05-09 19:10:00	65312	5.43	75.136	19.85	-1.867	3.228	0.838	0.03	22.75	65317	2020-05-09 19:35:00
2020-05-09 19:40:00	65318	5.3	62.364	20.2	-2.043	3.147	1.613	0.04	27.83	65323	2020-05-09 20:05:00
2020-05-09 20:45:00	65331	5.72	53.917	20.924	-0.255	2.645	1.922	0.07	16.32	65336	2020-05-09 21:10:00
2020-05-09 21:20:00	65338	5.83	61.92	21.296	0.443	2.947	1.573	0.08	23.58	65343	2020-05-09 21:45:00
2020-05-09 22:00:00	65346	5.82	61.889	21.706	1.228	3.1	1.688	0.07	18.55	65351	2020-05-09 22:25:00
2020-05-09 22:30:00	65352	5.92	62.089	22.004	1.618	3.007	1.587	0.02	7.21	65357	2020-05-09 22:55:00
2020-05-10 00:20:00	65374	5.57	64.052	23.024	-1.66	2.993	1.403	0.08	24.05	65379	2020-05-10 00:45:00
2020-05-10 01:20:00	65386	5.0	49.798	23.535	-3.488	2.437	2.06	0.03	9.27	65391	2020-05-10 01:45:00
2020-05-10 01:50:00	65392	5.05	52.969	23.78	-3.463	2.547	1.92	0.03	5.31	65397	2020-05-10 02:15:00
2020-05-13 11:40:00	66374	6.52	50.097	22.826	0.15	1.89	1.578	0.06	6.55	66379	2020-05-13 12:05:00
2020-05-15 17:05:00	67015	5.0	58.308	16.64	-3.105	2.182	1.32	0.02	12.95	67020	2020-05-15 17:30:00
2020-05-15 19:55:00	67049	5.0	55.888	13.851	-1.588	3.04	2.055	0.03	5.58	67054	2020-05-15 20:20:00
2020-05-16 07:00:00	67182	5.65	120.68	7.047	-1.053	2.063	-1.218	0.03	19.10	67187	2020-05-16 07:25:00
2020-05-16 08:10:00	67196	5.68	97.215	8.878	-1.032	2.587	-0.312	0.05	16.82	67201	2020-05-16 08:35:00
2020-05-16 09:35:00	67213	5.53	69.668	10.846	-2.517	1.495	0.542	0.07	23.91	67218	2020-05-16 10:00:00
2020-05-16 10:05:00	67219	5.45	114.185	11.485	-2.182	1.7	-0.763	0.06	27.08	67224	2020-05-16 10:30:00
2020-05-16 10:35:00	67225	5.28	108.872	12.1	-2.28	1.688	-0.55	0.04	23.52	67230	2020-05-16 11:00:00
2020-05-16 13:55:00	67265	5.1	90.284	15.678	-2.468	2.023	0.027	0.03	22.25	67270	2020-05-16 14:20:00
2020-05-16 15:55:00	67289	5.07	92.098	17.48	-2.485	2.918	-0.097	0.08	19.11	67294	2020-05-16 16:20:00
2020-05-16 16:30:00	67296	5.08	97.515	17.965	-2.107	2.825	-0.398	0.09	22.03	67301	2020-05-16 16:55:00
2020-05-16 17:45:00	67311	5.57	83.187	18.952	-0.983	3.158	0.385	0.08	21.28	67316	2020-05-16 18:10:00
2020-05-16 19:50:00	67336	5.38	61.933	20.445	-1.69	3.398	1.83	0.03	26.60	67341	2020-05-16 20:15:00
2020-05-16 21:55:00	67361	5.52	77.466	21.771	-2.373	3.127	0.682	0.06	26.41	67366	2020-05-16 22:20:00
2020-05-16 23:40:00	67382	5.8	60.224	22.768	-0.25	3.632	2.078	0.04	24.25	67387	2020-05-17 00:05:00
2020-05-17 00:10:00	67388	5.75	75.519	23.034	-0.982	3.92	1.003	0.04	24.47	67393	2020-05-17 00:35:00
2020-05-17 00:40:00	67394	5.7	71.16	23.293	-1.317	3.738	1.273	0.08	26.15	67399	2020-05-17 01:05:00
2020-05-17 01:10:00	67400	5.83	54.752	23.544	-1.183	2.88	2.048	0.08	26.02	67405	2020-05-17 01:35:00
2020-05-20 09:45:00	68366	5.12	71.779	21.815	3.62	1.595	0.498	0.10	18.19	68371	2020-05-20 10:10:00
2020-05-20 10:35:00	68376	5.05	93.261	22.299	3.42	1.108	-0.055	0.07	17.60	68381	2020-05-20 11:00:00
2020-05-20 11:25:00	68386	5.17	98.364	22.761	3.742	0.753	-0.122	0.02	21.53	68391	2020-05-20 11:50:00
2020-05-20 11:55:00	68392	5.12	96.104	23.027	3.665	0.903	-0.102	0.04	14.84	68397	2020-05-20 12:20:00
2020-05-20 12:25:00	68398	5.08	102.123	23.286	3.603	0.783	-0.162	0.01	18.49	68403	2020-05-20 12:50:00
2020-05-22 06:00:00	68897	5.48	131.52	23.669	-4.082	1.568	-1.397	0.04	10.01	68902	2020-05-22 06:25:00
2020-05-22 06:35:00	68904	5.5	94.105	23.38	-4.137	1.828	-0.14	0.07	29.13	68909	2020-05-22 07:00:00
2020-05-26 01:05:00	69988	5.58	47.071	19.264	-0.602	3.13	2.9	0.09	11.04	69993	2020-05-26 01:30:00
2020-05-26 01:35:00	69994	5.65	53.638	18.887	-1.007	3.383	2.492	0.04	5.98	69999	2020-05-26 02:00:00
2020-05-29 09:40:00	70952	5.25	63.29	21.494	-0.945	3.202	1.607	0.05	9.42	70957	2020-05-29 10:05:00
2020-05-29 11:20:00	70972	5.05	88.629	20.418	-3.065	2.795	0.058	0.03	6.96	70977	2020-05-29 11:45:00
2020-05-29 12:00:00	70980	5.03	103.397	19.957	-2.933	2.787	-0.663	0.08	7.27	70985	2020-05-29 12:25:00
2020-05-29 15:10:00	71018	5.85	90.998	17.512	-1.477	2.23	-0.035	0.03	14.76	71023	2020-05-29 15:35:00
2020-05-29 17:40:00	71048	5.98	93.917	15.228	-1.547	1.89	-0.128	0.10	23.79	71053	2020-05-29 18:05:00
2020-05-29 18:10:00	71054	6.0	82.145	14.726	-1.633	1.84	0.253	0.05	8.11	71059	2020-05-29 18:35:00
2020-05-29 18:45:00	71061	5.78	91.674	14.119	-1.39	2.375	-0.08	0.09	13.03	71066	2020-05-29 19:10:00
2020-05-29 20:25:00	71081	6.15	82.778	12.243	-0.725	2.517	0.313	0.06	12.22	71086	2020-05-29 20:50:00
