Start_str	Start_ind	Mgs#_avg	Clang_avg	Rmag_avg	Bx_avg(nT)	By_avg(nT)	Bz_avg(nT)	Bdeviat	Dtheta	End_ind	End_str
2015-09-02 23:45:00	476	5.02	106.564	8.838	-5.7	4.35	-1.293	0.08	2.07	481	2015-09-03 00:10:00
2015-09-03 00:15:00	482	5.15	115.474	8.332	-5.85	3.313	-1.563	0.03	10.18	487	2015-09-03 00:40:00
2015-09-03 00:45:00	488	5.12	115.653	7.772	-5.965	3.333	-1.597	0.05	7.08	493	2015-09-03 01:10:00
2015-09-03 01:15:00	494	5.13	132.717	7.154	-6.372	2.278	-2.073	0.02	14.67	499	2015-09-03 01:40:00
2015-09-03 08:00:00	575	5.53	103.138	7.396	-4.532	3.383	-0.777	0.09	10.02	580	2015-09-03 08:25:00
2015-09-03 08:50:00	585	5.48	105.54	8.356	-4.672	2.973	-0.815	0.09	24.91	590	2015-09-03 09:15:00
2015-09-03 15:10:00	661	6.48	104.813	11.892	-1.303	6.158	-1.642	0.09	15.14	666	2015-09-03 15:35:00
2015-09-03 16:05:00	672	6.27	67.014	11.981	-0.125	6.607	2.823	0.09	19.90	677	2015-09-03 16:30:00
2015-09-03 16:35:00	678	6.15	72.993	11.989	2.4	6.92	2.138	0.05	9.57	683	2015-09-03 17:00:00
2015-09-03 17:30:00	689	5.85	89.431	11.93	-2.748	6.66	0.053	0.06	27.84	694	2015-09-03 17:55:00
2015-09-04 20:05:00	973	5.83	66.419	11.192	-3.162	3.962	1.748	0.03	9.59	978	2015-09-04 20:30:00
2015-09-04 20:35:00	979	5.73	73.896	10.957	-3.455	4.127	1.135	0.09	13.79	984	2015-09-04 21:00:00
2015-09-04 21:50:00	994	5.63	105.345	10.22	-1.415	5.747	-1.578	0.02	26.92	999	2015-09-04 22:15:00
2015-09-04 23:30:00	1014	5.87	70.046	8.866	0.705	5.42	1.94	0.09	28.44	1019	2015-09-04 23:55:00
2015-09-05 00:00:00	1020	5.92	90.168	8.363	-0.962	5.938	-0.018	0.04	10.06	1025	2015-09-05 00:25:00
2015-09-05 01:00:00	1032	5.85	86.829	7.192	-1.333	5.572	0.36	0.06	27.86	1037	2015-09-05 01:25:00
2015-09-05 11:25:00	1157	5.93	114.99	10.62	-4.197	2.903	-1.35	0.05	28.77	1162	2015-09-05 11:50:00
2015-09-05 15:35:00	1207	5.92	118.608	11.965	-1.828	4.957	-2.707	0.02	10.62	1212	2015-09-05 16:00:00
2015-09-06 00:05:00	1309	5.78	75.464	8.153	-1.815	5.472	1.41	0.04	22.89	1314	2015-09-06 00:30:00
2015-09-06 07:25:00	1397	5.65	49.018	7.074	-3.127	4.803	4.09	0.06	19.16	1402	2015-09-06 07:50:00
2015-09-06 11:40:00	1446	5.05	106.789	10.823	-0.24	7.82	-2.363	0.03	18.02	1451	2015-09-06 12:05:00
2015-09-06 13:10:00	1464	5.0	108.298	11.482	-1.14	7.533	-2.5	0.03	13.27	1469	2015-09-06 13:35:00
2015-09-06 16:05:00	1499	5.4	70.262	11.989	-4.537	5.055	1.858	0.02	16.02	1504	2015-09-06 16:30:00
2015-09-06 21:10:00	1526	5.73	46.055	10.507	-2.137	4.667	4.46	0.05	29.23	1531	2015-09-06 21:35:00
2015-09-06 23:20:00	1552	5.33	62.614	8.812	-5.318	4.965	2.467	0.09	22.92	1557	2015-09-06 23:45:00
2015-09-07 00:05:00	1561	5.35	68.943	8.028	-4.442	5.788	2.267	0.03	21.22	1566	2015-09-07 00:30:00
2015-09-07 16:15:00	1733	5.23	130.728	11.986	-1.743	7.758	-6.693	0.06	28.89	1738	2015-09-07 16:40:00
2015-09-07 20:50:00	1758	6.62	134.536	10.638	0.407	5.915	-5.823	0.03	26.38	1763	2015-09-07 21:15:00
2015-09-07 22:05:00	1773	5.63	132.466	9.796	0.885	6.592	-6.062	0.01	21.57	1778	2015-09-07 22:30:00
2015-09-07 22:35:00	1779	5.33	134.593	9.391	0.358	6.597	-6.507	0.06	9.32	1784	2015-09-07 23:00:00
2015-09-08 15:25:00	1973	5.0	68.287	11.974	13.675	10.477	4.125	0.02	25.50	1978	2015-09-08 15:50:00
2015-09-08 15:55:00	1979	5.17	64.78	11.988	13.322	10.38	4.89	0.02	5.48	1984	2015-09-08 16:20:00
2015-09-08 16:25:00	1985	5.05	60.301	11.974	13.217	10.157	5.797	0.01	3.83	1990	2015-09-08 16:50:00
2015-09-08 16:55:00	1991	5.05	59.812	11.931	12.885	10.28	5.983	0.00	3.41	1996	2015-09-08 17:20:00
2015-09-11 06:50:00	2672	5.2	60.098	7.048	-6.58	9.075	5.342	0.08	22.05	2677	2015-09-11 07:15:00
2015-09-11 17:45:00	2733	6.23	53.993	11.717	-3.403	5.415	3.955	0.04	29.50	2738	2015-09-11 18:10:00
2015-09-13 16:05:00	3183	6.92	133.938	11.957	3.842	3.07	-2.967	0.04	16.44	3188	2015-09-13 16:30:00
2015-09-13 23:45:00	3274	6.57	54.323	7.482	-1.375	3.507	2.508	0.04	28.95	3279	2015-09-14 00:10:00
2015-09-14 06:50:00	3358	5.53	54.182	7.487	-3.865	4.707	3.43	0.02	28.18	3363	2015-09-14 07:15:00
2015-09-14 07:25:00	3365	5.23	102.198	8.166	-4.507	4.548	-1.142	0.06	24.38	3370	2015-09-14 07:50:00
2015-09-14 08:50:00	3382	5.28	108.271	9.52	-3.4	6.895	-2.313	0.09	19.85	3387	2015-09-14 09:15:00
2015-09-14 09:55:00	3395	5.52	115.771	10.321	-2.042	7.582	-3.587	0.04	25.66	3400	2015-09-14 10:20:00
2015-09-14 14:15:00	3447	5.28	127.689	11.934	-2.355	5.528	-4.287	0.08	20.88	3452	2015-09-14 14:40:00
2015-09-14 16:35:00	3475	5.53	132.126	11.886	0.365	4.76	-4.303	0.04	24.69	3480	2015-09-14 17:00:00
2015-09-14 17:20:00	3484	5.52	128.401	11.738	-0.922	4.547	-3.59	0.05	23.00	3489	2015-09-14 17:45:00
2015-09-14 18:05:00	3493	5.45	115.787	11.524	-5.388	2.772	-1.398	0.02	28.08	3498	2015-09-14 18:30:00
2015-09-14 21:25:00	3507	5.55	117.207	9.695	-4.162	3.77	-1.905	0.06	19.51	3512	2015-09-14 21:50:00
2015-09-15 06:45:00	3591	5.3	98.976	7.526	-5.663	1.935	-0.325	0.07	20.40	3596	2015-09-15 07:10:00
2015-09-15 07:35:00	3601	5.63	132.462	8.466	-2.345	4.03	-3.75	0.05	21.03	3606	2015-09-15 08:00:00
2015-09-15 23:05:00	3757	6.62	81.257	8.005	-1.408	4.135	0.595	0.07	29.60	3762	2015-09-15 23:30:00
2015-09-16 15:10:00	3950	6.45	127.065	11.991	-3.14	2.59	-2.142	0.03	29.22	3955	2015-09-16 15:35:00
2015-09-16 17:15:00	3975	6.0	83.321	11.706	-4.503	2.762	0.345	0.10	28.81	3980	2015-09-16 17:40:00
2015-09-16 22:50:00	4042	6.4	117.546	8.161	2.928	4.147	-2.323	0.10	24.29	4047	2015-09-16 23:15:00
2015-09-17 07:25:00	4145	6.58	112.402	8.527	-2.457	3.035	-1.267	0.05	23.37	4150	2015-09-17 07:50:00
2015-09-17 08:35:00	4159	6.42	133.293	9.595	-1.793	2.45	-2.277	0.07	24.58	4164	2015-09-17 09:00:00
2015-09-17 09:05:00	4165	6.32	125.674	9.981	-2.538	2.963	-2.113	0.04	18.34	4170	2015-09-17 09:30:00
2015-09-17 09:55:00	4175	6.1	115.398	10.538	-4.075	1.853	-0.838	0.09	28.02	4180	2015-09-17 10:20:00
2015-09-17 10:25:00	4181	6.08	118.108	10.824	-3.872	2.672	-1.48	0.08	19.47	4186	2015-09-17 10:50:00
2015-09-17 10:55:00	4187	6.12	103.08	11.076	-3.555	3.332	-0.728	0.06	15.50	4192	2015-09-17 11:20:00
2015-09-17 11:25:00	4193	6.18	111.389	11.296	-3.79	2.543	-0.992	0.05	17.40	4198	2015-09-17 11:50:00
2015-09-17 12:25:00	4205	6.03	92.145	11.643	-4.227	2.7	-0.105	0.05	12.45	4210	2015-09-17 12:50:00
2015-09-17 12:55:00	4211	5.88	70.117	11.771	-4.53	2.433	0.88	0.05	22.79	4216	2015-09-17 13:20:00
2015-09-17 13:25:00	4217	5.72	88.687	11.869	-4.823	2.752	0.045	0.05	12.88	4222	2015-09-17 13:50:00
2015-09-17 13:55:00	4223	5.53	89.985	11.939	-4.957	2.782	-0.012	0.02	29.45	4228	2015-09-17 14:20:00
2015-09-17 14:25:00	4229	5.48	68.302	11.981	-4.932	2.642	1.078	0.02	11.07	4234	2015-09-17 14:50:00
2015-09-17 14:55:00	4235	5.53	56.452	11.994	-4.772	2.605	1.737	0.01	12.25	4240	2015-09-17 15:20:00
2015-09-17 16:10:00	4250	5.43	57.539	11.903	-5.075	2.38	1.52	0.04	19.45	4255	2015-09-17 16:35:00
2015-09-17 16:40:00	4256	5.32	74.526	11.816	-5.242	2.535	0.698	0.02	9.96	4261	2015-09-17 17:05:00
2015-09-17 17:15:00	4263	5.3	64.238	11.679	-5.422	2.172	1.033	0.03	29.88	4268	2015-09-17 17:40:00
2015-09-17 18:05:00	4273	5.42	52.3	11.412	-5.525	1.685	1.29	0.03	17.60	4278	2015-09-17 18:30:00
2015-09-17 18:35:00	4279	5.2	52.469	11.211	-5.732	1.608	1.21	0.04	17.39	4284	2015-09-17 19:00:00
2015-09-17 19:05:00	4285	5.17	76.882	10.978	-5.752	1.873	0.43	0.02	27.89	4290	2015-09-17 19:30:00
2015-09-17 19:35:00	4291	5.13	84.786	10.712	-5.805	1.525	0.137	0.03	5.71	4296	2015-09-17 20:00:00
2015-09-17 20:05:00	4297	5.35	91.364	10.411	-5.437	1.662	-0.043	0.04	7.29	4302	2015-09-17 20:30:00
2015-09-17 20:35:00	4303	5.48	98.768	10.074	-5.052	2.035	-0.325	0.04	14.57	4308	2015-09-17 21:00:00
2015-09-18 06:05:00	4401	5.52	123.448	7.107	-2.672	5.282	-3.483	0.05	10.10	4406	2015-09-18 06:30:00
2015-09-18 06:35:00	4407	5.58	128.882	7.73	-2.035	4.828	-3.913	0.05	13.74	4412	2015-09-18 07:00:00
2015-09-18 10:50:00	4457	6.02	127.047	11.09	-2.153	4.533	-3.477	0.07	22.67	4462	2015-09-18 11:15:00
2015-09-18 12:50:00	4481	5.52	83.025	11.778	-5.067	4.877	0.58	0.05	24.19	4486	2015-09-18 13:15:00
2015-09-18 15:35:00	4514	6.08	94.433	11.959	-5.682	3.565	-0.31	0.01	25.77	4519	2015-09-18 16:00:00
2015-09-18 16:05:00	4520	6.17	93.708	11.9	-5.573	3.813	-0.245	0.02	8.95	4525	2015-09-18 16:30:00
2015-09-18 16:40:00	4527	6.0	127.656	11.795	-4.982	3.473	-2.74	0.03	26.32	4532	2015-09-18 17:05:00
2015-09-18 17:15:00	4534	5.98	104.391	11.65	-5.382	3.565	-0.888	0.02	21.39	4539	2015-09-18 17:40:00
2015-09-18 17:45:00	4540	5.98	111.87	11.493	-5.735	2.812	-1.168	0.01	17.99	4545	2015-09-18 18:10:00
2015-09-18 18:15:00	4546	5.92	112.492	11.306	-5.772	2.808	-1.25	0.02	18.83	4551	2015-09-18 18:40:00
2015-09-18 19:20:00	4559	5.62	95.428	10.791	-6.31	2.515	-0.282	0.04	21.19	4564	2015-09-18 19:45:00
2015-09-18 20:15:00	4570	6.6	130.423	10.231	-5.165	2.917	-2.503	0.04	26.50	4575	2015-09-18 20:40:00
2015-09-18 21:15:00	4582	6.53	130.76	9.475	-5.758	1.798	-1.632	0.02	20.34	4587	2015-09-18 21:40:00
2015-09-18 21:45:00	4588	6.4	132.069	9.035	-5.33	2.228	-2.185	0.04	25.66	4593	2015-09-18 22:10:00
2015-09-18 22:40:00	4599	5.75	110.539	8.105	-6.653	2.705	-1.002	0.10	11.54	4604	2015-09-18 23:05:00
2015-09-18 23:10:00	4605	5.85	129.205	7.521	-6.462	2.758	-2.398	0.04	29.90	4610	2015-09-18 23:35:00
2015-09-21 05:55:00	5207	5.72	45.31	7.314	-0.163	4.638	4.61	0.07	22.89	5212	2015-09-21 06:20:00
2015-09-21 06:25:00	5213	5.58	59.385	7.918	-0.19	5.948	3.527	0.04	11.89	5218	2015-09-21 06:50:00
2015-09-21 07:25:00	5225	5.6	48.259	8.958	-2.435	4.318	3.825	0.10	10.53	5230	2015-09-21 07:50:00
2015-09-23 07:40:00	5766	6.43	132.325	9.38	-4.83	4.08	-3.888	0.03	26.45	5771	2015-09-23 08:05:00
2015-09-24 06:05:00	6024	6.07	86.715	7.916	-1.177	4.498	0.28	0.07	19.75	6029	2015-09-24 06:30:00
2015-09-24 17:40:00	6163	5.25	120.639	11.269	5.34	2.732	-1.563	0.09	15.88	6168	2015-09-24 18:05:00
2015-09-24 18:30:00	6173	5.02	68.179	10.878	6.24	1.102	0.437	0.05	25.11	6178	2015-09-24 18:55:00
2015-09-26 07:40:00	6619	5.7	69.551	9.661	4.382	2.453	0.887	0.01	29.49	6624	2015-09-26 08:05:00
2015-10-03 05:40:00	8540	5.2	123.613	8.544	-3.085	6.663	-4.46	0.10	13.43	8545	2015-10-03 06:05:00
2015-10-03 10:55:00	8591	5.0	90.907	11.718	-4.797	7.075	-0.152	0.05	23.94	8596	2015-10-03 11:20:00
2015-10-03 11:40:00	8600	5.17	62.461	11.876	-5.645	5.608	2.97	0.08	15.84	8605	2015-10-03 12:05:00
2015-10-03 21:30:00	8718	5.02	72.91	7.541	-6.358	2.44	0.793	0.08	20.82	8723	2015-10-03 21:55:00
2015-10-05 08:05:00	9133	5.63	112.002	10.63	-3.342	5.715	-2.263	0.03	18.78	9138	2015-10-05 08:30:00
2015-10-05 13:20:00	9182	6.52	73.01	11.988	-0.97	4.352	1.365	0.01	29.03	9187	2015-10-05 13:45:00
2015-10-05 14:25:00	9195	6.48	103.112	11.87	-2.655	3.21	-0.765	0.03	22.40	9200	2015-10-05 14:50:00
2015-10-05 16:05:00	9215	6.58	114.788	11.422	-1.497	3.94	-1.867	0.09	9.83	9220	2015-10-05 16:30:00
2015-10-05 17:30:00	9232	6.17	109.112	10.771	-3.36	3.353	-1.17	0.06	14.44	9237	2015-10-05 17:55:00
2015-10-05 19:05:00	9251	6.45	76.226	9.716	-2.98	3.143	0.758	0.05	23.78	9256	2015-10-05 19:30:00
2015-10-05 19:35:00	9257	6.6	64.879	9.301	-2.193	3.245	1.545	0.10	18.11	9262	2015-10-05 20:00:00
2015-10-05 20:20:00	9266	6.42	79.636	8.595	-2.722	3.325	0.68	0.09	28.85	9271	2015-10-05 20:45:00
2015-10-06 19:00:00	9429	5.77	132.482	9.693	-1.687	4.92	-4.507	0.01	12.04	9434	2015-10-06 19:25:00
2015-10-10 16:15:00	10407	5.7	83.361	11.121	-2.367	3.442	0.472	0.08	29.05	10412	2015-10-10 16:40:00
2015-10-10 16:45:00	10413	5.95	95.515	10.874	-2.483	3.408	-0.322	0.04	16.31	10418	2015-10-10 17:10:00
2015-10-10 17:30:00	10422	5.73	74.344	10.44	-3.04	2.77	0.758	0.05	23.95	10427	2015-10-10 17:55:00
2015-10-11 03:30:00	10542	7.0	107.627	7.057	-0.752	2.918	-0.942	0.05	19.03	10547	2015-10-11 03:55:00
2015-10-11 06:35:00	10579	6.17	100.626	10.096	-2.878	2.842	-0.507	0.02	27.99	10584	2015-10-11 07:00:00
2015-10-11 07:05:00	10585	6.33	91.471	10.431	-2.293	3.377	-0.108	0.03	22.36	10590	2015-10-11 07:30:00
2015-10-11 20:30:00	10746	6.62	86.772	7.671	-3.672	3.113	0.243	0.04	15.73	10751	2015-10-11 20:55:00
2015-10-12 13:20:00	10948	5.83	80.657	11.919	-4.855	4.153	0.705	0.02	26.14	10953	2015-10-12 13:45:00
2015-10-12 14:45:00	10965	5.85	81.72	11.609	-5.193	3.5	0.453	0.10	20.01	10970	2015-10-12 15:10:00
2015-10-12 15:20:00	10972	6.22	120.147	11.412	-1.195	5.242	-3.005	0.09	21.54	10977	2015-10-12 15:45:00
2015-10-12 19:15:00	11019	5.7	84.217	8.893	-3.503	6.007	0.603	0.07	21.63	11024	2015-10-12 19:40:00
2015-10-13 05:50:00	11146	6.58	133.675	9.704	3.108	4.028	-3.815	0.02	26.00	11151	2015-10-13 06:15:00
2015-10-13 18:40:00	11300	5.82	47.588	9.326	-5.828	2.057	1.915	0.04	28.31	11305	2015-10-13 19:05:00
2015-10-13 19:40:00	11312	5.55	125.544	8.365	-5.755	3.465	-2.502	0.09	15.88	11317	2015-10-13 20:05:00
2015-10-14 05:20:00	11428	5.05	129.626	9.384	-3.758	4.907	-4.085	0.05	8.74	11433	2015-10-14 05:45:00
2015-10-14 11:40:00	11504	5.68	75.173	12.0	-2.5	4.57	1.25	0.07	23.53	11509	2015-10-14 12:05:00
2015-10-14 18:40:00	11579	5.87	91.513	9.232	-3.613	2.697	-0.137	0.05	21.38	11584	2015-10-14 19:05:00
2015-10-14 19:45:00	11592	5.62	72.681	8.159	-3.298	2.795	0.818	0.07	28.95	11597	2015-10-14 20:10:00
2015-10-15 04:15:00	11694	5.48	101.663	8.459	-2.543	4.197	-0.967	0.04	21.66	11699	2015-10-15 04:40:00
2015-10-15 04:45:00	11700	5.75	106.768	8.955	-0.493	4.99	-1.515	0.04	15.75	11705	2015-10-15 05:10:00
2015-10-15 05:25:00	11708	5.63	95.904	9.544	-0.022	5.525	-0.572	0.05	19.45	11713	2015-10-15 05:50:00
2015-10-15 05:55:00	11714	5.77	105.823	9.935	0.692	5.147	-1.478	0.02	28.39	11719	2015-10-15 06:20:00
2015-10-15 06:25:00	11720	5.63	113.021	10.288	-0.987	5.26	-2.237	0.04	17.32	11725	2015-10-15 06:50:00
2015-10-15 06:55:00	11726	5.83	129.752	10.603	-0.033	4.457	-3.728	0.07	24.07	11731	2015-10-15 07:20:00
2015-10-15 07:25:00	11732	6.35	126.527	10.883	1.397	4.745	-3.473	0.09	22.15	11737	2015-10-15 07:50:00
2015-10-15 07:55:00	11738	6.42	109.874	11.129	1.753	5.452	-2.002	0.06	21.39	11743	2015-10-15 08:20:00
2015-10-15 08:25:00	11744	6.4	113.394	11.344	-0.4	5.457	-2.357	0.04	20.22	11749	2015-10-15 08:50:00
2015-10-15 08:55:00	11750	6.6	116.143	11.526	1.088	5.408	-2.653	0.05	11.38	11755	2015-10-15 09:20:00
2015-10-15 09:50:00	11761	7.0	95.992	11.783	-0.275	5.562	-0.585	0.02	16.87	11766	2015-10-15 10:15:00
2015-10-15 13:40:00	11806	6.47	88.448	11.809	0.738	5.672	0.148	0.06	10.58	11811	2015-10-15 14:05:00
2015-10-15 14:10:00	11812	6.32	93.642	11.688	2.638	5.242	-0.327	0.08	7.47	11817	2015-10-15 14:35:00
2015-10-15 14:55:00	11821	6.12	104.604	11.452	3.125	5.158	-1.303	0.02	29.13	11826	2015-10-15 15:20:00
2015-10-15 15:55:00	11833	5.75	109.539	11.028	4.362	5.307	-1.918	0.04	24.64	11838	2015-10-15 16:20:00
2015-10-15 16:35:00	11841	5.85	95.653	10.673	4.828	5.207	-0.525	0.03	23.93	11846	2015-10-15 17:00:00
2015-10-15 17:05:00	11847	5.73	108.819	10.366	4.09	5.723	-1.95	0.02	10.00	11852	2015-10-15 17:30:00
2015-10-15 17:35:00	11853	5.8	106.136	10.022	4.338	5.653	-1.62	0.02	13.41	11858	2015-10-15 18:00:00
2015-10-15 18:05:00	11859	6.08	116.036	9.64	4.718	4.823	-2.362	0.04	7.88	11864	2015-10-15 18:30:00
2015-10-15 19:05:00	11871	6.38	72.454	8.748	1.353	4.913	1.553	0.05	6.32	11876	2015-10-15 19:30:00
2015-10-15 19:40:00	11878	6.03	62.397	8.139	-3.207	3.86	1.91	0.09	25.65	11883	2015-10-15 20:05:00
2015-10-15 20:10:00	11884	6.22	70.183	7.558	0.357	5.233	1.915	0.07	19.08	11889	2015-10-15 20:35:00
2015-10-16 05:55:00	12001	5.77	71.248	10.012	0.2	4.61	1.57	0.02	8.29	12006	2015-10-16 06:20:00
2015-10-16 06:25:00	12007	5.8	73.509	10.357	0.402	4.672	1.383	0.02	12.93	12012	2015-10-16 06:50:00
2015-10-16 07:55:00	12025	6.33	67.469	11.177	0.098	3.402	1.387	0.06	23.72	12030	2015-10-16 08:20:00
2015-10-17 15:55:00	12406	5.83	88.839	10.922	-3.243	4.482	0.11	0.08	22.18	12411	2015-10-17 16:20:00
2015-10-17 16:30:00	12413	5.88	122.937	10.597	-3.89	3.18	-2.145	0.06	19.96	12418	2015-10-17 16:55:00
2015-10-17 17:00:00	12419	5.78	125.797	10.281	-3.135	3.9	-2.88	0.07	29.44	12424	2015-10-17 17:25:00
2015-10-17 19:50:00	12453	6.3	67.099	7.703	0.933	4.833	2.018	0.08	16.66	12458	2015-10-17 20:15:00
2015-10-18 19:15:00	12734	6.5	92.996	8.244	-2.307	2.57	-0.162	0.05	25.88	12739	2015-10-18 19:40:00
2015-10-19 02:45:00	12824	6.43	94.737	7.211	-1.925	2.42	-0.222	0.08	23.87	12829	2015-10-19 03:10:00
2015-10-19 03:15:00	12830	6.38	86.538	7.825	-1.728	2.738	0.172	0.02	9.20	12835	2015-10-19 03:40:00
2015-10-19 03:45:00	12836	6.48	93.107	8.381	-1.078	2.898	-0.157	0.04	4.60	12841	2015-10-19 04:10:00
2015-10-19 05:40:00	12859	6.45	88.473	10.064	-1.522	2.543	0.073	0.08	10.01	12864	2015-10-19 06:05:00
2015-10-19 06:35:00	12870	6.53	92.221	10.658	-2.397	1.553	-0.033	0.08	23.09	12875	2015-10-19 07:00:00
2015-10-19 08:35:00	12894	6.53	68.868	11.557	-1.937	1.877	0.685	0.09	13.91	12899	2015-10-19 09:00:00
2015-10-19 09:45:00	12908	6.45	118.165	11.854	-1.99	1.56	-0.845	0.07	18.81	12913	2015-10-19 10:10:00
2015-10-19 10:15:00	12914	6.57	62.227	11.932	-0.167	2.662	1.47	0.09	21.57	12919	2015-10-19 10:40:00
2015-10-19 10:45:00	12920	6.57	69.829	11.982	0.227	3.175	1.172	0.03	11.53	12925	2015-10-19 11:10:00
2015-10-19 11:55:00	12934	6.6	94.714	11.989	-2.1	2.257	-0.188	0.09	9.13	12939	2015-10-19 12:20:00
2015-10-20 08:55:00	13186	6.22	81.158	11.688	0.415	3.343	0.513	0.08	18.06	13191	2015-10-20 09:20:00
2015-10-20 09:45:00	13196	6.63	61.523	11.872	2.673	2.852	1.518	0.07	15.61	13201	2015-10-20 10:10:00
2015-10-20 13:10:00	13237	5.92	123.085	11.8	-3.797	3.835	-2.515	0.04	14.15	13242	2015-10-20 13:35:00
2015-10-20 14:00:00	13247	5.7	118.835	11.578	-3.955	4.495	-2.482	0.04	12.59	13252	2015-10-20 14:25:00
2015-10-20 14:35:00	13254	5.57	133.299	11.374	-3.647	4.082	-3.845	0.08	10.86	13259	2015-10-20 15:00:00
2015-10-20 16:10:00	13273	6.27	133.591	10.6	-2.553	3.627	-3.548	0.09	18.68	13278	2015-10-20 16:35:00
2015-10-21 04:40:00	13423	5.98	126.289	9.454	3.698	2.543	-1.74	0.08	23.08	13428	2015-10-21 05:05:00
2015-10-21 06:10:00	13441	5.6	100.51	10.538	5.502	5.063	-0.932	0.08	21.00	13446	2015-10-21 06:35:00
2015-10-21 07:00:00	13451	5.6	80.023	10.998	5.285	5.213	0.927	0.09	6.86	13456	2015-10-21 07:25:00
2015-10-21 08:00:00	13463	5.88	58.206	11.429	4.308	4.617	2.87	0.03	22.77	13468	2015-10-21 08:25:00
2015-10-26 16:25:00	14976	5.03	55.113	9.996	-5.138	1.455	0.988	0.02	21.24	14981	2015-10-26 16:50:00
2015-10-26 17:25:00	14988	5.18	47.781	9.184	-5.425	0.863	0.777	0.01	16.66	14993	2015-10-26 17:50:00
2015-10-26 17:55:00	14994	5.0	53.556	8.711	-5.487	0.75	0.557	0.02	18.76	14999	2015-10-26 18:20:00
2015-10-27 14:20:00	15112	5.37	117.119	11.159	-3.318	2.245	-1.145	0.10	6.53	15117	2015-10-27 14:45:00
2015-10-27 16:25:00	15137	5.9	119.659	9.918	-3.475	1.58	-0.888	0.10	15.99	15142	2015-10-27 16:50:00
2015-10-27 17:25:00	15149	5.77	133.032	9.087	-3.547	1.468	-1.368	0.03	7.57	15154	2015-10-27 17:50:00
2015-10-28 02:10:00	15254	5.0	107.12	7.724	-2.7	2.682	-0.883	0.02	27.08	15259	2015-10-28 02:35:00
2015-10-28 10:10:00	15350	5.02	79.816	12.008	-3.467	1.89	0.337	0.06	5.62	15355	2015-10-28 10:35:00
2015-10-29 06:00:00	15588	5.32	56.413	10.947	-4.937	3.04	2.032	0.09	21.50	15593	2015-10-29 06:25:00
2015-10-29 06:30:00	15594	5.3	74.581	11.186	-5.003	3.47	0.95	0.05	19.16	15599	2015-10-29 06:55:00
2015-10-29 07:05:00	15601	5.28	129.733	11.425	-3.783	3.59	-2.997	0.03	10.28	15606	2015-10-29 07:30:00
2015-10-29 10:35:00	15643	5.1	132.999	12.007	-2.857	4.12	-3.847	0.04	8.14	15648	2015-10-29 11:00:00
2015-10-29 11:45:00	15657	5.7	128.332	11.889	-1.827	3.068	-2.478	0.09	28.18	15662	2015-10-29 12:10:00
2015-10-29 12:15:00	15663	5.37	123.416	11.791	-2.61	3.967	-2.617	0.06	4.45	15668	2015-10-29 12:40:00
2015-10-29 12:50:00	15670	5.68	97.125	11.64	-0.598	3.817	-0.492	0.08	19.98	15675	2015-10-29 13:15:00
2015-10-29 13:45:00	15681	5.65	111.632	11.319	-1.795	2.962	-1.175	0.06	4.03	15686	2015-10-29 14:10:00
2015-10-29 14:30:00	15690	5.55	91.984	10.979	-0.872	3.512	-0.098	0.07	22.76	15695	2015-10-29 14:55:00
2015-10-29 15:50:00	15706	5.25	103.972	10.185	-3.233	3.668	-0.912	0.06	4.86	15711	2015-10-29 16:15:00
2015-11-01 03:50:00	16409	5.07	115.91	9.763	-4.418	5.702	-2.722	0.08	20.72	16414	2015-11-01 04:15:00
2015-11-01 18:10:00	16581	5.45	126.774	7.741	-3.813	3.578	-2.73	0.10	21.55	16586	2015-11-01 18:35:00
2015-11-03 15:40:00	17082	5.48	76.028	9.913	-7.165	6.975	1.737	0.07	13.31	17087	2015-11-03 16:05:00
2015-11-03 16:10:00	17088	5.45	105.789	9.518	-7.168	6.02	-1.732	0.08	27.58	17093	2015-11-03 16:35:00
2015-11-04 06:00:00	17254	6.18	134.712	11.25	-4.972	4.083	-4.072	0.06	15.74	17259	2015-11-04 06:25:00
2015-11-04 08:20:00	17282	6.23	107.088	11.915	-2.593	7.465	-2.247	0.09	23.38	17287	2015-11-04 08:45:00
2015-11-04 08:50:00	17288	6.13	129.246	11.974	-4.432	5.148	-4.133	0.04	20.82	17293	2015-11-04 09:15:00
2015-11-04 09:20:00	17294	5.97	122.707	12.005	-2.577	6.37	-4.072	0.04	19.68	17299	2015-11-04 09:45:00
2015-11-04 09:50:00	17300	5.78	115.727	12.008	-3.265	6.733	-3.277	0.08	17.01	17305	2015-11-04 10:15:00
2015-11-04 10:25:00	17307	5.97	109.873	11.975	-3.138	7.145	-2.598	0.07	18.61	17312	2015-11-04 10:50:00
2015-11-04 10:55:00	17313	5.95	119.125	11.916	-4.497	6.092	-3.258	0.02	19.69	17318	2015-11-04 11:20:00
2015-11-04 11:25:00	17319	5.58	118.12	11.828	-5.395	5.788	-3.095	0.02	10.63	17324	2015-11-04 11:50:00
2015-11-04 11:55:00	17325	5.72	126.18	11.712	-5.05	5.508	-3.987	0.05	12.91	17330	2015-11-04 12:20:00
2015-11-04 13:10:00	17340	5.93	134.659	11.289	-6.752	3.493	-3.243	0.02	29.90	17345	2015-11-04 13:35:00
2015-11-04 13:40:00	17346	5.92	127.518	11.065	-7.232	3.048	-2.288	0.03	26.13	17351	2015-11-04 14:05:00
2015-11-06 01:45:00	17757	5.27	127.36	8.358	-4.305	2.947	-2.132	0.04	24.27	17762	2015-11-06 02:10:00
2015-11-06 07:40:00	17828	5.1	114.177	11.838	-4.84	3.665	-1.64	0.02	21.07	17833	2015-11-06 08:05:00
2015-11-06 08:10:00	17834	5.08	109.951	11.923	-5.758	2.192	-0.882	0.00	28.72	17839	2015-11-06 08:35:00
2015-11-06 09:05:00	17845	5.25	94.024	12.004	-5.332	3.227	-0.377	0.02	29.18	17850	2015-11-06 09:30:00
2015-11-06 14:45:00	17913	5.68	53.86	10.324	-3.272	4.14	2.965	0.03	22.50	17918	2015-11-06 15:10:00
2015-11-06 15:40:00	17924	5.53	93.312	9.655	-5.257	3.768	-0.142	0.02	24.49	17929	2015-11-06 16:05:00
2015-11-06 16:30:00	17934	5.85	87.239	8.925	-3.093	5.227	0.15	0.05	27.61	17939	2015-11-06 16:55:00
2015-11-06 17:00:00	17940	5.6	80.156	8.426	-5.555	4.222	0.732	0.03	4.26	17945	2015-11-06 17:25:00
2015-11-06 17:45:00	17949	5.4	50.088	7.577	-5.753	3.132	2.597	0.07	29.97	17954	2015-11-06 18:10:00
2015-11-07 02:10:00	18046	5.05	112.653	8.891	6.32	11.02	-4.628	0.05	24.66	18051	2015-11-07 02:35:00
2015-11-09 03:20:00	18633	5.9	121.507	10.052	2.363	3.933	-2.42	0.05	10.91	18638	2015-11-09 03:45:00
2015-11-10 02:35:00	18900	5.0	124.472	9.559	-8.023	2.757	-1.883	0.04	21.89	18905	2015-11-10 03:00:00
2015-11-10 06:50:00	18951	5.23	127.367	11.756	-2.413	4.81	-3.672	0.05	18.66	18956	2015-11-10 07:15:00
2015-11-13 00:35:00	19662	6.97	45.425	7.919	-1.048	2.057	2.087	0.05	20.78	19667	2015-11-13 01:00:00
2015-11-13 01:30:00	19673	6.53	127.72	8.884	-3.235	1.192	-0.91	0.06	27.97	19678	2015-11-13 01:55:00
2015-11-13 04:20:00	19707	6.48	134.085	10.938	-3.02	1.105	-1.045	0.06	26.70	19712	2015-11-13 04:45:00
2015-11-13 16:30:00	19827	5.17	72.666	8.155	-0.627	7.755	2.432	0.09	21.75	19832	2015-11-13 16:55:00
2015-11-14 01:05:00	19928	5.6	74.287	8.577	2.195	5.922	1.662	0.05	12.99	19933	2015-11-14 01:30:00
2015-11-14 03:10:00	19953	5.65	118.411	10.314	0.39	4.803	-2.598	0.03	23.16	19958	2015-11-14 03:35:00
2015-11-14 03:40:00	19959	5.72	100.501	10.628	0.667	5.157	-0.955	0.06	26.87	19964	2015-11-14 04:05:00
2015-11-14 04:40:00	19971	5.47	117.879	11.152	1.638	5.288	-2.828	0.04	22.57	19976	2015-11-14 05:05:00
2015-11-14 06:40:00	19995	5.55	94.874	11.82	1.435	5.13	-0.392	0.04	20.92	20000	2015-11-14 07:05:00
2015-11-14 10:10:00	20037	6.43	95.816	11.869	-1.73	3.563	-0.36	0.07	22.52	20042	2015-11-14 10:35:00
2015-11-14 10:45:00	20044	6.5	122.855	11.741	-1.717	3.08	-1.965	0.09	29.42	20049	2015-11-14 11:10:00
2015-11-14 15:35:00	20102	6.63	59.907	8.982	2.712	2.867	1.662	0.09	15.11	20107	2015-11-14 16:00:00
2015-11-14 16:10:00	20109	6.78	66.782	8.4	3.45	1.78	0.735	0.05	23.13	20114	2015-11-14 16:35:00
2015-11-14 23:50:00	20201	6.3	73.502	7.264	-0.962	5.958	1.765	0.10	27.73	20206	2015-11-15 00:15:00
2015-11-15 00:35:00	20210	6.2	92.293	8.158	-0.2	6.217	-0.243	0.06	22.78	20215	2015-11-15 01:00:00
2015-11-15 01:05:00	20216	6.0	66.05	8.684	-0.373	5.298	2.322	0.07	26.33	20221	2015-11-15 01:30:00
2015-11-15 01:35:00	20222	6.27	58.006	9.16	0.007	4.948	3.083	0.05	11.11	20227	2015-11-15 02:00:00
2015-11-15 02:20:00	20231	6.58	60.045	9.79	-0.283	5.3	3.035	0.08	17.68	20236	2015-11-15 02:45:00
2015-11-15 03:15:00	20242	6.23	89.174	10.436	0.43	5.497	0.057	0.08	24.12	20247	2015-11-15 03:40:00
2015-11-15 03:45:00	20248	6.33	88.892	10.737	0.093	5.41	0.095	0.08	24.70	20253	2015-11-15 04:10:00
2015-11-15 04:15:00	20254	6.18	103.387	11.003	0.022	5.437	-1.298	0.03	14.25	20259	2015-11-15 04:40:00
2015-11-15 05:15:00	20266	6.13	73.018	11.437	-4.003	2.04	0.597	0.07	12.62	20271	2015-11-15 05:40:00
2015-11-15 05:55:00	20274	5.98	75.238	11.657	-4.133	2.265	0.525	0.03	25.20	20279	2015-11-15 06:20:00
2015-11-15 06:40:00	20283	5.87	118.386	11.841	-3.123	3.203	-1.742	0.08	28.21	20288	2015-11-15 07:05:00
2015-11-15 08:15:00	20302	6.32	74.386	12.016	1.908	3.722	1.002	0.10	27.44	20307	2015-11-15 08:40:00
2015-11-15 08:55:00	20310	6.37	99.891	12.005	1.797	4.45	-0.783	0.07	17.25	20315	2015-11-15 09:20:00
2015-11-15 09:25:00	20316	6.18	80.962	11.963	1.347	5.005	0.78	0.04	27.14	20321	2015-11-15 09:50:00
2015-11-15 09:55:00	20322	6.18	96.211	11.893	-1.137	5.035	-0.552	0.08	21.14	20327	2015-11-15 10:20:00
2015-11-15 10:25:00	20328	6.02	106.013	11.794	-2.355	4.387	-1.293	0.08	15.48	20333	2015-11-15 10:50:00
2015-11-15 11:00:00	20335	6.02	96.143	11.642	0.923	5.61	-0.6	0.09	6.49	20340	2015-11-15 11:25:00
2015-11-15 11:30:00	20341	5.93	86.101	11.479	0.748	5.885	0.397	0.06	13.12	20346	2015-11-15 11:55:00
2015-11-15 12:00:00	20347	5.75	82.51	11.285	-0.785	5.958	0.777	0.02	8.17	20352	2015-11-15 12:25:00
2015-11-15 12:30:00	20353	5.73	71.947	11.06	1.085	5.723	1.872	0.08	15.38	20358	2015-11-15 12:55:00
2015-11-15 13:00:00	20359	5.95	59.913	10.801	3.343	4.747	2.673	0.04	23.72	20364	2015-11-15 13:25:00
2015-11-15 16:50:00	20405	5.12	49.986	7.515	3.842	6.25	5.238	0.02	15.45	20410	2015-11-15 17:15:00
2015-11-16 06:10:00	20565	5.03	73.355	11.752	1.693	7.185	2.167	0.10	11.82	20570	2015-11-16 06:35:00
2015-11-16 06:40:00	20571	5.5	87.685	11.861	-0.325	7.047	0.293	0.04	16.16	20576	2015-11-16 07:05:00
2015-11-16 07:25:00	20580	5.62	132.204	11.97	0.1	5.158	-4.68	0.10	11.11	20585	2015-11-16 07:50:00
2015-11-16 08:40:00	20595	5.75	113.765	12.01	-1.287	5.735	-2.517	0.05	23.39	20600	2015-11-16 09:05:00
2015-11-16 09:10:00	20601	5.63	132.225	11.977	-2.795	4.745	-4.313	0.07	5.34	20606	2015-11-16 09:35:00
2015-11-16 09:40:00	20607	5.42	120.654	11.915	-2.473	6.072	-3.607	0.04	20.43	20612	2015-11-16 10:05:00
2015-11-16 10:20:00	20615	5.07	100.847	11.787	-2.432	7.193	-1.335	0.08	17.87	20620	2015-11-16 10:45:00
2015-11-16 10:50:00	20621	5.22	117.597	11.658	-3.8	5.613	-2.893	0.04	19.58	20626	2015-11-16 11:15:00
2015-11-16 11:20:00	20627	5.98	83.573	11.498	-0.048	6.622	0.755	0.02	13.21	20632	2015-11-16 11:45:00
2015-11-16 15:45:00	20680	6.05	106.595	8.606	-0.878	5.467	-1.628	0.06	28.67	20685	2015-11-16 16:10:00
2015-11-16 16:40:00	20691	5.58	132.41	7.585	-2.238	4.565	-4.165	0.04	4.65	20696	2015-11-16 17:05:00
2015-11-16 23:50:00	20777	5.52	54.635	7.534	-3.175	4.382	3.135	0.03	14.67	20782	2015-11-17 00:15:00
2015-11-17 01:50:00	20801	6.45	134.211	9.561	-2.84	2.767	-2.752	0.09	23.31	20806	2015-11-17 02:15:00
2015-11-17 02:20:00	20807	6.4	116.4	9.952	-3.595	3.682	-1.825	0.10	2.84	20812	2015-11-17 02:45:00
2015-11-17 02:50:00	20813	6.33	105.861	10.304	-3.917	3.727	-1.053	0.05	18.74	20818	2015-11-17 03:15:00
2015-11-17 03:25:00	20820	6.28	114.044	10.668	-2.59	4.05	-1.855	0.09	26.27	20825	2015-11-17 03:50:00
2015-11-17 04:35:00	20834	5.4	80.797	11.255	-2.825	5.877	0.965	0.04	13.63	20839	2015-11-17 05:00:00
2015-11-17 05:05:00	20840	5.15	79.748	11.453	-3.027	6.075	1.098	0.02	14.71	20845	2015-11-17 05:30:00
2015-11-17 05:35:00	20846	5.25	77.876	11.62	-2.408	6.082	1.308	0.06	4.61	20851	2015-11-17 06:00:00
2015-11-17 06:05:00	20852	5.57	80.232	11.757	-1.83	6.048	1.043	0.02	8.48	20857	2015-11-17 06:30:00
2015-11-17 06:35:00	20858	5.65	77.773	11.864	-1.038	5.912	1.283	0.06	11.99	20863	2015-11-17 07:00:00
2015-11-17 07:05:00	20864	5.65	68.578	11.943	0.05	5.635	2.207	0.04	9.38	20869	2015-11-17 07:30:00
2015-11-17 08:05:00	20876	5.48	131.977	12.015	-5.425	2.807	-2.513	0.05	23.71	20881	2015-11-17 08:30:00
2015-11-17 09:00:00	20887	6.17	106.27	11.981	-4.497	3.822	-1.108	0.09	21.95	20892	2015-11-17 09:25:00
2015-11-17 09:30:00	20893	6.38	100.07	11.922	-4.503	3.94	-0.693	0.04	13.95	20898	2015-11-17 09:55:00
2015-11-17 10:30:00	20905	6.55	104.933	11.718	-4.577	3.718	-0.993	0.07	4.38	20910	2015-11-17 10:55:00
2015-11-17 11:00:00	20911	6.57	106.286	11.572	-4.508	3.637	-1.055	0.05	8.77	20916	2015-11-17 11:25:00
2015-11-17 12:15:00	20926	6.07	115.63	11.072	-5.095	3.81	-1.828	0.06	6.59	20931	2015-11-17 12:40:00
2015-11-17 12:45:00	20932	5.83	124.502	10.816	-5.352	3.528	-2.425	0.02	4.69	20937	2015-11-17 13:10:00
2015-11-17 13:15:00	20938	5.92	132.089	10.526	-5.465	2.865	-2.585	0.03	5.25	20943	2015-11-17 13:40:00
2015-11-17 15:55:00	20970	5.77	109.711	8.316	-4.408	3.768	-1.352	0.05	3.87	20975	2015-11-17 16:20:00
2015-11-17 16:25:00	20976	5.73	124.887	7.752	-4.517	3.243	-2.268	0.01	15.70	20981	2015-11-17 16:50:00
2015-11-17 16:55:00	20982	5.83	132.491	7.128	-4.417	2.86	-2.595	0.06	21.07	20987	2015-11-17 17:20:00
2015-11-19 04:30:00	21384	6.25	58.562	11.312	-1.835	5.262	3.2	0.09	11.05	21389	2015-11-19 04:55:00
2015-11-23 06:35:00	22490	5.42	69.626	11.966	3.073	2.047	0.807	0.06	14.59	22495	2015-11-23 07:00:00
2015-11-23 07:05:00	22496	5.38	64.231	12.006	2.87	2.578	1.272	0.06	10.24	22501	2015-11-23 07:30:00
2015-11-23 07:35:00	22502	5.33	61.637	12.019	2.95	2.95	1.587	0.02	6.11	22507	2015-11-23 08:00:00
2015-11-23 08:05:00	22508	5.4	57.777	12.003	2.917	2.743	1.737	0.05	15.31	22513	2015-11-23 08:30:00
2015-11-23 08:35:00	22514	5.42	53.406	11.958	2.893	2.612	1.942	0.05	5.58	22519	2015-11-23 09:00:00
2015-11-23 09:05:00	22520	5.43	50.964	11.886	3.137	2.218	1.787	0.05	12.06	22525	2015-11-23 09:30:00
2015-11-26 10:05:00	23324	5.12	64.246	11.555	-1.89	3.222	1.553	0.08	14.76	23329	2015-11-26 10:30:00
2015-11-26 11:45:00	23344	5.42	89.924	10.829	-0.733	2.837	0.01	0.04	9.80	23349	2015-11-26 12:10:00
2015-11-29 22:55:00	24323	6.77	112.432	8.128	-7.735	4.222	-1.798	0.08	24.18	24328	2015-11-29 23:20:00
2015-11-30 22:45:00	24565	6.48	83.057	8.064	3.28	4.895	0.553	0.03	17.43	24570	2015-11-30 23:10:00
2015-12-01 03:40:00	24624	6.65	77.428	11.496	2.217	3.29	0.707	0.09	23.21	24629	2015-12-01 04:05:00
2015-12-01 10:25:00	24705	5.53	126.775	11.212	-2.523	4.917	-3.668	0.09	5.27	24710	2015-12-01 10:50:00
2015-12-01 10:55:00	24711	5.37	125.016	10.976	-2.163	5.443	-3.815	0.05	3.91	24716	2015-12-01 11:20:00
2015-12-01 11:55:00	24723	5.53	129.919	10.402	-1.18	4.685	-3.908	0.06	4.30	24728	2015-12-01 12:20:00
2015-12-01 14:50:00	24758	5.68	115.166	7.812	0.857	5.41	-2.543	0.07	8.44	24763	2015-12-01 15:15:00
2015-12-02 03:05:00	24905	5.37	114.073	11.317	-4.677	3.492	-1.585	0.05	18.55	24910	2015-12-02 03:30:00
2015-12-02 04:50:00	24926	5.28	92.392	11.845	-4.007	3.097	-0.05	0.09	13.90	24931	2015-12-02 05:15:00
2015-12-02 06:10:00	24942	5.28	116.046	12.008	-4.147	3.112	-1.505	0.02	17.76	24947	2015-12-02 06:35:00
2015-12-02 06:40:00	24948	5.2	116.383	12.016	-3.747	3.407	-1.693	0.03	15.83	24953	2015-12-02 07:05:00
2015-12-03 00:30:00	25130	5.08	98.206	9.895	-4.283	2.812	-0.337	0.02	28.98	25135	2015-12-03 00:55:00
2015-12-03 03:10:00	25161	5.25	117.54	11.394	-3.087	3.363	-1.795	0.06	22.37	25166	2015-12-03 03:35:00
2015-12-03 03:40:00	25167	5.08	111.996	11.57	-3.96	2.22	-0.878	0.02	26.63	25172	2015-12-03 04:05:00
2015-12-03 04:10:00	25173	5.42	130.025	11.717	-3.235	2.955	-2.388	0.02	23.12	25178	2015-12-03 04:35:00
2015-12-03 05:20:00	25187	5.07	132.469	11.945	-3.93	2.652	-2.458	0.02	11.11	25192	2015-12-03 05:45:00
2015-12-04 01:20:00	25373	5.08	113.293	10.54	-3.587	3.44	-1.498	0.03	21.85	25378	2015-12-04 01:45:00
2015-12-04 02:40:00	25389	5.0	118.767	11.235	-3.783	3.735	-2.053	0.04	9.75	25394	2015-12-04 03:05:00
2015-12-05 21:20:00	25863	5.22	95.459	7.014	-3.808	6.307	-0.615	0.02	6.27	25868	2015-12-05 21:45:00
2015-12-05 21:50:00	25869	5.3	87.728	7.649	-3.73	5.792	0.177	0.07	24.17	25874	2015-12-05 22:15:00
2015-12-06 00:00:00	25895	5.1	89.112	9.771	-6.183	5.277	0.107	0.08	19.46	25900	2015-12-06 00:25:00
2015-12-06 01:50:00	25917	5.4	78.04	10.948	-4.868	6.298	1.348	0.06	26.29	25922	2015-12-06 02:15:00
2015-12-06 02:20:00	25923	5.75	90.545	11.188	-4.16	6.385	-0.068	0.03	25.14	25928	2015-12-06 02:45:00
2015-12-07 04:05:00	26184	5.15	83.552	11.807	-7.518	4.793	0.538	0.05	13.79	26189	2015-12-07 04:30:00
2015-12-07 06:45:00	26216	5.22	78.416	11.988	-6.532	5.473	1.065	0.02	18.26	26221	2015-12-07 07:10:00
2015-12-07 13:35:00	26298	5.82	130.491	8.456	-2.613	4.363	-3.767	0.03	24.35	26303	2015-12-07 14:00:00
2015-12-07 14:25:00	26308	5.63	67.3	7.508	-4.182	5.195	2.153	0.07	18.28	26313	2015-12-07 14:50:00
2015-12-07 22:20:00	26403	6.48	115.061	8.462	-4.738	2.115	-0.998	0.01	21.27	26408	2015-12-07 22:45:00
2015-12-07 22:50:00	26409	6.45	118.226	8.959	-4.613	2.098	-1.112	0.03	27.48	26414	2015-12-07 23:15:00
2015-12-07 23:20:00	26415	6.68	134.259	9.409	-1.475	3.022	-3.032	0.03	24.04	26420	2015-12-07 23:45:00
2015-12-08 02:55:00	26458	5.87	70.101	11.51	-4.223	2.725	1.002	0.09	21.93	26463	2015-12-08 03:20:00
2015-12-08 11:50:00	26565	6.1	102.673	9.919	-4.67	1.962	-0.37	0.03	28.75	26570	2015-12-08 12:15:00
2015-12-08 13:10:00	26581	6.25	72.493	8.768	-4.052	2.542	0.807	0.05	13.93	26586	2015-12-08 13:35:00
2015-12-08 21:00:00	26667	6.22	112.689	7.014	-3.528	2.577	-1.087	0.03	28.57	26672	2015-12-08 21:25:00
2015-12-08 21:45:00	26676	6.38	113.944	7.944	-2.19	3.523	-1.625	0.03	23.43	26681	2015-12-08 22:10:00
2015-12-08 22:55:00	26690	6.27	89.472	9.139	-3.6	2.573	0.057	0.01	22.05	26695	2015-12-08 23:20:00
2015-12-08 23:35:00	26698	6.27	111.13	9.706	-3.373	2.603	-1.07	0.02	23.37	26703	2015-12-09 00:00:00
2015-12-09 00:15:00	26706	6.58	109.654	10.201	-0.828	4.112	-1.473	0.02	23.08	26711	2015-12-09 00:40:00
2015-12-09 01:50:00	26725	6.35	100.533	11.114	-3.235	3.543	-0.627	0.07	23.87	26730	2015-12-09 02:15:00
2015-12-09 02:25:00	26732	6.32	85.16	11.366	-2.622	4.402	0.342	0.02	22.09	26737	2015-12-09 02:50:00
2015-12-09 03:00:00	26739	6.4	77.847	11.575	-2.308	3.953	0.823	0.10	20.30	26744	2015-12-09 03:25:00
2015-12-09 08:55:00	26810	6.52	45.531	11.461	-2.865	3.225	3.165	0.03	20.61	26815	2015-12-09 09:20:00
2015-12-09 09:50:00	26821	6.35	49.921	11.075	-3.337	3.112	2.665	0.04	24.42	26826	2015-12-09 10:15:00
2015-12-09 11:45:00	26844	6.58	113.027	9.901	-3.333	2.635	-1.077	0.03	28.27	26849	2015-12-09 12:10:00
2015-12-09 12:30:00	26853	6.47	78.787	9.289	-2.962	3.253	0.625	0.03	26.49	26858	2015-12-09 12:55:00
2015-12-09 22:55:00	26977	6.27	84.122	9.237	-2.755	6.247	0.625	0.05	17.00	26982	2015-12-09 23:20:00
2015-12-09 23:25:00	26983	6.0	107.909	9.661	-3.52	5.687	-1.84	0.04	12.32	26988	2015-12-09 23:50:00
2015-12-09 23:55:00	26989	5.95	126.739	10.043	-3.31	4.938	-3.692	0.08	27.85	26994	2015-12-10 00:20:00
2015-12-10 02:10:00	27016	5.83	133.522	11.309	-3.747	5.452	-5.21	0.08	25.64	27021	2015-12-10 02:35:00
2015-12-10 21:10:00	27244	6.4	84.353	7.507	-0.267	5.91	0.497	0.03	28.84	27249	2015-12-10 21:35:00
2015-12-10 22:45:00	27263	6.43	100.722	9.184	-1.532	5.722	-1.037	0.02	28.20	27268	2015-12-10 23:10:00
2015-12-12 10:35:00	27693	6.92	79.772	10.481	-3.317	1.912	0.293	0.09	18.22	27698	2015-12-12 11:00:00
2015-12-13 00:35:00	27861	6.82	110.738	10.685	-2.06	2.933	-1.107	0.02	25.94	27866	2015-12-13 01:00:00
2015-12-13 01:05:00	27867	6.88	111.963	10.957	-1.958	2.808	-1.172	0.09	29.48	27872	2015-12-13 01:30:00
2015-12-13 12:45:00	28006	6.8	116.181	8.641	-3.442	1.088	-0.537	0.10	14.24	28011	2015-12-13 13:10:00
2015-12-13 13:15:00	28012	6.82	110.032	8.111	-3.247	1.515	-0.588	0.03	26.92	28017	2015-12-13 13:40:00
2015-12-13 22:50:00	28114	6.53	82.785	9.536	-2.985	1.717	0.178	0.06	27.18	28119	2015-12-13 23:15:00
2015-12-13 23:35:00	28123	6.95	101.553	10.112	-1.405	2.838	-0.598	0.08	26.00	28128	2015-12-14 00:00:00
2015-12-14 01:10:00	28142	6.33	109.869	11.052	-2.845	2.012	-0.737	0.05	15.59	28147	2015-12-14 01:35:00
2015-12-14 02:00:00	28152	6.25	112.549	11.412	-2.79	1.998	-0.86	0.02	28.09	28157	2015-12-14 02:25:00
2015-12-14 02:30:00	28158	6.05	116.099	11.586	-2.948	1.898	-0.93	0.03	8.10	28163	2015-12-14 02:55:00
2015-12-14 03:00:00	28164	6.25	119.354	11.73	-2.428	2.385	-1.348	0.03	6.77	28169	2015-12-14 03:25:00
2015-12-14 03:30:00	28170	6.17	82.948	11.844	-3.068	1.677	0.188	0.04	23.61	28175	2015-12-14 03:55:00
2015-12-14 04:50:00	28186	6.03	87.985	12.008	-2.982	1.977	0.053	0.06	21.00	28191	2015-12-14 05:15:00
2015-12-14 05:20:00	28192	5.83	86.834	12.017	-3.005	2.322	0.145	0.05	23.09	28197	2015-12-14 05:45:00
2015-12-14 09:25:00	28241	7.0	110.909	11.008	-2.39	1.062	-0.403	0.05	28.01	28246	2015-12-14 09:50:00
2015-12-28 22:30:00	32269	6.5	113.505	10.504	-3.242	3.432	-1.372	0.10	29.90	32274	2015-12-28 22:55:00
2015-12-29 06:55:00	32324	5.8	80.831	11.358	-4.127	3.548	0.575	0.05	6.82	32329	2015-12-29 07:20:00
2015-12-29 07:25:00	32330	5.83	86.942	11.145	-4.21	3.542	0.188	0.02	4.12	32335	2015-12-29 07:50:00
2015-12-29 08:40:00	32345	6.02	82.299	10.471	-4.438	1.118	0.135	0.03	14.63	32350	2015-12-29 09:05:00
2015-12-29 20:00:00	32445	5.97	117.207	8.577	-2.985	3.05	-1.55	0.09	16.78	32450	2015-12-29 20:25:00
2015-12-29 22:50:00	32479	5.77	99.441	10.766	-3.09	3.305	-0.558	0.04	11.46	32484	2015-12-29 23:15:00
2015-12-29 23:20:00	32485	5.72	87.03	11.027	-3.683	2.878	0.11	0.10	29.86	32490	2015-12-29 23:45:00
2015-12-29 23:50:00	32491	5.55	83.486	11.255	-4.095	2.403	0.243	0.05	20.97	32496	2015-12-30 00:15:00
2015-12-30 01:30:00	32511	5.55	52.171	11.792	-4.03	2.222	1.738	0.04	25.00	32516	2015-12-30 01:55:00
2015-12-30 02:10:00	32519	5.63	78.173	11.914	-3.8	2.562	0.543	0.09	23.34	32524	2015-12-30 02:35:00
2015-12-30 05:15:00	32556	6.43	62.709	11.82	-1.18	3.435	1.773	0.08	13.36	32561	2015-12-30 05:40:00
2015-12-30 05:45:00	32562	6.28	72.476	11.702	-2.062	3.422	1.082	0.08	4.33	32567	2015-12-30 06:10:00
2015-12-30 06:15:00	32568	6.15	76.99	11.554	-2.907	3.112	0.722	0.07	6.97	32573	2015-12-30 06:40:00
2015-12-30 06:45:00	32574	6.23	74.441	11.376	-0.382	3.815	1.055	0.07	8.71	32579	2015-12-30 07:10:00
2015-12-30 07:15:00	32580	6.2	73.77	11.167	-1.383	4.037	1.195	0.08	27.73	32585	2015-12-30 07:40:00
2015-12-30 08:25:00	32594	6.32	51.068	10.552	-0.592	3.308	2.677	0.03	16.11	32599	2015-12-30 08:50:00
2015-12-30 08:55:00	32600	6.42	48.725	10.231	-0.398	3.09	2.737	0.03	17.21	32605	2015-12-30 09:20:00
2015-12-30 18:35:00	32716	6.0	86.775	7.063	-2.065	3.992	0.238	0.02	16.74	32721	2015-12-30 19:00:00
2015-12-30 19:10:00	32723	5.62	84.932	7.791	-3.365	3.343	0.342	0.05	21.65	32728	2015-12-30 19:35:00
2015-12-30 20:15:00	32736	5.53	97.248	8.936	-3.312	3.658	-0.447	0.02	11.98	32741	2015-12-30 20:40:00
2015-12-30 20:45:00	32742	5.25	90.063	9.387	-4.463	2.4	0.003	0.05	25.16	32747	2015-12-30 21:10:00
2015-12-30 21:15:00	32748	5.38	102.564	9.794	-3.863	3.233	-0.735	0.02	8.16	32753	2015-12-30 21:40:00
2015-12-30 21:45:00	32754	5.35	97.249	10.161	-2.078	5.005	-0.65	0.09	7.80	32759	2015-12-30 22:10:00
2015-12-30 22:15:00	32760	5.47	99.956	10.49	-1.472	5.17	-0.908	0.08	11.06	32765	2015-12-30 22:40:00
2015-12-30 23:15:00	32772	5.35	80.957	11.042	-2.33	5.015	0.803	0.09	9.41	32777	2015-12-30 23:40:00
2015-12-31 00:05:00	32782	5.43	95.42	11.401	-3.017	4.023	-0.353	0.08	18.36	32787	2015-12-31 00:30:00
2015-12-31 02:50:00	32815	5.42	107.647	11.992	-2.025	7.96	-2.662	0.08	23.18	32820	2015-12-31 03:15:00
2015-12-31 03:20:00	32821	5.37	112.352	12.005	-0.383	8.215	-3.482	0.10	18.94	32826	2015-12-31 03:45:00
2015-12-31 09:40:00	32897	5.12	89.101	9.583	-2.03	11.585	0.155	0.07	18.11	32902	2015-12-31 10:05:00
2016-01-03 02:50:00	33611	5.33	57.901	12.005	-6.795	2.852	1.733	0.09	21.13	33616	2016-01-03 03:15:00
2016-01-03 07:00:00	33661	5.37	114.604	11.069	-4.188	4.145	-1.99	0.04	20.01	33666	2016-01-03 07:25:00
2016-01-03 09:15:00	33685	5.37	110.77	9.64	-4.8	3.502	-1.303	0.02	11.02	33690	2016-01-03 09:40:00
2016-01-03 10:15:00	33697	5.43	99.609	8.748	-5.405	1.735	-0.3	0.06	10.76	33702	2016-01-03 10:40:00
2016-01-03 11:20:00	33710	5.65	103.945	7.557	-4.793	3.405	-0.873	0.08	29.03	33715	2016-01-03 11:45:00
2016-01-04 00:00:00	33841	5.07	63.114	11.537	-4.37	1.568	0.802	0.01	8.45	33846	2016-01-04 00:25:00
2016-01-04 00:30:00	33847	5.12	82.238	11.688	-4.237	2.068	0.267	0.03	23.71	33852	2016-01-04 00:55:00
2016-01-04 01:45:00	33862	5.9	122.616	11.936	-2.653	2.647	-1.7	0.03	9.30	33867	2016-01-04 02:10:00
2016-01-04 02:15:00	33868	5.87	94.102	11.985	-3.78	1.337	-0.095	0.02	26.21	33873	2016-01-04 02:40:00
2016-01-04 03:55:00	33880	5.63	69.939	11.944	-3.917	0.988	0.39	0.02	26.65	33885	2016-01-04 04:20:00
2016-01-04 05:00:00	33893	5.78	90.784	11.747	-3.332	2.96	-0.035	0.04	16.68	33898	2016-01-04 05:25:00
2016-01-04 06:35:00	33912	6.82	116.641	11.208	-1.512	3.62	-1.862	0.06	24.38	33917	2016-01-04 07:00:00
2016-01-04 08:05:00	33930	6.87	72.102	10.401	-2.623	3.23	0.997	0.05	20.06	33935	2016-01-04 08:30:00
2016-01-05 00:35:00	34057	6.48	75.294	11.74	-3.223	2.543	0.653	0.08	13.38	34062	2016-01-05 01:00:00
2016-01-05 03:50:00	34096	5.8	64.71	11.941	-3.88	5.453	2.58	0.03	5.46	34101	2016-01-05 04:15:00
2016-01-05 05:35:00	34117	6.12	70.07	11.548	-3.875	5.338	1.943	0.07	23.92	34122	2016-01-05 06:00:00
2016-01-05 06:05:00	34123	6.02	48.084	11.369	-3.445	4.445	4.012	0.07	17.31	34128	2016-01-05 06:30:00
2016-01-05 07:30:00	34140	6.05	50.284	10.688	-2.583	4.517	3.803	0.01	29.66	34145	2016-01-05 07:55:00
2016-01-05 09:40:00	34166	5.57	63.935	9.087	-6.528	5.592	2.813	0.08	25.29	34171	2016-01-05 10:05:00
2016-01-06 04:55:00	34365	6.52	113.609	11.712	-4.043	3.51	-1.468	0.09	25.11	34370	2016-01-06 05:20:00
2016-01-06 22:45:00	34564	6.13	74.977	11.185	-4.215	4.332	1.14	0.06	12.31	34569	2016-01-06 23:10:00
2016-01-07 06:25:00	34656	6.98	113.608	11.132	-2.18	4.0	-1.648	0.05	26.84	34661	2016-01-07 06:50:00
2016-01-08 04:05:00	34895	6.95	74.308	11.849	0.33	4.462	1.273	0.07	20.99	34900	2016-01-08 04:30:00
2016-01-08 04:35:00	34901	6.8	71.483	11.739	-0.383	4.528	1.503	0.08	15.31	34906	2016-01-08 05:00:00
2016-01-08 20:10:00	35063	6.47	59.51	9.75	-2.347	2.847	1.705	0.03	22.16	35068	2016-01-08 20:35:00
2016-01-08 21:40:00	35073	6.52	82.844	10.752	-2.235	3.777	0.48	0.05	21.77	35078	2016-01-08 22:05:00
2016-01-09 03:30:00	35108	6.5	65.878	11.924	0.327	4.785	2.133	0.04	29.87	35113	2016-01-09 03:55:00
2016-01-09 05:20:00	35128	6.35	90.815	11.478	-0.952	5.277	-0.078	0.04	17.79	35133	2016-01-09 05:45:00
2016-01-09 06:50:00	35146	6.6	95.41	10.807	-0.355	4.928	-0.493	0.05	23.91	35151	2016-01-09 07:15:00
2016-01-09 07:30:00	35154	6.73	97.029	10.412	1.007	4.925	-0.622	0.03	21.53	35159	2016-01-09 07:55:00
2016-01-09 08:20:00	35164	6.35	72.87	9.828	0.722	5.033	1.553	0.02	24.70	35169	2016-01-09 08:45:00
2016-01-09 08:50:00	35170	6.47	77.539	9.424	1.028	5.015	1.117	0.04	19.53	35175	2016-01-09 09:15:00
2016-01-09 09:30:00	35178	6.68	89.273	8.818	-0.813	4.715	0.048	0.06	24.78	35183	2016-01-09 09:55:00
2016-01-09 10:10:00	35186	6.55	76.585	8.126	0.548	5.268	1.263	0.09	12.17	35191	2016-01-09 10:35:00
2016-01-09 10:40:00	35192	6.55	89.218	7.544	-0.615	5.373	0.115	0.04	26.78	35197	2016-01-09 11:05:00
2016-01-09 19:05:00	35254	5.97	56.228	8.909	-2.125	4.21	2.863	0.08	10.77	35259	2016-01-09 19:30:00
2016-01-09 19:35:00	35260	6.03	47.064	9.362	-0.817	4.338	4.065	0.03	19.13	35265	2016-01-09 20:00:00
2016-01-09 20:30:00	35271	6.22	66.094	10.082	-1.725	4.707	2.11	0.08	20.32	35276	2016-01-09 20:55:00
2016-01-09 21:00:00	35277	6.27	55.22	10.419	-0.468	4.997	3.487	0.03	20.72	35282	2016-01-09 21:25:00
2016-01-09 21:45:00	35286	6.25	67.224	10.857	-0.208	5.71	2.35	0.04	28.43	35291	2016-01-09 22:10:00
2016-01-10 02:00:00	35337	6.68	54.979	12.001	0.605	4.135	2.898	0.07	15.05	35342	2016-01-10 02:25:00
2016-01-10 03:35:00	35356	6.03	69.166	11.892	1.145	6.017	2.327	0.04	24.28	35361	2016-01-10 04:00:00
2016-01-10 19:15:00	35475	6.78	130.423	9.168	0.53	2.937	-2.528	0.09	22.91	35480	2016-01-10 19:40:00
2016-01-10 21:00:00	35496	6.88	129.093	10.489	-2.605	2.102	-1.738	0.03	26.67	35501	2016-01-10 21:25:00
2016-01-11 03:25:00	35573	6.35	120.32	11.898	-3.853	3.347	-1.927	0.07	24.73	35578	2016-01-11 03:50:00
2016-01-11 03:55:00	35579	6.05	127.173	11.807	-4.952	2.985	-2.252	0.02	10.28	35584	2016-01-11 04:20:00
2016-01-13 20:10:00	36304	5.3	115.378	10.173	5.185	1.898	-0.802	0.09	21.32	36309	2016-01-13 20:35:00
2016-01-17 06:20:00	37118	5.0	116.771	10.552	0.855	5.248	-2.623	0.04	19.91	37123	2016-01-17 06:45:00
2016-01-17 17:00:00	37245	5.43	128.203	7.68	-1.678	3.318	-2.602	0.09	7.82	37250	2016-01-17 17:25:00
2016-01-17 17:35:00	37252	5.2	130.174	8.339	-1.887	3.422	-2.892	0.06	13.96	37257	2016-01-17 18:00:00
2016-01-18 00:35:00	37336	5.33	109.637	11.976	-3.02	2.03	-0.722	0.04	20.32	37341	2016-01-18 01:00:00
2016-01-18 01:05:00	37342	5.28	102.158	12.0	-3.508	1.675	-0.358	0.02	12.66	37347	2016-01-18 01:30:00
2016-01-18 01:35:00	37348	5.33	88.281	11.995	-3.083	2.028	0.078	0.03	29.33	37353	2016-01-18 02:00:00
2016-01-27 19:20:00	39534	5.0	62.898	10.674	-3.082	4.867	2.507	0.03	13.51	39539	2016-01-27 19:45:00
2016-01-28 06:35:00	39669	5.23	131.287	9.433	2.457	5.203	-4.543	0.03	26.20	39674	2016-01-28 07:00:00
2016-01-29 17:50:00	40068	5.23	128.515	9.834	0.958	3.217	-2.562	0.05	2.77	40073	2016-01-29 18:15:00
2016-01-29 19:00:00	40082	5.42	119.134	10.619	0.343	3.548	-1.978	0.02	7.96	40087	2016-01-29 19:25:00
2016-01-29 19:30:00	40088	5.23	110.245	10.896	-0.19	3.957	-1.463	0.10	8.92	40093	2016-01-29 19:55:00
2016-01-29 20:30:00	40100	5.37	107.801	11.35	-0.913	3.763	-1.21	0.08	3.08	40105	2016-01-29 20:55:00
2016-01-29 21:25:00	40111	5.57	88.344	11.656	-1.397	3.013	0.103	0.03	27.93	40116	2016-01-29 21:50:00
2016-01-29 22:10:00	40120	5.75	117.07	11.832	-1.672	2.093	-1.062	0.09	28.62	40125	2016-01-29 22:35:00
2016-01-30 00:45:00	40151	5.83	121.36	11.944	-2.38	1.073	-0.655	0.07	29.28	40156	2016-01-30 01:10:00
2016-01-30 01:15:00	40157	5.82	130.399	11.878	-2.285	0.965	-0.822	0.08	15.59	40162	2016-01-30 01:40:00
2016-01-30 01:55:00	40165	5.8	93.172	11.746	-1.912	1.44	-0.085	0.10	18.70	40170	2016-01-30 02:20:00
2016-01-30 02:50:00	40176	5.65	73.361	11.478	-2.007	1.983	0.605	0.07	10.93	40181	2016-01-30 03:15:00
2016-01-30 03:20:00	40182	5.52	68.079	11.288	-2.695	1.658	0.685	0.03	15.41	40187	2016-01-30 03:45:00
2016-01-30 04:05:00	40191	5.65	73.58	10.945	-2.177	1.4	0.408	0.08	28.50	40196	2016-01-30 04:30:00
2016-01-30 06:00:00	40214	5.83	111.862	9.714	-0.805	2.418	-0.963	0.08	15.77	40219	2016-01-30 06:25:00
2016-01-30 06:45:00	40223	6.0	120.084	9.076	-0.112	2.165	-1.25	0.10	11.47	40228	2016-01-30 07:10:00
2016-01-30 07:15:00	40229	6.05	128.616	8.594	0.002	1.833	-1.467	0.07	4.88	40234	2016-01-30 07:40:00
2016-01-30 18:50:00	40315	5.25	89.081	10.592	-0.04	4.522	0.07	0.09	13.14	40320	2016-01-30 19:15:00
2016-01-30 19:20:00	40321	5.32	87.553	10.872	-1.087	4.835	0.205	0.09	17.57	40326	2016-01-30 19:45:00
2016-01-30 19:50:00	40327	5.5	88.294	11.118	-0.768	4.817	0.143	0.08	4.15	40332	2016-01-30 20:15:00
2016-01-30 20:20:00	40333	5.55	92.178	11.332	-0.543	4.803	-0.178	0.05	9.66	40338	2016-01-30 20:45:00
2016-01-30 20:50:00	40339	5.53	100.039	11.515	-0.027	4.728	-0.84	0.06	5.90	40344	2016-01-30 21:15:00
2016-01-30 21:20:00	40345	5.55	104.951	11.667	0.507	4.665	-1.245	0.08	4.55	40350	2016-01-30 21:45:00
2016-01-30 21:50:00	40351	5.6	109.667	11.789	1.215	4.263	-1.512	0.06	12.35	40356	2016-01-30 22:15:00
2016-01-30 22:20:00	40357	5.67	118.391	11.883	1.625	3.547	-1.917	0.05	12.77	40362	2016-01-30 22:45:00
2016-01-30 23:30:00	40371	5.18	110.589	11.989	-1.195	5.425	-2.043	0.09	8.37	40376	2016-01-30 23:55:00
2016-01-31 00:15:00	40380	5.03	116.742	11.976	-0.923	5.762	-2.905	0.07	3.79	40385	2016-01-31 00:40:00
2016-01-31 02:25:00	40403	5.15	118.857	11.576	0.107	6.18	-3.4	0.06	7.95	40408	2016-01-31 02:50:00
2016-01-31 02:55:00	40409	5.17	116.387	11.405	0.407	6.433	-3.193	0.03	3.68	40414	2016-01-31 03:20:00
2016-01-31 03:35:00	40417	5.03	115.846	11.129	2.818	5.847	-2.828	0.07	8.59	40422	2016-01-31 04:00:00
2016-02-01 17:45:00	40875	5.0	51.875	10.037	-3.317	4.077	3.213	0.06	9.23	40880	2016-02-01 18:10:00
2016-02-01 18:40:00	40886	5.0	49.795	10.634	-3.503	3.698	3.122	0.04	5.69	40891	2016-02-01 19:05:00
2016-02-01 19:10:00	40892	5.02	57.027	10.909	-3.49	4.057	2.637	0.06	18.75	40897	2016-02-01 19:35:00
2016-02-01 20:05:00	40903	5.03	59.085	11.328	-3.75	3.502	2.098	0.07	11.94	40908	2016-02-01 20:30:00
2016-02-04 06:40:00	41598	5.43	52.839	8.595	3.363	5.133	3.872	0.07	19.85	41603	2016-02-04 07:05:00
2016-02-05 03:35:00	41849	5.25	99.396	10.841	-2.415	6.123	-0.995	0.08	26.59	41854	2016-02-05 04:00:00
2016-02-05 06:25:00	41883	5.47	61.467	8.728	-4.102	4.443	2.453	0.05	21.04	41888	2016-02-05 06:50:00
2016-02-05 14:20:00	41978	6.27	120.405	7.123	-3.737	2.467	-1.377	0.03	27.81	41983	2016-02-05 14:45:00
2016-02-05 18:30:00	42028	6.57	134.16	10.799	-2.012	3.102	-2.947	0.02	27.83	42033	2016-02-05 18:55:00
2016-02-05 23:10:00	42084	6.63	49.648	11.99	-2.117	2.883	2.47	0.06	24.28	42089	2016-02-05 23:35:00
2016-02-05 23:50:00	42092	6.68	46.446	11.954	-2.313	2.443	2.352	0.08	28.79	42097	2016-02-06 00:15:00
2016-02-06 16:05:00	42286	6.98	130.105	9.157	-1.742	1.722	-1.442	0.03	19.72	42291	2016-02-06 16:30:00
2016-02-06 20:35:00	42312	6.68	97.528	11.682	-1.928	4.395	-0.567	0.05	26.98	42317	2016-02-06 21:00:00
2016-02-06 21:05:00	42318	6.75	89.878	11.801	-1.192	4.398	0.027	0.09	20.19	42323	2016-02-06 21:30:00
2016-02-06 21:40:00	42325	6.85	112.037	11.902	-1.803	3.55	-1.46	0.05	23.58	42330	2016-02-06 22:05:00
2016-02-07 00:05:00	42333	6.48	88.603	11.91	-3.162	3.623	0.085	0.09	21.23	42338	2016-02-07 00:30:00
2016-02-07 00:35:00	42339	6.22	71.585	11.828	-4.218	2.622	0.875	0.03	18.12	42344	2016-02-07 01:00:00
2016-02-07 01:05:00	42345	6.82	82.613	11.718	-0.192	4.238	0.475	0.09	18.75	42350	2016-02-07 01:30:00
2016-02-07 01:35:00	42351	6.75	80.007	11.578	-0.79	4.318	0.762	0.03	13.30	42356	2016-02-07 02:00:00
2016-02-07 02:05:00	42357	6.93	66.933	11.408	0.287	4.018	1.723	0.03	18.20	42362	2016-02-07 02:30:00
2016-02-07 02:40:00	42364	6.72	54.381	11.171	-1.38	3.475	2.485	0.01	11.39	42369	2016-02-07 03:05:00
2016-02-07 03:20:00	42372	6.83	51.379	10.846	0.142	3.452	2.8	0.04	25.58	42377	2016-02-07 03:45:00
2016-02-08 15:40:00	42715	5.07	84.004	8.99	3.468	2.865	0.285	0.02	11.50	42720	2016-02-08 16:05:00
2016-02-13 03:25:00	43892	5.3	66.599	10.369	-1.147	9.765	4.202	0.07	23.03	43897	2016-02-13 03:50:00
2016-02-13 03:55:00	43898	5.42	77.271	10.028	-1.24	10.378	2.388	0.09	29.63	43903	2016-02-13 04:20:00
2016-02-13 04:25:00	43904	5.28	84.301	9.648	-2.332	10.43	1.038	0.07	10.63	43909	2016-02-13 04:50:00
2016-02-13 04:55:00	43910	5.12	74.729	9.227	-2.735	10.852	2.957	0.05	21.03	43915	2016-02-13 05:20:00
2016-02-13 16:45:00	44050	5.78	47.948	10.321	-2.363	3.645	3.288	0.03	10.90	44055	2016-02-13 17:10:00
2016-02-13 19:55:00	44088	5.92	53.461	11.724	-1.375	4.102	3.048	0.05	21.37	44093	2016-02-13 20:20:00
2016-02-13 21:20:00	44105	5.85	56.56	11.956	-0.952	4.125	2.727	0.02	19.00	44110	2016-02-13 21:45:00
2016-02-14 00:40:00	44145	5.48	107.708	11.598	-2.942	4.818	-1.523	0.04	22.74	44150	2016-02-14 01:05:00
2016-02-14 14:55:00	44281	5.2	102.61	8.965	-0.943	6.55	-1.457	0.02	22.95	44286	2016-02-14 15:20:00
2016-02-14 15:25:00	44287	5.42	102.884	9.411	0.515	6.872	-1.577	0.02	15.42	44292	2016-02-14 15:50:00
2016-02-14 17:35:00	44313	5.0	89.688	10.881	-3.075	6.24	0.055	0.06	24.28	44318	2016-02-14 18:00:00
2016-02-14 18:30:00	44324	5.33	81.683	11.305	-1.922	6.04	0.923	0.01	27.06	44329	2016-02-14 18:55:00
2016-02-14 20:20:00	44346	6.28	70.143	11.84	2.11	4.105	1.455	0.07	20.80	44351	2016-02-14 20:45:00
2016-02-14 21:00:00	44354	5.33	83.615	11.936	-3.723	4.5	0.567	0.06	21.72	44359	2016-02-14 21:25:00
2016-02-14 21:30:00	44360	5.35	75.292	11.976	-3.713	4.443	1.243	0.04	23.12	44365	2016-02-14 21:55:00
2016-02-14 22:30:00	44372	5.2	74.7	11.969	-3.852	4.823	1.187	0.06	29.83	44377	2016-02-14 22:55:00
2016-02-14 23:00:00	44378	5.45	75.648	11.923	-1.268	6.645	1.712	0.05	21.84	44383	2016-02-14 23:25:00
2016-02-15 00:50:00	44400	5.02	95.368	11.508	-4.987	4.087	-0.362	0.04	27.61	44405	2016-02-15 01:15:00
2016-02-15 15:10:00	44515	5.83	58.333	9.298	4.85	2.788	1.78	0.07	16.89	44520	2016-02-15 15:35:00
2016-02-15 18:20:00	44553	6.2	77.767	11.285	-1.793	5.825	1.157	0.07	27.42	44558	2016-02-15 18:45:00
2016-02-15 19:20:00	44565	6.65	69.137	11.633	-5.408	2.108	0.852	0.05	12.92	44570	2016-02-15 19:45:00
2016-02-15 20:10:00	44575	6.02	88.314	11.831	-1.952	4.608	0.042	0.09	29.20	44580	2016-02-15 20:35:00
2016-02-21 13:10:00	46143	5.87	129.399	8.01	3.292	1.132	-0.905	0.03	28.38	46148	2016-02-21 13:35:00
2016-02-21 18:55:00	46212	5.53	99.391	11.706	1.01	5.08	-0.84	0.07	13.58	46217	2016-02-21 19:20:00
2016-02-21 20:05:00	46226	5.03	124.361	11.921	4.505	3.278	-2.212	0.01	21.70	46231	2016-02-21 20:30:00
2016-02-21 21:50:00	46237	5.28	109.375	11.953	3.397	4.61	-1.52	0.03	27.52	46242	2016-02-21 22:15:00
2016-02-21 22:20:00	46243	5.4	101.308	11.898	2.79	5.002	-0.983	0.04	11.87	46248	2016-02-21 22:45:00
2016-02-26 14:45:00	47569	5.1	61.855	10.007	-1.433	4.46	2.408	0.07	21.50	47574	2016-02-26 15:10:00
2016-02-26 15:15:00	47575	5.1	75.765	10.349	2.493	4.945	1.237	0.03	24.71	47580	2016-02-26 15:40:00
2016-02-26 18:30:00	47614	5.65	83.824	11.751	2.925	3.592	0.407	0.10	10.22	47619	2016-02-26 18:55:00
2016-02-26 20:20:00	47636	5.02	73.291	11.98	-1.833	5.533	1.677	0.08	19.02	47641	2016-02-26 20:45:00
2016-02-27 02:25:00	47709	5.6	94.246	9.9	-0.195	4.277	-0.317	0.08	28.81	47714	2016-02-27 02:50:00
2016-02-27 02:55:00	47715	5.47	99.616	9.506	-0.332	4.342	-0.787	0.05	25.26	47720	2016-02-27 03:20:00
2016-02-27 04:05:00	47729	5.32	132.164	8.418	2.782	3.375	-3.042	0.06	18.39	47734	2016-02-27 04:30:00
2016-02-27 16:10:00	47872	5.58	93.431	10.946	2.98	5.065	-0.3	0.09	13.75	47877	2016-02-27 16:35:00
2016-02-27 19:00:00	47905	5.7	78.322	11.873	1.833	5.38	1.112	0.03	20.06	47910	2016-02-27 19:25:00
2016-02-27 19:30:00	47911	5.5	73.717	11.938	0.635	5.537	1.625	0.02	10.35	47916	2016-02-27 19:55:00
2016-02-27 20:40:00	47925	5.27	53.204	11.978	-3.408	3.198	2.433	0.06	23.40	47930	2016-02-27 21:05:00
2016-02-27 22:05:00	47942	5.78	57.017	11.82	1.912	3.21	2.145	0.08	29.10	47947	2016-02-27 22:30:00
2016-02-27 23:00:00	47953	5.32	55.045	11.594	0.04	4.582	3.205	0.03	25.54	47958	2016-02-27 23:25:00
2016-02-27 23:50:00	47963	5.57	65.786	11.3	2.282	5.308	2.425	0.05	18.33	47968	2016-02-28 00:15:00
2016-02-28 00:35:00	47972	5.9	97.314	10.962	2.083	5.183	-0.67	0.04	7.07	47977	2016-02-28 01:00:00
2016-02-28 05:05:00	48026	5.0	55.079	7.108	-2.753	5.233	3.638	0.05	15.33	48031	2016-02-28 05:30:00
2016-02-28 12:30:00	48115	5.82	106.047	8.209	1.767	4.365	-1.243	0.05	20.68	48120	2016-02-28 12:55:00
2016-02-28 13:20:00	48125	5.93	104.248	9.044	1.677	3.815	-0.978	0.04	16.23	48130	2016-02-28 13:45:00
2016-02-28 14:05:00	48134	5.82	78.609	9.685	0.523	3.585	0.688	0.09	19.48	48139	2016-02-28 14:30:00
2016-02-29 11:40:00	48390	6.35	126.888	7.374	2.217	1.698	-1.28	0.07	15.22	48395	2016-02-29 12:05:00
2016-02-29 13:05:00	48407	5.5	54.132	8.922	-1.545	3.243	2.33	0.06	26.05	48412	2016-02-29 13:30:00
2016-02-29 13:35:00	48413	5.47	47.936	9.372	-2.728	2.807	2.515	0.06	21.89	48418	2016-02-29 14:00:00
2016-02-29 14:20:00	48422	5.93	49.182	9.966	-0.305	3.065	2.655	0.05	8.96	48427	2016-02-29 14:45:00
2016-02-29 20:05:00	48490	6.07	87.755	11.984	1.792	6.28	0.238	0.05	12.02	48495	2016-02-29 20:30:00
2016-03-02 19:30:00	49006	5.63	48.152	11.975	-3.712	4.337	3.9	0.02	8.22	49011	2016-03-02 19:55:00
2016-03-03 00:20:00	49046	5.53	90.21	10.852	-3.053	5.087	-0.037	0.03	13.19	49051	2016-03-03 00:45:00
2016-03-03 01:50:00	49064	5.42	76.132	9.899	-4.377	3.532	0.827	0.03	22.22	49069	2016-03-03 02:15:00
2016-03-03 02:20:00	49070	5.5	88.887	9.506	-3.993	3.798	0.092	0.01	19.94	49075	2016-03-03 02:45:00
2016-03-03 15:15:00	49120	6.13	47.443	10.775	-1.617	2.527	2.313	0.04	9.47	49125	2016-03-03 15:40:00
2016-03-04 11:00:00	49285	5.37	77.549	7.116	-3.653	2.293	0.488	0.03	14.49	49290	2016-03-04 11:25:00
2016-03-04 11:35:00	49292	5.7	51.871	7.836	-3.728	1.793	1.418	0.01	9.27	49297	2016-03-04 12:00:00
2016-03-04 12:25:00	49302	5.62	59.063	8.727	-4.002	1.538	0.902	0.01	28.72	49307	2016-03-04 12:50:00
2016-03-04 12:55:00	49308	5.65	59.846	9.196	-4.07	1.477	0.86	0.02	10.62	49313	2016-03-04 13:20:00
2016-03-04 13:25:00	49314	5.65	79.635	9.62	-3.873	1.987	0.352	0.03	26.30	49319	2016-03-04 13:50:00
2016-03-04 15:00:00	49323	5.52	91.62	10.699	-3.667	2.783	-0.077	0.05	13.70	49328	2016-03-04 15:25:00
2016-03-04 15:30:00	49329	5.48	97.21	10.966	-4.013	2.127	-0.237	0.02	14.12	49334	2016-03-04 15:55:00
2016-03-04 16:00:00	49335	5.45	93.748	11.199	-4.078	2.115	-0.08	0.04	19.33	49340	2016-03-04 16:25:00
2016-03-04 16:30:00	49341	5.32	87.61	11.4	-4.265	2.157	0.09	0.02	7.67	49346	2016-03-04 16:55:00
2016-03-04 17:20:00	49351	5.37	83.094	11.667	-4.048	2.147	0.302	0.05	29.89	49356	2016-03-04 17:45:00
2016-03-05 11:55:00	49562	5.7	108.112	8.335	-0.497	4.457	-1.463	0.09	20.16	49567	2016-03-05 12:20:00
2016-03-05 13:30:00	49581	5.42	98.316	9.777	-2.422	4.515	-0.662	0.06	13.65	49586	2016-03-05 13:55:00
2016-03-05 14:30:00	49593	5.73	58.866	10.471	-1.433	3.23	1.96	0.08	18.57	49598	2016-03-05 14:55:00
2016-03-05 16:50:00	49610	6.4	80.401	11.554	-2.713	2.143	0.422	0.09	22.40	49615	2016-03-05 17:15:00
2016-03-11 21:50:00	51268	5.87	83.704	11.47	-2.968	5.107	0.617	0.05	27.58	51273	2016-03-11 22:15:00
2016-03-11 22:20:00	51274	5.88	76.22	11.281	-2.032	6.132	1.495	0.04	16.45	51279	2016-03-11 22:45:00
2016-03-11 23:10:00	51284	5.87	98.472	10.896	-1.963	6.027	-0.908	0.05	10.39	51289	2016-03-11 23:35:00
2016-03-12 00:40:00	51302	6.35	59.509	9.963	-3.082	3.107	1.86	0.10	13.54	51307	2016-03-12 01:05:00
2016-03-12 02:05:00	51319	6.58	82.295	8.757	-3.5	3.203	0.432	0.03	20.87	51324	2016-03-12 02:30:00
2016-03-12 02:35:00	51325	6.52	78.621	8.243	-3.462	3.968	0.8	0.06	2.32	51330	2016-03-12 03:00:00
2016-03-12 18:05:00	51457	6.28	132.17	11.96	-4.912	1.49	-1.362	0.04	9.75	51462	2016-03-12 18:30:00
2016-03-12 18:35:00	51463	6.35	126.785	11.982	-4.587	2.122	-1.577	0.02	14.77	51468	2016-03-12 19:00:00
2016-03-13 03:00:00	51564	6.72	52.888	7.635	-4.02	1.268	0.96	0.06	19.43	51569	2016-03-13 03:25:00
2016-03-13 21:45:00	51786	6.62	91.892	11.418	-3.068	3.377	-0.147	0.04	19.01	51791	2016-03-13 22:10:00
2016-03-13 22:15:00	51792	6.53	89.466	11.22	-3.107	3.592	0.038	0.04	10.90	51797	2016-03-13 22:40:00
2016-03-13 22:45:00	51798	6.55	84.642	10.99	-3.187	3.55	0.337	0.04	10.41	51803	2016-03-13 23:10:00
2016-03-13 23:15:00	51804	6.5	89.04	10.726	-3.038	3.672	0.067	0.07	14.96	51809	2016-03-13 23:40:00
2016-03-14 00:05:00	51813	6.18	77.834	10.211	-4.103	2.317	0.5	0.01	5.55	51818	2016-03-14 00:30:00
2016-03-14 00:35:00	51819	6.25	82.963	9.852	-4.06	2.435	0.297	0.01	8.91	51824	2016-03-14 01:00:00
2016-03-14 01:05:00	51825	6.17	89.827	9.453	-4.087	2.632	-0.012	0.04	22.40	51830	2016-03-14 01:30:00
2016-03-14 01:35:00	51831	6.18	89.071	9.012	-4.095	2.513	0.038	0.04	5.67	51836	2016-03-14 02:00:00
2016-03-14 02:05:00	51837	6.0	94.57	8.524	-4.165	2.203	-0.177	0.02	11.24	51842	2016-03-14 02:30:00
2016-03-14 02:35:00	51843	5.97	99.292	7.985	-4.187	2.132	-0.34	0.03	10.08	51848	2016-03-14 03:00:00
2016-03-14 03:05:00	51849	6.0	96.321	7.39	-3.607	2.847	-0.35	0.06	8.60	51854	2016-03-14 03:30:00
2016-03-14 09:45:00	51929	5.27	103.603	7.045	-5.082	3.773	-0.917	0.02	4.44	51934	2016-03-14 10:10:00
2016-03-14 10:15:00	51935	5.42	98.045	7.674	-4.845	3.86	-0.553	0.08	23.69	51940	2016-03-14 10:40:00
2016-03-14 13:15:00	51959	5.72	127.533	10.365	-5.19	2.402	-1.828	0.08	29.88	51964	2016-03-14 13:40:00
2016-03-14 14:05:00	51969	5.78	90.256	10.853	-5.203	3.67	-0.035	0.09	8.90	51974	2016-03-14 14:30:00
2016-03-14 14:40:00	51976	5.73	55.378	11.139	-4.918	3.747	2.573	0.03	24.38	51981	2016-03-14 15:05:00
2016-03-14 15:25:00	51985	5.78	54.514	11.442	-4.67	3.628	2.593	0.01	19.98	51990	2016-03-14 15:50:00
2016-03-14 16:20:00	51996	5.97	51.617	11.719	-4.668	2.83	2.35	0.05	28.79	52001	2016-03-14 16:45:00
2016-03-21 23:05:00	53989	5.12	48.049	10.244	-4.913	1.8	1.58	0.06	15.71	53994	2016-03-21 23:30:00
2016-03-21 23:35:00	53995	5.22	49.405	9.89	-4.863	1.927	1.687	0.04	15.70	54000	2016-03-22 00:00:00
2016-03-22 00:05:00	54001	5.65	68.975	9.495	-4.888	2.037	0.812	0.04	27.43	54006	2016-03-22 00:30:00
2016-03-22 01:00:00	54012	5.07	128.128	8.66	-4.877	1.597	-1.25	0.05	22.65	54017	2016-03-22 01:25:00
2016-03-22 02:00:00	54024	5.53	134.031	7.557	-4.047	2.215	-2.182	0.03	13.48	54029	2016-03-22 02:25:00
2016-03-22 09:55:00	54119	6.53	55.606	8.36	0.67	5.25	3.59	0.10	17.84	54124	2016-03-22 10:20:00
2016-03-22 17:50:00	54214	5.03	50.875	11.976	-0.952	4.662	3.775	0.02	14.41	54219	2016-03-22 18:15:00
2016-03-22 22:00:00	54264	5.0	51.073	10.824	-1.362	4.637	3.748	0.04	26.09	54269	2016-03-22 22:25:00
2016-03-22 23:30:00	54282	5.08	52.942	9.862	-2.012	4.652	3.493	0.09	10.90	54287	2016-03-22 23:55:00
2016-03-23 00:10:00	54290	5.08	60.973	9.323	-1.932	5.167	2.847	0.07	14.95	54295	2016-03-23 00:35:00
2016-03-23 01:25:00	54305	6.6	93.441	8.095	0.082	4.668	-0.3	0.08	20.02	54310	2016-03-23 01:50:00
2016-03-23 22:50:00	54562	6.5	101.573	10.252	-1.252	4.35	-0.915	0.09	23.29	54567	2016-03-23 23:15:00
2016-03-24 00:40:00	54584	6.77	96.332	8.753	-1.682	3.597	-0.365	0.08	29.09	54589	2016-03-24 01:05:00
2016-03-24 01:55:00	54599	6.85	52.793	7.364	-1.455	2.957	2.26	0.03	15.56	54604	2016-03-24 02:20:00
2016-03-24 08:35:00	54679	6.5	57.789	7.069	-2.643	3.245	2.05	0.04	15.94	54684	2016-03-24 09:00:00
2016-03-24 15:20:00	54760	5.53	67.806	11.761	-3.572	5.792	2.362	0.09	16.73	54765	2016-03-24 15:45:00
2016-03-24 19:20:00	54808	5.05	54.325	11.748	-3.278	5.582	4.083	0.09	28.64	54813	2016-03-24 19:45:00
2016-03-25 01:50:00	54886	6.62	92.936	7.319	-2.372	2.81	-0.33	0.09	28.08	54891	2016-03-25 02:15:00
2016-03-25 08:25:00	54955	6.85	89.976	7.007	-2.825	1.192	0.012	0.08	15.47	54960	2016-03-25 08:50:00
2016-03-25 16:45:00	55055	6.2	60.586	11.973	-2.8	1.858	1.047	0.03	23.12	55060	2016-03-25 17:10:00
2016-03-25 17:20:00	55062	5.93	79.826	11.982	-3.332	2.24	0.397	0.05	14.91	55067	2016-03-25 17:45:00
2016-03-25 19:05:00	55083	6.1	64.361	11.779	-3.353	1.58	0.688	0.03	29.91	55088	2016-03-25 19:30:00
2016-03-25 19:45:00	55091	6.03	76.18	11.608	-2.177	3.14	0.705	0.08	24.00	55096	2016-03-25 20:10:00
2016-03-25 21:00:00	55102	6.43	52.217	11.143	-3.47	1.313	0.997	0.07	14.85	55107	2016-03-25 21:25:00
2016-03-25 23:40:00	55134	6.33	56.862	9.447	-3.583	1.653	1.067	0.04	21.35	55139	2016-03-26 00:05:00
2016-03-26 00:10:00	55140	6.28	46.574	9.005	-3.353	1.532	1.453	0.04	13.43	55145	2016-03-26 00:35:00
2016-03-26 09:40:00	55254	6.4	55.766	8.598	-2.4	1.672	1.053	0.04	26.15	55259	2016-03-26 10:05:00
2016-03-26 10:50:00	55268	6.37	95.728	9.649	-3.09	1.545	-0.145	0.06	27.34	55273	2016-03-26 11:15:00
2016-03-26 11:20:00	55274	6.18	96.396	10.029	-3.238	1.508	-0.173	0.10	26.25	55279	2016-03-26 11:45:00
2016-03-26 11:55:00	55281	6.3	76.096	10.423	-2.675	1.85	0.448	0.08	13.00	55286	2016-03-26 12:20:00
2016-03-26 12:30:00	55288	6.33	97.089	10.767	-0.713	2.858	-0.365	0.09	17.19	55293	2016-03-26 12:55:00
2016-03-26 13:00:00	55294	6.22	76.436	11.026	-1.942	2.472	0.582	0.08	20.70	55299	2016-03-26 13:25:00
2016-03-26 13:30:00	55300	6.13	66.235	11.251	-2.327	2.238	0.89	0.10	29.66	55305	2016-03-26 13:55:00
2016-03-26 14:15:00	55309	6.37	73.05	11.53	-1.76	2.208	0.645	0.05	16.56	55314	2016-03-26 14:40:00
2016-03-26 14:50:00	55316	6.35	83.64	11.7	-1.023	3.163	0.362	0.07	21.48	55321	2016-03-26 15:15:00
2016-03-26 18:05:00	55355	6.35	50.884	11.927	-0.48	3.815	3.098	0.05	7.59	55360	2016-03-26 18:30:00
2016-03-26 19:40:00	55374	5.92	73.628	11.6	-2.265	4.402	1.3	0.10	22.10	55379	2016-03-26 20:05:00
2016-03-26 22:10:00	55404	6.27	57.595	10.457	-1.863	5.023	3.187	0.04	3.66	55409	2016-03-26 22:35:00
2016-03-26 22:40:00	55410	6.65	64.57	10.126	-1.438	5.338	2.553	0.10	20.74	55415	2016-03-26 23:05:00
2016-03-28 08:35:00	55816	5.3	53.058	7.665	-4.32	4.77	3.6	0.06	8.24	55821	2016-03-28 09:00:00
2016-03-28 10:15:00	55836	5.97	68.447	9.362	-0.938	6.307	2.472	0.02	26.85	55841	2016-03-28 10:40:00
2016-03-28 10:45:00	55842	5.78	68.689	9.77	-3.115	5.63	2.11	0.03	25.32	55847	2016-03-28 11:10:00
2016-03-28 21:05:00	55966	5.47	60.103	10.94	-4.142	4.855	2.855	0.08	17.26	55971	2016-03-28 21:30:00
2016-03-29 18:55:00	56228	6.05	85.014	11.714	-4.763	2.653	0.222	0.05	26.99	56233	2016-03-29 19:20:00
2016-03-29 19:40:00	56237	6.03	76.695	11.492	-3.542	3.62	0.888	0.02	25.72	56242	2016-03-29 20:05:00
2016-03-31 09:45:00	56667	6.48	119.376	9.228	-2.642	1.487	-0.94	0.04	24.06	56672	2016-03-31 10:10:00
2016-03-31 10:15:00	56673	6.32	99.534	9.649	-3.23	1.067	-0.197	0.03	15.97	56678	2016-03-31 10:40:00
2016-03-31 12:20:00	56698	6.43	80.716	10.986	-3.025	1.688	0.278	0.07	23.06	56703	2016-03-31 12:45:00
2016-03-31 12:55:00	56705	5.88	79.508	11.252	-3.463	1.382	0.253	0.03	5.78	56710	2016-03-31 13:20:00
2016-03-31 16:20:00	56746	6.32	96.174	11.987	-1.598	2.938	-0.303	0.08	28.73	56751	2016-03-31 16:45:00
2016-04-01 08:45:00	56943	6.68	55.11	8.37	0.745	2.342	1.617	0.06	17.55	56948	2016-04-01 09:10:00
2016-04-01 09:15:00	56949	6.73	57.913	8.873	1.558	2.187	1.363	0.02	17.36	56954	2016-04-01 09:40:00
2016-04-01 11:00:00	56970	6.38	83.205	10.281	0.242	2.84	0.333	0.10	28.31	56975	2016-04-01 11:25:00
2016-04-01 11:30:00	56976	6.6	74.923	10.595	1.388	2.905	0.81	0.03	24.30	56981	2016-04-01 11:55:00
2016-04-01 12:00:00	56982	6.62	92.559	10.874	1.815	2.772	-0.1	0.04	16.60	56987	2016-04-01 12:25:00
2016-04-01 19:10:00	57068	5.92	121.665	11.541	-1.02	3.527	-2.175	0.08	21.34	57073	2016-04-01 19:35:00
2016-04-02 00:20:00	57128	5.25	111.692	8.006	2.345	6.23	-2.473	0.05	21.41	57133	2016-04-02 00:45:00
2016-04-07 23:50:00	58772	5.07	128.432	7.762	-2.423	7.227	-5.82	0.05	29.65	58777	2016-04-08 00:15:00
2016-04-08 13:00:00	58930	5.33	52.307	11.619	1.688	5.058	3.95	0.06	24.42	58935	2016-04-08 13:25:00
2016-04-09 07:20:00	59150	6.05	59.589	7.851	-0.293	3.858	2.267	0.06	7.50	59155	2016-04-09 07:45:00
2016-04-09 07:50:00	59156	6.02	51.208	8.403	-1.77	3.048	2.385	0.06	23.17	59161	2016-04-09 08:15:00
2016-04-09 12:10:00	59208	6.3	127.939	11.379	-3.043	1.313	-1.03	0.05	29.28	59213	2016-04-09 12:35:00
2016-04-09 17:55:00	59277	5.6	75.138	11.639	-3.362	3.04	0.778	0.07	22.38	59282	2016-04-09 18:20:00
2016-04-09 18:25:00	59283	5.73	81.065	11.481	-3.708	2.847	0.45	0.06	7.22	59288	2016-04-09 18:50:00
2016-04-09 18:55:00	59289	5.85	64.265	11.292	-3.137	2.498	1.22	0.07	23.27	59294	2016-04-09 19:20:00
2016-04-09 20:50:00	59312	6.18	70.106	10.266	-1.263	3.422	1.255	0.07	15.07	59317	2016-04-09 21:15:00
2016-04-09 21:20:00	59318	6.2	72.685	9.913	-1.407	3.593	1.122	0.02	5.03	59323	2016-04-09 21:45:00
2016-04-10 08:50:00	59456	6.18	87.829	9.455	-3.45	3.163	0.085	0.06	25.36	59461	2016-04-10 09:15:00
2016-04-10 10:35:00	59477	6.27	45.866	10.683	-2.982	3.62	3.508	0.06	8.75	59482	2016-04-10 11:00:00
2016-04-11 21:50:00	59900	5.03	102.569	9.328	0.77	8.443	-1.872	0.01	10.19	59905	2016-04-11 22:15:00
2016-04-11 22:20:00	59906	5.17	102.235	8.872	2.465	7.948	-1.71	0.01	9.00	59911	2016-04-11 22:45:00
2016-04-15 12:55:00	60940	5.03	62.463	11.803	6.9	3.333	1.735	0.09	12.18	60945	2016-04-15 13:20:00
2016-04-15 13:25:00	60946	5.25	53.24	11.893	6.738	3.222	2.423	0.06	11.86	60951	2016-04-15 13:50:00
2016-04-15 13:55:00	60952	5.2	45.078	11.954	6.778	3.902	3.882	0.06	15.73	60957	2016-04-15 14:20:00
2016-04-15 15:40:00	60972	5.12	122.79	11.944	7.953	2.013	-1.323	0.03	20.47	60977	2016-04-15 16:05:00
2016-04-16 21:50:00	61334	5.1	85.952	8.794	3.412	7.373	0.547	0.03	25.76	61339	2016-04-16 22:15:00
2016-04-18 07:20:00	61736	5.32	51.367	8.943	0.438	7.198	5.782	0.09	11.03	61741	2016-04-18 07:45:00
2016-04-18 15:35:00	61835	5.05	67.912	11.911	-4.57	2.81	1.16	0.06	13.25	61840	2016-04-18 16:00:00
2016-04-18 16:05:00	61841	5.1	75.992	11.829	-4.595	2.975	0.778	0.03	18.19	61846	2016-04-18 16:30:00
2016-04-18 19:45:00	61885	5.02	75.34	10.293	-3.548	3.765	1.008	0.05	26.70	61890	2016-04-18 20:10:00
2016-04-19 08:15:00	62035	5.13	63.032	9.824	-2.995	2.825	1.463	0.01	20.65	62040	2016-04-19 08:40:00
2016-04-19 09:10:00	62044	5.3	50.544	10.46	-3.693	1.842	1.538	0.04	29.94	62049	2016-04-19 09:35:00
2016-04-19 11:35:00	62073	5.23	63.791	11.579	-1.84	3.475	1.658	0.04	25.19	62078	2016-04-19 12:00:00
2016-04-19 12:05:00	62079	5.1	56.003	11.72	-2.128	3.303	2.192	0.03	25.76	62084	2016-04-19 12:30:00
2016-04-19 16:05:00	62127	5.03	50.194	11.806	-3.732	2.618	2.113	0.05	24.75	62132	2016-04-19 16:30:00
2016-04-19 22:30:00	62204	5.03	59.767	7.695	-2.61	4.883	2.79	0.02	20.93	62209	2016-04-19 22:55:00
2016-04-20 05:25:00	62287	5.03	109.634	7.06	-1.737	6.445	-2.302	0.04	7.57	62292	2016-04-20 05:50:00
2016-04-20 07:05:00	62307	5.58	119.511	8.93	0.32	5.45	-3.07	0.06	13.91	62312	2016-04-20 07:30:00
2016-04-20 09:15:00	62333	5.03	116.861	10.583	-1.222	5.315	-2.782	0.08	28.87	62338	2016-04-20 09:40:00
2016-04-21 08:50:00	62616	6.0	86.881	10.399	-0.77	7.25	0.442	0.10	22.51	62621	2016-04-21 09:15:00
2016-04-21 09:45:00	62627	5.35	86.284	10.926	-3.083	7.922	0.348	0.06	25.31	62632	2016-04-21 10:10:00
2016-04-21 13:10:00	62668	5.17	68.169	11.951	-1.145	7.728	3.073	0.05	24.43	62673	2016-04-21 13:35:00
2016-04-21 13:40:00	62674	5.3	58.493	11.986	-0.272	6.628	4.068	0.07	10.80	62679	2016-04-21 14:05:00
2016-04-22 09:25:00	62911	6.05	52.022	10.811	-3.877	3.225	2.505	0.08	23.10	62916	2016-04-22 09:50:00
2016-04-22 18:40:00	63022	5.22	59.981	10.681	-4.258	5.688	3.28	0.03	10.59	63027	2016-04-22 19:05:00
2016-04-22 19:10:00	63028	5.43	66.976	10.376	-3.28	6.167	2.6	0.05	17.08	63033	2016-04-22 19:35:00
2016-04-22 21:45:00	63059	6.15	53.789	8.162	-4.63	3.567	2.662	0.09	9.19	63064	2016-04-22 22:10:00
2016-04-22 22:15:00	63065	5.97	45.764	7.584	-3.425	4.025	3.92	0.08	12.73	63070	2016-04-22 22:40:00
2016-04-23 19:45:00	63323	5.12	52.138	9.891	-3.11	7.127	5.563	0.09	13.71	63328	2016-04-23 20:10:00
2016-04-23 22:25:00	63351	5.52	60.881	7.234	-5.16	5.478	3.142	0.07	21.42	63356	2016-04-23 22:50:00
2016-04-24 10:35:00	63497	6.28	60.731	11.444	-1.032	5.232	2.95	0.05	14.85	63502	2016-04-24 11:00:00
2016-04-24 15:20:00	63554	6.18	131.379	11.847	-1.213	4.002	-3.585	0.03	12.45	63559	2016-04-24 15:45:00
2016-04-24 16:30:00	63568	5.9	55.039	11.55	-3.495	3.992	2.772	0.02	26.93	63573	2016-04-24 16:55:00
2016-04-25 05:15:00	63721	5.48	102.457	7.581	-4.442	4.163	-0.91	0.02	25.35	63726	2016-04-25 05:40:00
2016-04-25 05:45:00	63727	5.75	74.871	8.16	-0.397	5.507	1.488	0.02	25.61	63732	2016-04-25 06:10:00
2016-04-25 06:50:00	63740	5.78	58.206	9.232	-2.56	3.95	2.457	0.04	24.11	63745	2016-04-25 07:15:00
2016-04-25 07:25:00	63747	5.85	110.722	9.72	-3.723	3.495	-1.305	0.04	28.54	63752	2016-04-25 07:50:00
2016-04-25 07:55:00	63753	5.87	122.017	10.094	-4.37	2.922	-1.835	0.03	24.58	63758	2016-04-25 08:20:00
2016-04-25 08:55:00	63765	5.77	100.707	10.729	-2.375	4.728	-0.892	0.05	24.96	63770	2016-04-25 09:20:00
2016-04-25 09:25:00	63771	5.75	102.102	10.994	-2.68	4.455	-0.955	0.04	13.75	63776	2016-04-25 09:50:00
2016-04-26 04:55:00	64005	6.22	66.086	7.307	2.608	3.46	1.625	0.03	29.86	64010	2016-04-26 05:20:00
2016-04-26 05:25:00	64011	6.13	63.886	7.912	2.373	3.658	1.832	0.06	26.34	64016	2016-04-26 05:50:00
2016-04-26 07:55:00	64041	6.55	59.97	10.174	2.192	3.127	1.818	0.07	8.03	64046	2016-04-26 08:20:00
2016-04-26 11:20:00	64082	6.6	91.886	11.741	-1.87	2.445	-0.058	0.06	25.61	64087	2016-04-26 11:45:00
2016-04-26 16:40:00	64146	6.0	59.156	11.415	-2.46	2.678	1.562	0.08	27.33	64151	2016-04-26 17:05:00
2016-04-26 21:40:00	64206	6.58	48.758	7.745	-0.407	3.442	3.01	0.08	18.38	64211	2016-04-26 22:05:00
2016-04-27 10:20:00	64357	6.4	72.491	11.477	-2.812	4.05	1.31	0.02	21.01	64362	2016-04-27 10:45:00
2016-04-27 11:50:00	64375	6.3	111.158	11.869	-4.762	1.92	-0.758	0.02	26.98	64380	2016-04-27 12:15:00
2016-04-27 21:55:00	64496	6.15	79.331	7.3	-3.74	2.863	0.613	0.03	16.14	64501	2016-04-27 22:20:00
2016-04-28 21:55:00	64784	6.38	52.668	7.153	-2.433	1.842	1.463	0.05	23.36	64789	2016-04-28 22:20:00
2016-04-29 06:55:00	64892	5.68	45.196	9.681	-3.567	1.593	1.573	0.04	15.81	64897	2016-04-29 07:20:00
2016-04-29 08:25:00	64910	5.68	56.776	10.7	-3.717	1.807	1.218	0.04	28.05	64915	2016-04-29 08:50:00
2016-04-29 08:55:00	64916	5.67	57.538	10.969	-3.508	2.07	1.313	0.03	7.63	64921	2016-04-29 09:20:00
2016-04-29 09:25:00	64922	5.62	46.261	11.203	-3.605	1.855	1.788	0.07	13.84	64927	2016-04-29 09:50:00
2016-04-29 10:15:00	64932	6.22	50.805	11.525	-2.433	2.463	2.007	0.05	10.23	64937	2016-04-29 10:40:00
2016-04-29 11:05:00	64942	6.47	54.888	11.761	-0.505	3.4	2.38	0.03	23.07	64947	2016-04-29 11:30:00
2016-04-29 11:45:00	64950	6.72	80.519	11.892	1.557	3.927	0.675	0.09	19.22	64955	2016-04-29 12:10:00
2016-04-29 12:15:00	64956	6.48	50.53	11.956	2.057	3.182	2.655	0.06	28.62	64961	2016-04-29 12:40:00
2016-04-29 20:50:00	65059	5.23	100.95	8.299	-3.308	4.093	-0.793	0.07	26.48	65064	2016-04-29 21:15:00
2016-04-29 21:20:00	65065	5.17	105.072	7.735	-3.702	3.937	-1.078	0.08	17.89	65070	2016-04-29 21:45:00
2016-05-04 05:50:00	66176	5.92	48.607	9.26	3.377	1.572	1.365	0.08	28.17	66181	2016-05-04 06:15:00
2016-05-07 04:20:00	66878	6.48	113.735	8.118	-4.082	2.77	-1.297	0.07	23.07	66883	2016-05-07 04:45:00
2016-05-07 04:55:00	66885	6.72	120.77	8.729	-3.472	2.353	-1.395	0.06	9.46	66890	2016-05-07 05:20:00
2016-05-07 11:55:00	66969	5.83	68.711	12.0	-5.553	2.145	0.868	0.04	26.00	66974	2016-05-07 12:20:00
2016-05-07 19:35:00	67005	5.2	88.862	8.644	-3.315	6.562	0.135	0.03	24.15	67010	2016-05-07 20:00:00
2016-05-07 20:05:00	67011	5.37	83.255	8.115	-3.828	6.295	0.738	0.04	13.63	67016	2016-05-07 20:30:00
2016-05-09 04:35:00	67355	5.62	57.287	8.622	3.49	4.22	2.743	0.04	17.31	67360	2016-05-09 05:00:00
2016-05-15 18:35:00	68868	5.2	90.24	8.735	-0.055	7.883	-0.035	0.04	24.75	68873	2016-05-15 19:00:00
2016-05-16 06:05:00	68992	5.6	114.004	10.473	-2.858	4.938	-2.212	0.10	10.73	68997	2016-05-16 06:30:00
2016-05-16 06:45:00	69000	5.2	69.17	10.859	-5.222	3.688	1.418	0.09	10.45	69005	2016-05-16 07:10:00
2016-05-16 07:55:00	69014	5.07	52.012	11.391	-6.268	2.32	1.807	0.07	22.80	69019	2016-05-16 08:20:00
2016-05-16 08:50:00	69025	5.4	119.978	11.689	-1.098	5.31	-3.11	0.03	24.41	69030	2016-05-16 09:15:00
2016-05-16 09:20:00	69031	5.65	120.289	11.81	-0.938	5.438	-3.22	0.08	11.23	69036	2016-05-16 09:45:00
2016-05-16 09:50:00	69037	5.5	117.583	11.901	-1.44	5.447	-2.838	0.03	10.25	69042	2016-05-16 10:15:00
2016-05-16 12:30:00	69069	5.47	127.717	11.907	-2.308	4.852	-3.622	0.03	26.43	69074	2016-05-16 12:55:00
2016-05-16 13:45:00	69084	5.53	122.049	11.629	-1.757	6.037	-3.797	0.04	22.51	69089	2016-05-16 14:10:00
2016-05-16 15:50:00	69109	5.72	123.771	10.742	-3.59	3.205	-2.0	0.04	28.12	69114	2016-05-16 16:15:00
2016-05-17 15:35:00	69282	6.17	97.514	10.817	-4.41	1.807	-0.325	0.01	26.82	69287	2016-05-17 16:00:00
2016-05-18 08:30:00	69484	6.08	91.052	11.662	-3.925	3.25	-0.137	0.04	20.07	69489	2016-05-18 08:55:00
2016-05-18 13:25:00	69543	5.58	70.274	11.661	-5.453	4.178	1.495	0.07	29.09	69548	2016-05-18 13:50:00
2016-05-18 18:45:00	69607	5.93	47.39	8.205	-4.588	2.032	1.82	0.02	22.97	69612	2016-05-18 19:10:00
2016-05-19 04:30:00	69724	6.63	105.915	9.588	-1.173	3.987	-1.07	0.05	29.94	69729	2016-05-19 04:55:00
2016-05-19 05:20:00	69734	6.72	97.997	10.212	-1.038	4.413	-0.637	0.05	23.01	69739	2016-05-19 05:45:00
2016-05-19 08:20:00	69770	6.93	133.409	11.649	-0.312	3.3	-3.137	0.08	17.03	69775	2016-05-19 08:45:00
2016-05-19 08:50:00	69776	6.88	133.762	11.779	0.703	3.562	-3.395	0.06	19.26	69781	2016-05-19 09:15:00
2016-05-19 09:20:00	69782	6.92	130.602	11.879	1.172	3.808	-3.267	0.02	15.11	69787	2016-05-19 09:45:00
2016-05-19 10:20:00	69794	6.78	132.255	11.994	3.265	3.158	-2.915	0.03	15.59	69799	2016-05-19 10:45:00
2016-05-19 13:00:00	69826	6.3	55.571	11.743	-0.358	3.087	2.072	0.09	11.83	69831	2016-05-19 13:25:00
2016-05-20 06:20:00	69996	5.83	62.272	10.886	-3.143	4.77	2.542	0.10	17.44	70001	2016-05-20 06:45:00
2016-05-20 06:50:00	70002	5.98	49.878	11.133	-3.093	3.582	3.078	0.07	27.02	70007	2016-05-20 07:15:00
2016-05-20 11:00:00	70051	5.15	74.47	12.006	0.608	6.525	1.813	0.06	9.33	70056	2016-05-20 11:25:00
2016-05-20 11:30:00	70057	5.0	81.438	11.976	0.115	7.043	1.06	0.03	12.06	70062	2016-05-20 11:55:00
2016-05-20 17:50:00	70119	5.07	49.13	8.912	-4.187	4.328	3.763	0.06	7.57	70124	2016-05-20 18:15:00
2016-05-20 18:20:00	70125	5.07	52.58	8.411	-4.437	4.637	3.553	0.03	5.80	70130	2016-05-20 18:45:00
2016-05-21 04:20:00	70245	6.03	46.216	9.638	-4.362	4.263	4.15	0.03	26.00	70250	2016-05-21 04:45:00
2016-05-21 12:25:00	70342	5.07	129.737	11.827	-6.455	3.873	-3.205	0.02	25.60	70347	2016-05-21 12:50:00
2016-05-21 15:20:00	70377	5.17	92.749	10.71	-5.883	5.225	-0.247	0.02	23.85	70382	2016-05-21 15:45:00
2016-05-22 03:00:00	70496	5.08	110.27	8.522	-5.065	2.695	-1.063	0.05	25.12	70501	2016-05-22 03:25:00
2016-05-22 14:35:00	70612	5.05	83.083	11.048	-3.153	3.775	0.475	0.08	19.98	70617	2016-05-22 15:00:00
2016-05-22 16:10:00	70631	5.17	82.514	10.108	-1.692	5.107	0.628	0.02	27.10	70636	2016-05-22 16:35:00
2016-05-22 18:00:00	70653	5.08	76.404	8.529	-2.807	4.308	1.095	0.02	27.16	70658	2016-05-22 18:25:00
2016-05-22 18:30:00	70659	5.27	69.925	7.988	-2.85	3.858	1.33	0.07	17.82	70664	2016-05-22 18:55:00
2016-05-22 19:00:00	70665	5.32	50.514	7.389	-3.187	2.782	2.302	0.01	29.28	70670	2016-05-22 19:25:00
2016-05-23 02:10:00	70737	5.97	89.181	7.721	1.045	3.645	0.037	0.05	16.22	70742	2016-05-23 02:35:00
2016-05-23 02:40:00	70743	6.07	90.552	8.288	0.175	3.868	-0.033	0.09	14.56	70748	2016-05-23 03:05:00
2016-05-23 03:10:00	70749	6.08	85.221	8.801	0.23	3.665	0.282	0.05	20.22	70754	2016-05-23 03:35:00
2016-05-23 04:10:00	70761	6.13	95.738	9.685	0.242	3.407	-0.35	0.10	8.27	70766	2016-05-23 04:35:00
2016-05-23 04:40:00	70767	6.17	98.172	10.064	-0.957	3.027	-0.36	0.06	17.43	70772	2016-05-23 05:05:00
2016-05-23 06:10:00	70785	6.25	109.012	10.977	-0.582	3.665	-1.252	0.07	25.26	70790	2016-05-23 06:35:00
2016-05-23 10:00:00	70831	6.15	116.176	12.005	-1.8	1.753	-0.872	0.08	15.92	70836	2016-05-23 10:25:00
2016-05-23 10:40:00	70839	6.15	88.436	12.01	-2.085	3.02	0.078	0.03	9.01	70844	2016-05-23 11:05:00
2016-05-23 11:25:00	70848	5.98	75.597	11.954	-2.435	2.643	0.695	0.06	19.21	70853	2016-05-23 11:50:00
2016-05-23 12:00:00	70855	5.98	60.966	11.867	-2.547	2.277	1.273	0.07	11.38	70860	2016-05-23 12:25:00
2016-05-23 12:50:00	70865	5.92	100.168	11.674	-3.363	1.827	-0.32	0.01	18.90	70870	2016-05-23 13:15:00
2016-05-23 14:05:00	70880	5.72	50.657	11.228	-3.46	1.47	1.218	0.04	17.46	70885	2016-05-23 14:30:00
2016-05-23 17:00:00	70906	6.47	65.445	9.369	-1.132	2.512	1.163	0.06	19.51	70911	2016-05-23 17:25:00
2016-05-24 01:30:00	70986	5.05	87.062	7.02	-3.453	2.653	0.22	0.09	23.74	70991	2016-05-24 01:55:00
2016-05-24 11:30:00	71095	5.87	76.335	11.93	2.153	4.395	1.067	0.03	18.16	71100	2016-05-24 11:55:00
2016-05-24 12:45:00	71107	5.33	85.37	11.666	-4.09	2.163	0.192	0.03	26.87	71112	2016-05-24 13:10:00
2016-05-24 13:35:00	71117	5.1	71.622	11.388	-0.21	4.747	1.567	0.10	11.14	71122	2016-05-24 14:00:00
2016-05-24 14:05:00	71123	5.27	81.112	11.179	0.158	5.117	0.8	0.01	7.78	71128	2016-05-24 14:30:00
2016-05-24 15:00:00	71133	5.28	66.792	10.713	-0.063	4.393	1.88	0.03	12.91	71138	2016-05-24 15:25:00
2016-05-24 15:55:00	71144	5.23	73.43	10.13	0.387	4.355	1.307	0.05	15.88	71149	2016-05-24 16:20:00
2016-05-24 16:50:00	71155	5.47	63.947	9.418	0.838	3.765	1.847	0.04	27.93	71160	2016-05-24 17:15:00
2016-05-24 17:35:00	71164	5.48	57.157	8.728	0.125	3.482	2.237	0.02	16.20	71169	2016-05-24 18:00:00
2016-05-25 02:15:00	71266	6.02	53.257	8.072	-0.292	3.217	2.4	0.06	24.39	71271	2016-05-25 02:40:00
2016-05-25 02:55:00	71274	6.32	111.406	8.772	-0.477	3.548	-1.405	0.08	19.99	71279	2016-05-25 03:20:00
2016-05-25 04:15:00	71290	6.53	94.275	9.92	2.15	3.443	-0.26	0.01	28.61	71295	2016-05-25 04:40:00
2016-05-25 04:45:00	71296	6.43	89.087	10.275	1.365	3.702	0.083	0.06	29.03	71301	2016-05-25 05:10:00
2016-05-25 06:40:00	71319	6.05	83.716	11.306	2.345	3.25	0.385	0.08	29.38	71324	2016-05-25 07:05:00
2016-05-25 08:35:00	71342	6.12	88.708	11.87	-0.758	2.788	0.098	0.07	23.30	71347	2016-05-25 09:00:00
2016-05-25 09:05:00	71348	6.18	92.831	11.946	-1.182	2.923	-0.125	0.10	23.95	71353	2016-05-25 09:30:00
2016-05-25 09:35:00	71354	5.8	112.024	11.994	-3.252	1.327	-0.55	0.05	9.39	71359	2016-05-25 10:00:00
2016-05-25 12:25:00	71388	5.57	130.565	11.726	-3.103	1.253	-1.067	0.09	16.04	71393	2016-05-25 12:50:00
2016-05-25 13:20:00	71399	5.73	105.375	11.44	-2.803	1.592	-0.465	0.06	21.70	71404	2016-05-25 13:45:00
2016-05-25 13:50:00	71405	5.88	116.268	11.24	-2.522	1.687	-0.83	0.08	7.85	71410	2016-05-25 14:15:00
2016-05-25 15:05:00	71420	5.63	76.439	10.599	-3.117	1.623	0.347	0.10	27.23	71425	2016-05-25 15:30:00
2016-05-25 15:35:00	71426	5.68	81.0	10.282	-3.09	1.745	0.26	0.07	14.61	71431	2016-05-25 16:00:00
2016-05-25 16:05:00	71432	5.73	80.203	9.928	-2.518	2.217	0.332	0.03	22.02	71437	2016-05-25 16:30:00
2016-05-25 16:35:00	71438	5.6	81.124	9.534	-3.262	1.543	0.235	0.05	29.92	71443	2016-05-25 17:00:00
2016-05-25 17:05:00	71444	5.6	77.514	9.098	-2.997	2.032	0.487	0.03	18.43	71449	2016-05-25 17:30:00
2016-05-25 17:35:00	71450	5.65	49.591	8.616	-1.795	2.542	2.238	0.08	24.66	71455	2016-05-25 18:00:00
2016-05-25 18:05:00	71456	5.75	69.814	8.084	-2.568	2.725	1.007	0.04	17.84	71461	2016-05-25 18:30:00
2016-05-26 01:25:00	71544	5.28	81.515	7.2	-2.96	2.905	0.442	0.09	10.89	71549	2016-05-26 01:50:00
2016-05-26 01:55:00	71550	5.63	67.922	7.816	-2.138	3.025	1.218	0.04	10.42	71555	2016-05-26 02:20:00
2016-05-26 02:25:00	71556	5.82	69.56	8.374	-0.55	3.677	1.372	0.04	11.65	71561	2016-05-26 02:50:00
2016-05-26 02:55:00	71562	5.67	61.843	8.879	-0.347	3.563	1.91	0.06	16.31	71567	2016-05-26 03:20:00
2016-05-26 03:25:00	71568	6.07	65.997	9.336	-0.153	3.383	1.498	0.06	26.53	71573	2016-05-26 03:50:00
2016-05-26 06:20:00	71581	5.7	77.767	11.21	-0.413	4.205	0.92	0.07	27.76	71586	2016-05-26 06:45:00
2016-05-26 06:50:00	71587	5.4	64.122	11.414	-1.707	3.892	1.887	0.03	7.85	71592	2016-05-26 07:15:00
2016-05-26 07:20:00	71593	5.65	65.452	11.587	-1.108	3.907	1.785	0.04	5.17	71598	2016-05-26 07:45:00
2016-05-26 07:50:00	71599	5.63	72.202	11.73	-1.953	3.697	1.203	0.05	19.07	71604	2016-05-26 08:15:00
2016-05-26 09:55:00	71624	5.08	64.185	12.011	-1.708	3.893	1.888	0.06	7.20	71629	2016-05-26 10:20:00
2016-05-26 10:25:00	71630	5.18	64.522	12.005	-1.723	3.782	1.807	0.10	5.15	71635	2016-05-26 10:50:00
2016-05-26 10:55:00	71636	5.28	71.065	11.971	-1.76	3.672	1.26	0.04	5.57	71641	2016-05-26 11:20:00
2016-05-26 12:00:00	71645	5.88	83.041	11.798	-0.822	3.973	0.485	0.07	2.22	71650	2016-05-26 12:25:00
2016-05-26 12:30:00	71651	6.0	83.387	11.673	-0.598	4.002	0.463	0.05	5.85	71656	2016-05-26 12:55:00
2016-05-26 13:00:00	71657	6.07	75.02	11.517	-0.28	3.84	1.028	0.03	14.18	71662	2016-05-26 13:25:00
2016-05-26 14:10:00	71671	6.28	66.585	11.034	-0.497	2.68	1.168	0.05	14.56	71676	2016-05-26 14:35:00
2016-05-30 11:55:00	72665	6.97	74.224	11.704	3.398	1.63	0.455	0.09	21.38	72670	2016-05-30 12:20:00
