Start_str	End_str	Rmag_avg(Re)	x_avg(Re)	y_avg(Re)	z_avg(Re)	Clang_avg	IMFBx_avg(nT)	IMFBy_avg(nT)	IMFBz_avg(nT)	Jx_avg(uA/m2)	Jy_avg	Jz_avg	Jmag_avg	divB_avg	Jx_med(uA/m2)	Jy_med	Jz_med	Jmag_med	divB_med	Jx_std(uA/m2)	Jy_std	Jz_std	Jmag_std	divB_std	mms1Bx_avg(nT)	mms1By_avg	mms1Bz_avg	mms1Bmag_avg	mms1Bx_med(nT)	mms1By_med	mms1Bz_med	mms1Bmag_med	mms1Bx_std(nT)	mms1By_std	mms1Bz_std	mms1Bmag_std
2018-10-14 19:35:00	2018-10-14 19:45:00	21.37932436280113	-8.823913488731797	19.463494665548044	0.6201293664216818	320.002	2.31	-3.9	4.692	-0.0043985974432102	0.0030825118973572	-0.0160085671775314	0.0822691078878043	0.001801084472017	-0.005783844631988	0.0079106958792355	-0.0378738730634169	0.0787285391716801	0.0006317252861842	0.0366418646263276	0.0413757670305619	0.0657763461987957	0.0299670770915749	0.0108570846616456	5.483613	-5.942112	15.238559	20.286469	7.246009	-6.529843	16.102104	20.129906	7.8591104	6.6615057	4.669027	3.7406723
2018-10-17 09:55:00	2018-10-17 10:05:00	23.542936359518105	-7.227666287147591	21.752168140214263	-5.373396036410388	320.767	0.91	-2.327	2.872	0.0067124927877695	-0.0022244172462266	0.0761586935598664	0.0764862876354763	-0.0073518793015377	0.0067124927877695	-0.0022244172462266	0.0761586935598664	0.0764862876354763	-0.0073518793015377	0.0	0.0	0.0	0.0	0.0	7.6724987	0.7776655	13.19299	15.28159	7.6724987	0.7776655	13.19299	15.28159	0.0	0.0	0.0	0.0
2018-10-17 10:30:00	2018-10-17 10:40:00	23.354209833772934	-7.323634636993443	21.51574023756065	-5.37178271580115	348.885	0.71	-0.87	4.443	-0.0055078029743971	0.0041396865585117	-0.0186795291769161	0.0506141383704133	-0.0043399817497764	-0.0055078029743971	0.0041396865585117	-0.0186795291769161	0.0506141383704133	-0.0043399817497764	0.0018809107914204	0.0028652575864783	0.0499196176020909	0.018393543804296	0.0004484392858909	0.8294137	3.8250716	10.84102	11.8053665	0.8294137	3.8250716	10.84102	11.8053665	2.6463668	0.4233706	2.045083	2.2011294
2018-10-19 03:30:00	2018-10-19 03:40:00	21.601701347755977	0.4540173391739777	21.594296084790887	0.3298664379940426	338.93	1.95	-0.757	1.92	-0.0083127380017898	0.0234878715471526	-0.0012873868038764	0.0765164371002592	0.0039580021508008	-0.0160208261987602	0.0413579965428815	-0.0102777041886855	0.0757368241489279	0.0038931528516687	0.0501668334360118	0.0411172740748927	0.038850322196266	0.0220082457335177	0.0122216415853637	5.470207	-2.5873911	5.2681894	8.797521	5.3919945	-2.636124	4.8905954	8.67062	2.1563344	2.4156764	2.5543878	1.9963399
2018-10-19 04:55:00	2018-10-19 05:05:00	22.249249392967243	0.0359770627269311	22.21978984601348	-1.14159291314849	330.232	2.058	-1.073	1.908	-0.0056447818594999	0.0237838764170992	-0.0016559997931865	0.0843090222737934	0.000491919023868	-0.0119797237254533	0.023235572163495	0.0088472238115282	0.073472211407587	-0.0011942486505597	0.0637683593173618	0.0476050666377014	0.0372395813334343	0.03480947968176	0.0077429839776859	5.607378	-4.6565137	0.9053365	7.9715595	5.275505	-5.0326223	1.2055666	8.362838	2.2294505	1.7349291	2.508926	2.162134
2018-10-19 05:25:00	2018-10-19 05:35:00	22.46038143972693	-0.1114009583065431	22.39739590540452	-1.6756001207372315	322.08	2.247	-1.403	1.802	0.0220846537370168	0.0383493140858951	-0.0179135091007584	0.0742040613934128	0.0036105466740247	0.0220846537370168	0.0383493140858951	-0.0179135091007584	0.0742040613934128	0.0036105466740247	0.0469433419903405	0.025341986473218	0.0199128168728277	0.0039327870537009	0.0150322011400189	8.026187	-3.6408627	1.4473987	9.011178	8.026187	-3.6408627	1.4473987	9.011178	1.0080585	0.7722161	0.96492934	1.0548851
2018-10-26 06:35:00	2018-10-26 06:45:00	18.553065902485315	-5.904091130092817	17.299830072967595	-3.1734244575759423	329.343	-0.6	-1.952	3.293	-0.0063063335177657	-0.0018322010724022	-0.0122279014785116	0.0777506866569707	0.0024002808895907	-0.0034972205081203	-0.0032123123991377	-0.0258530144925683	0.0711703197504622	0.00417497268393	0.0368708705950339	0.0359445100523669	0.0627914111409551	0.0272343407586386	0.0180330646409043	8.10311	0.25464612	18.760946	21.003838	7.911568	0.14692199	18.833202	21.025944	3.0619793	3.4152162	2.734613	2.2482805
2018-10-26 07:25:00	2018-10-26 07:35:00	17.94720441500361	-5.994994483706276	16.52860138510699	-3.600712370230338	323.094	0.793	-3.71	4.942	-0.0637330849447468	0.0249059146995348	0.0340244575226116	0.0764190710052329	-1.2775534293388795e-05	-0.0637330849447468	0.0249059146995348	0.0340244575226116	0.0764190710052329	-1.2775534293388795e-05	0.0	0.0	0.0	0.0	0.0	-14.525927	6.85352	9.336323	18.57795	-14.525927	6.85352	9.336323	18.57795	0.0	0.0	0.0	0.0
2018-10-26 07:55:00	2018-10-26 08:05:00	17.566011722353288	-6.043104905312293	16.053539251075353	-3.7851790125019256	326.974	1.615	-3.45	5.355	-0.0226648253579698	0.0234329525818994	-0.0009623732822613	0.102800507916593	-0.014281234826236	-0.0226648253579698	0.0234329525818994	-0.0009623732822613	0.102800507916593	-0.014281234826236	0.0824783736176367	0.0414216824834729	0.0415649280244659	0.0272371152233288	0.012227516985114	-16.055769	12.221391	9.360257	22.35115	-16.055769	12.221391	9.360257	22.35115	0.4811797	1.0365486	1.9662752	0.6023178
2018-10-29 00:10:00	2018-10-29 00:20:00	19.8756869009868	-4.73428393376737	19.2419619025753	1.541146262718368	316.626	-1.74	-2.36	2.553	0.0067024268021209	0.0040031437530269	-0.0361045824165002	0.0904454138756929	-0.0030303295805964	0.0288706897991103	0.0090424780340136	-0.0690819934755986	0.0822962329655251	-0.003783567341788	0.0358800337341108	0.0111081313810995	0.0753230568875873	0.016384320788518	0.0074592179509963	-7.8666596	-0.103146315	12.725259	15.159478	-7.3828497	-0.48599076	12.635071	15.302689	0.83362293	2.2617767	0.61865515	0.45902607
2018-10-30 08:45:00	2018-10-30 08:55:00	21.09519632897458	4.529991430768199	20.41126846379206	-2.8045051259732774	335.098	0.477	-1.442	3.1	-0.0140086661308801	0.0077575995258379	0.0006354154780317	0.0679432970930179	-0.0060103055607138	-0.0175327478219334	0.0089007552596152	0.0059037411624269	0.064100488742888	-0.0043536212858527	0.0435401736864011	0.0360669466388156	0.0403051849336854	0.0214852160137408	0.0239433495546696	2.6032197	-3.1537142	9.384434	10.7665205	1.7236327	-3.4351363	9.910799	10.89097	2.482864	1.6975917	2.0624137	1.4738632
2018-11-03 07:10:00	2018-11-03 07:20:00	23.57860741578017	-0.8976563750731748	23.30453926411934	-3.469794986266333	352.902	2.252	-0.378	3.002	-0.0108242885529903	0.0037298683983265	-0.0041866605561281	0.0561497793567134	-0.0037627759314048	-0.0077014105999266	-0.0178471892708216	-0.0016404418804771	0.0688574402432691	0.0003848446267565	0.0479119637843628	0.0338178243935889	0.007977949485163	0.0223306234603828	0.0106034052343944	2.1066096	-0.64915437	8.5570755	8.87218	1.8815783	-0.7467411	8.707948	8.8132305	0.7062623	0.3659257	0.70270807	0.7026226
2018-11-03 08:20:00	2018-11-03 08:30:00	23.19743070264761	-1.2026289573607547	22.771881306068583	-4.256041672102462	319.662	0.482	-1.967	2.302	-0.0067213640120688	0.0024482448762748	0.0032368305158599	0.0879290681507757	-0.0005175132697599	-0.0018113226823584	0.0017985401275	0.0110859704865686	0.0841960910825222	-0.0006310799581616	0.0437338212895064	0.0486157269253491	0.0723335136293742	0.0428765659319289	0.014640814850054	3.5671296	-3.443461	5.5837893	8.737184	3.5697742	-3.7640526	5.83976	8.942415	2.7501192	3.864483	2.817271	3.1395197
2018-11-10 02:50:00	2018-11-10 03:00:00	10.794770513726894	7.057815826136397	7.825139529776256	2.3405790697453166	323.172	0.977	-5.76	7.77	-0.0081876945901138	-0.0062301320065263	-0.0612478670200483	0.2817968722785005	0.0199491834735594	-0.0199748454292864	-0.0154076533907406	-0.0776250834568863	0.2451721121690687	0.0193425711661955	0.1473624222730001	0.1481374724260138	0.2078317201053385	0.1063113116886325	0.1124685238271255	-4.5014586	-8.035448	74.48212	77.8501	-1.5208691	-14.759106	75.20972	77.79852	11.149721	17.196995	3.5319633	2.0753436
2018-11-15 18:55:00	2018-11-15 19:05:00	11.866217817821086	8.052830821160521	8.14000551875732	3.114162719160198	319.566	-3.563	-1.222	1.458	0.0092318436112581	0.0047524453650094	-0.0290283755896794	0.1166011697710782	0.0048664889063748	0.0086408771875526	-0.0011298497873539	-0.0494193490000276	0.1024208117089561	0.0074064426668508	0.0636220147782712	0.0389549493102815	0.0980080497401417	0.0502538866644269	0.0261230172920721	-8.810593	-4.1469603	39.65777	41.005424	-8.891352	-4.2280884	39.919376	41.288193	1.7957602	3.2156982	1.8506681	1.7630424
2018-11-17 12:20:00	2018-11-17 12:30:00	22.39738348266552	3.428806990875753	21.96432825483261	-2.7300661897927605	323.997	-0.192	-2.517	3.453	0.0132098525248462	0.0051588824586843	0.0063885944291282	0.1594234506092351	0.0019014008748933	0.0122217119637497	-0.0010769266104822	0.0048870692010279	0.1307805412634356	0.0027925676916683	0.1134177708056215	0.1152883458578541	0.0942849348487451	0.0993515685390227	0.0271360288020878	-1.1249695	-3.8823943	6.996635	11.8680105	0.2071863	-4.115803	5.253636	10.60944	5.9358816	4.3629255	7.5666943	5.9972024
2018-11-17 13:35:00	2018-11-17 13:45:00	21.84639688945298	2.9947691856184164	21.543423868433138	-2.0433270296394883	342.36	0.672	-1.108	3.518	-0.0153430753728555	0.0040115326900283	0.0253622638162736	0.0539716320281341	0.0019898057549945	-0.0052079030715895	0.0145051917044452	0.0255585147116455	0.0615174466209345	0.007373316666789	0.0316462289690832	0.0252116567248484	0.0308639841298569	0.0239062058401064	0.0140670184093765	1.36755	-1.7692791	10.513257	11.1233635	1.3200554	-2.4121761	10.539579	11.381645	1.5813453	2.3472211	1.2813882	1.2049699
2018-11-18 17:25:00	2018-11-18 17:35:00	15.022305982008682	9.54675597262328	11.12479110759417	3.281292247203108	316.021	-1.505	-3.763	3.915	-0.0275346745655891	0.0781895590923152	-0.0089002529015986	0.4392821223806098	-0.0189344964033533	-0.0151000854792179	0.091892871519803	-0.0097265436324146	0.398061683202687	-0.0150707144983156	0.2372133820118262	0.3224699516627808	0.2525761980273502	0.195023052621527	0.2182687396223388	-0.9152774	-7.3669643	14.932915	18.293577	-0.74675184	-7.01446	13.434173	16.584803	5.3642592	5.257691	8.340685	8.332615
2018-11-20 14:20:00	2018-11-20 14:30:00	18.865610254064297	1.9692517367481976	18.70680638575011	-1.4444906697860669	329.195	0.792	-2.388	4.01	-0.0182010294017944	0.0060110878371325	-0.0206707615841027	0.076413753272043	0.0128794030867661	-0.0126412143012645	0.0123525868841743	-0.0409922115547027	0.0735556246219624	0.0145560164834132	0.0131409883069261	0.0362499963087317	0.0598632166918589	0.0050972406632558	0.0081827505637338	4.911147	-5.4309993	14.391209	16.723345	5.0950537	-5.773744	14.407632	16.266	1.7342051	3.5410645	2.6310596	1.8763812
2018-11-20 14:50:00	2018-11-20 15:00:00	18.517397986561623	1.7636669333486217	18.39911316299356	-1.1197334919448705	332.494	1.44	-2.132	4.098	-0.0125967840200093	0.0014561440895263	0.0351696089724777	0.0496261793656214	-0.0023415849032853	-0.0125967840200093	0.0014561440895263	0.0351696089724777	0.0496261793656214	-0.0023415849032853	0.0330555726691437	0.0002352155280917	0.0031664465284042	0.0061396770722343	0.0057433913019484	5.0478187	-2.6525106	14.397518	15.49828	5.0478187	-2.6525106	14.397518	15.49828	0.6759081	0.4750005	0.39479065	0.6681905
2018-11-29 05:40:00	2018-11-29 05:50:00	15.204800409214762	2.278848082746534	15.030650388124055	-0.2608488615813215	328.747	2.437	-0.827	1.425	-0.0014478979837987	-0.0017793123883816	-0.0089802762849601	0.0954841784492534	0.0024186795942598	0.0037889077319022	-0.0022222913209812	-0.0171432287892819	0.0927752056918976	0.0046228174257307	0.0602853806198755	0.0554823013946852	0.0594831482490378	0.0349218727923238	0.0258887237187525	-11.212283	8.748999	15.94294	22.44217	-12.17119	9.566017	15.818089	22.585066	4.978125	4.3839917	3.8443062	3.4009647
2018-12-10 12:35:00	2018-12-10 12:45:00	14.635398908417288	4.744211889656261	13.835456515669522	-0.5163121803825005	333.132	3.478	-1.307	2.628	-0.0100015937862567	0.0204536120960738	-3.1680758651600043e-06	0.107312322051759	0.0019927270910492	-0.0071523367263862	0.0206614305182338	-0.0074381164274433	0.0974939917451783	0.0033227772491865	0.0713594156198395	0.0663981435914705	0.0615599635306194	0.0478848248595307	0.0425352840193736	7.8431983	-4.6714516	6.4530063	18.687971	8.282848	-4.5587626	7.681679	17.2228	7.5117645	7.127151	13.5399685	8.142051
2018-12-13 06:00:00	2018-12-13 06:10:00	16.70950043153162	7.000455235402399	15.100710291595869	1.4715197283515262	324.368	3.313	-1.205	1.66	-5.521099392694982e-05	0.0009290528378751	0.0055164549324647	0.0723043779853217	-0.0005994775313563	-0.0027428206527566	-0.0002614212251358	0.0182707884718895	0.0721688225181321	0.0038075845523201	0.037075807500114	0.0484014576728217	0.0441515848026124	0.0216807157130198	0.0179822133730495	6.039871	-6.4581285	8.726534	12.996319	6.2772107	-6.9697824	8.78735	13.571414	2.3947346	2.4858465	3.026883	2.551816
2018-12-13 23:00:00	2018-12-13 23:10:00	12.178860056740644	10.79033180474783	2.7488744298248746	4.933115237901895	328.872	4.355	-1.01	1.687	0.0599558535497443	-0.0061002664930297	0.045894390943303	0.0757509917177399	-0.0142425512157617	0.0599558535497443	-0.0061002664930297	0.045894390943303	0.0757509917177399	-0.0142425512157617	0.0	0.0	0.0	0.0	0.0	-10.022801	6.9508667	40.794636	42.579025	-10.022801	6.9508667	40.794636	42.579025	0.0	0.0	0.0	0.0
2018-12-14 03:15:00	2018-12-14 03:25:00	16.49551142667261	13.87030938623605	6.589284866667829	6.024541147898799	329.893	3.01	-1.76	3.067	-0.0053674960129322	0.0531418467416279	0.042824850807026	0.3640778555504123	-0.0068494711142151	0.0135908221072746	0.060476078898487	0.0522867497789763	0.3378899566270479	-0.0074965174019788	0.2170859457529243	0.2297871408813842	0.2067399475950549	0.1216716594877602	0.0928883050178482	0.40943512	-7.1389146	9.931393	13.524499	0.5299741	-7.1457872	8.564411	11.958883	3.4153821	5.8971405	5.8802776	6.918887
2018-12-22 11:20:00	2018-12-22 11:30:00	14.02690479756076	12.6963107256762	3.749559179084032	4.636564308230726	320.332	3.372	-1.15	1.43	0.0131867174160413	-0.0085456471408338	-0.0136091618907014	0.0779700831294827	0.0253202860442399	0.0079907900164523	-0.0071954716179224	-0.0054674026957243	0.0741173193893238	0.0189544328894043	0.0476042787620296	0.0438169787454378	0.0430375809869448	0.0197767890582385	0.0482668871128983	-1.41026	-5.0692425	13.039528	14.936823	-1.2359765	-4.90175	13.431055	14.602245	2.1088252	4.2953224	2.315131	1.6921681
2019-01-11 04:45:00	2019-01-11 04:55:00	14.080926564307866	12.969773479164893	-2.104835058490705	5.062081112216515	321.288	3.903	-1.615	2.115	-0.0111735869684341	-0.0160769566443175	-0.0094322080627019	0.1056848804745991	-0.0024256589866752	-0.0168559700546932	-0.0231434416523667	-0.0249231271075837	0.1030251088273911	0.0014437112716546	0.066352806175099	0.0596331120417249	0.0583134021481651	0.0257341403174272	0.0462078230175499	5.0276446	0.20867987	5.0361195	7.7662253	4.934079	-0.09280853	5.1251497	7.917424	1.3811941	2.155555	2.3458016	1.5575323
2019-01-19 00:20:00	2019-01-19 00:30:00	13.375569703374705	11.004790120743053	6.152344620171422	4.46627938119626	328.845	3.193	-1.002	1.64	-0.0057311810978171	-0.0015340009490868	-0.0047882876283076	0.1085143403881278	0.0026792506154702	-0.0060538997527642	0.0018250962903366	-0.0028304101768391	0.1010679981148023	-0.0011465848869177	0.0747018514385567	0.0636612883951478	0.0620738427265732	0.042060116780038	0.0483808126571019	1.6568629	-6.8232136	10.145145	15.62938	1.9739085	-8.115534	10.786498	16.333897	4.9604135	7.996876	5.690551	5.374572
2019-01-29 17:20:00	2019-01-29 17:30:00	22.71245466243836	21.822864264396333	1.6415010307587288	6.0764836783488265	342.108	-2.237	-0.352	1.095	-0.8384102578032537	-4.800956461730976	-1.5923524545902197	7.634473354839841	-6.884619085070762	-0.9695752233882944	-5.318990981905004	-1.983827554773494	7.242363874739508	-6.897422968696446	4.535153263745147	3.261436670902158	2.260936165321449	2.0782045783147027	2.545867169177147	-1.9981216	-0.2770212	1.2493635	2.4209476	-2.0166657	-0.19292353	1.3862482	2.3947906	0.16294344	0.31603113	0.34207076	0.11221229
2019-02-02 05:50:00	2019-02-02 06:00:00	8.942821578308978	7.754477072950718	4.173787111633886	1.5550291821843558	327.847	2.43	-3.232	5.138	-1.9641110099594443	6.374431091642192	-1.5132492766373733	103.85040605228644	-2.6073894565273164	-15.103811353912354	7.051436423093824	-2.005016870321157	89.31627967192185	-2.9603379591689087	86.8123783251317	59.95488656335701	24.48271523722017	31.500079184465985	22.867822773149868	-0.98430115	22.338348	71.69348	75.12815	-0.9583176	22.219025	72.02811	75.49264	1.4716331	1.4557532	1.1236278	1.1109021
2019-02-05 06:35:00	2019-02-05 06:45:00	14.331579076919652	13.639943178284824	3.4629875344464605	2.711468093151872	342.889	5.067	-0.555	1.842	-1.2456958263439124	0.1337986428850339	-0.3114303618729881	9.6250764908175	0.8463877719319302	-4.615216350734357	-0.1137443461523704	-0.2692378725055807	8.620753997052685	1.8047765162031104	9.004282323016369	3.7546129586881087	2.3885583860609	3.147059162229516	7.239992292321701	2.0717459	-4.0174203	14.654079	16.994396	2.1391187	-2.487639	14.014181	17.364265	2.4193408	6.925926	5.6411858	5.657645
2019-02-06 04:55:00	2019-02-06 05:05:00	19.963056573476305	17.268374134660434	-8.89085905494351	4.612738221878236	346.996	1.51	-1.287	5.585	-0.732731322996649	-0.1189694470290091	-0.106297037686409	7.153000638658635	-0.0574749874038533	-3.6772547632059367	-0.0630823029654172	-0.1995175230213546	6.526558216738419	-0.3783284954570091	6.407701333548115	3.014097340361259	2.248403436650632	2.143750688785044	4.135083493343208	4.9640565	-0.06496432	3.9299366	6.835897	4.929882	-0.010897923	4.3208284	6.84171	1.2179431	1.6045678	1.7842488	0.77624947
2019-02-16 01:25:00	2019-02-16 01:35:00	12.282179420073485	7.805375706366522	-9.463907852092309	0.6004831184843608	317.59	2.428	-1.288	1.37	0.0922908681832323	0.0079150495016087	-0.0194597183337099	0.1660396944445024	0.0437372650019962	0.1061580069586133	-0.0031905182901165	-0.0119203163884319	0.1592255640885369	0.0279212369090879	0.0853273270706892	0.1082816884353825	0.0483845598681432	0.0523115216191506	0.092898928535965	-4.1407433	-10.272846	29.138174	31.172762	-4.154593	-10.283208	29.147352	31.183805	0.14634919	0.11792292	0.15903068	0.17287523
2019-02-26 04:35:00	2019-02-26 04:45:00	7.63088460026789	7.44130749330224	1.624094512694911	0.4642517555553979	320.316	0.502	-1.79	2.148	0.041196740830012	0.8914019900779563	0.0103773391311356	0.9785996044507692	1.350889217953105	0.0396378025268485	0.86152828027252	0.0104917384394323	0.9317815652196304	1.3372722639358938	0.3571195891493285	0.3596939885822043	0.0375339929491437	0.3115576186025037	0.3455533138062943	22.922045	12.050894	87.41033	91.16744	22.962458	12.053312	87.33689	91.105865	1.0207407	0.69652975	2.3155499	2.5685616
2019-02-26 11:15:00	2019-02-26 11:25:00	8.696893217278024	3.0932600075891474	-7.85123339116127	2.1030590039378407	345.381	0.148	-0.752	2.892	1.0634172332515377	0.7341535304930404	-0.0259529807041415	1.5123858933039798	0.4477802910954534	1.0812409378903738	0.7449935125410035	-0.0273992584836949	1.456810477240886	0.4366949319553574	0.5648778592252398	0.6697999747066274	0.1762122588274845	0.4265792392689502	0.5343800547475228	-13.3105135	20.535295	43.74332	50.124004	-13.369183	20.752758	44.02084	50.4677	0.23051958	0.48050815	1.3237369	1.4024447
2019-03-08 11:00:00	2019-03-08 11:10:00	15.491393830020344	14.942107053109757	-4.033980518032712	0.665411700721673	327.1	2.142	-1.152	1.767	-7.692489587458	-9.88840053084644	-1.9561864000962248	13.603000661455306	-35.366767741301246	-7.857972231784958	-9.905579601161095	-1.95961588436324	13.601399717270898	-35.30005573009247	4.462228855285576	4.216169230536599	0.8498321428513927	3.76160648612425	3.637975790149676	1.5946367	-1.5696079	1.9156218	2.9918568	1.646353	-1.6727687	1.7951161	3.0105488	0.22676294	0.33866742	0.3564492	0.13456596
2019-03-08 23:05:00	2019-03-08 23:15:00	7.702634602011305	1.0028238808043743	-7.599220300602714	-0.7568464822337102	325.198	3.087	-0.955	1.465	0.6129682061369512	0.0831329093865284	0.0201074445672579	0.6413441474740337	1.6164314384453715	0.6050217747102025	0.0774291295346922	0.0189819141923561	0.6393802162476729	1.6190020978874045	0.1510139475612631	0.1639803254816174	0.0306262660577951	0.1495186405147765	0.129009740078417	-6.2815003	-26.521969	65.4155	70.86771	-6.2049136	-26.700472	65.11615	70.66624	0.2510916	0.37357804	1.051095	1.0656092
2019-03-08 23:40:00	2019-03-08 23:50:00	8.679869271227652	1.661004825661775	-8.477973013940103	-0.8378858629908149	327.76	3.445	-1.108	1.743	0.3022531597791019	0.0969961616390254	0.0213277253329325	0.335593315932947	0.919498024173038	0.3039695982379127	0.0946369228737682	0.0228251659581762	0.3364339147875665	0.925205274621673	0.0913854055041678	0.1005322802558277	0.0278712326098101	0.0884989460838327	0.0990943297974671	-5.9561014	-20.896221	52.616673	56.927856	-6.004262	-20.786676	52.675262	56.905777	0.3336137	0.4888792	1.0329003	1.1304092
2019-03-09 09:45:00	2019-03-09 09:55:00	19.704006692854385	10.603429214452044	-16.247180989569646	3.441443149958283	345.534	4.13	-0.765	2.625	-0.1020852559876483	0.0973953637669007	-0.0355144646323123	3.921209341795732	0.2851935156141048	-1.560745195020076	0.077762840016499	0.1462922203292326	2.930323497795148	0.5223499108720518	3.7740832125139576	2.2305170975757003	1.5867095306504202	2.5262311025714634	2.233153279097738	4.407236	-1.4897846	2.4904325	5.8590035	4.6609955	-1.662354	2.9730227	5.9809494	1.3944626	1.3933334	1.8465374	0.90173805
2019-03-09 16:35:00	2019-03-09 16:45:00	24.035748308446568	14.844526490407484	-18.8688152662041	1.1495651955218835	339.537	4.472	-0.355	0.892	0.0648964113044007	0.0788768588648149	-0.1564187073878883	1.3817283410616552	0.1776709817531329	0.6612307280244629	-0.0760950572504261	-0.1669850725423697	0.8289486047327451	0.2162202006061021	1.6382844683805533	1.0306316112375222	0.609484832423513	1.497790367496665	0.8035011343263884	4.8179665	0.24341209	-0.2743833	5.07108	5.0171475	0.6157132	-0.42920747	5.1222873	0.5805152	1.0802007	1.0175952	0.4133053
2019-03-26 04:55:00	2019-03-26 05:05:00	8.002909549491763	7.739244145194189	-1.6545750889487456	-1.187281799188369	334.42	-0.958	-2.83	5.91	0.0475342793007714	-0.0146574881642999	-0.0091451235846921	0.1100561813510719	0.0018439321643399	0.0846594811977242	-0.0228407373395637	-0.0111643568058556	0.1103116132105003	0.0051524676981047	0.0757038760253358	0.0661938037591564	0.010482779663778	0.0258496628715743	0.0146639820180256	28.69534	-10.449891	87.36518	92.55124	28.717422	-10.505867	87.01171	92.31914	0.82983667	0.3058558	1.0265281	1.1840546
2019-03-30 07:30:00	2019-03-30 07:40:00	17.591396274916402	3.312593127228647	-17.18741673427422	1.753519591061253	320.758	3.368	-1.28	1.572	0.0048105059133347	0.0065694080562506	0.0014526013114861	0.0855737393479006	-0.0018588198832487	0.0041116531134439	0.0036712790619687	0.0002004822741716	0.0817955783652246	-0.0032338069688041	0.0547834148586486	0.0515595722767384	0.0508292603108083	0.0314446977186678	0.0221944314611503	3.6464152	1.5410476	3.2979774	8.364215	3.9555824	1.0088837	3.854722	8.542201	4.352309	4.094408	4.385262	3.3948538
2019-03-30 08:00:00	2019-03-30 08:10:00	18.02979174878776	3.587912282275347	-17.55256051228177	2.0264096630689874	340.423	3.417	-0.658	1.88	-0.0002999003866148	-0.0005482325292358	-0.0015599269323909	0.092518861490475	-0.0031640638915339	-0.0058519629500136	0.0001992458371205	0.0009897353709524	0.0846156425316261	-4.776569052436085e-05	0.064690214769621	0.0489044531942727	0.0621423104306199	0.0433730367223088	0.0315809838304643	3.538732	3.0839827	4.0928936	8.691608	3.1669865	3.5388293	3.891444	8.744549	4.287835	3.4157352	4.1521697	3.245702
2019-04-20 13:15:00	2019-04-20 13:25:00	21.62794159380135	-1.1780103386447198	-21.373057301374917	3.0935415065669347	330.534	1.612	-1.597	2.907	-0.0100228642671092	0.0041407708279363	0.0051969805758049	0.149188772330326	-0.0001398711995245	-0.0116602733519805	0.0048352113655275	0.0164582134174056	0.1354046312525385	-0.0010705800290589	0.0903092373551846	0.0875591104748205	0.0965896800213854	0.0551293485748955	0.0302735263074781	2.3965578	1.0962029	8.826957	11.62905	2.4575572	1.1314399	9.642508	12.075562	5.2171345	4.062714	4.4406505	3.6151109
2019-05-03 17:55:00	2019-05-03 18:05:00	6.948743778833266	4.756347656638932	-4.307769721014723	-2.6642546530269517	318.562	5.962	-1.168	1.29	0.0040638519146326	0.0613601484491773	0.0051994952294649	0.0617139972836825	-0.1002894486424984	0.0040638519146326	0.0613601484491773	0.0051994952294649	0.0617139972836825	-0.1002894486424984	0.0	0.0	0.0	0.0	0.0	54.40354	-6.265204	85.12493	101.218834	54.40354	-6.265204	85.12493	101.218834	0.0	0.0	0.0	0.0
2019-05-17 00:20:00	2019-05-17 00:30:00	23.76523634686315	-0.6896770090774232	-23.108093127681425	-5.506904607617231	344.908	1.135	-1.48	5.503	0.0431061573528439	0.0153162432586908	-0.0202477937791158	0.1722230920710503	0.0080929765968397	0.0341922721515947	0.0127227120897501	-0.0174421010329981	0.143443279106691	0.0031804018425414	0.1136556166330488	0.1132663539357347	0.1075411682757626	0.1007664468955081	0.0712968874411405	4.368868	-1.6493362	17.380987	18.643257	4.4758883	-1.6066079	18.899717	20.422676	3.4713104	2.7920902	6.9292345	6.6479363
2018-09-27 17:10:00	2018-09-27 17:20:00	23.439038465643677	-13.73614722713261	18.98616680443737	-0.4783425154064272	7.094	-2.99	0.347	2.748	-0.0720266718789881	-0.0069049771881685	0.0483552368635	0.0870272894215242	-0.0083400839680688	-0.0720266718789881	-0.0069049771881685	0.0483552368635	0.0870272894215242	-0.0083400839680688	0.0	0.0	0.0	0.0	0.0	-3.0057254	0.6193548	2.325582	3.8504956	-3.0057254	0.6193548	2.325582	3.8504956	0.0	0.0	0.0	0.0
2018-10-02 08:00:00	2018-10-02 08:10:00	22.52434130209725	-6.043742432617375	21.328779614873078	-3.9875124509277255	43.823	-4.192	1.915	2.008	-0.0743094355586748	0.0122725970957873	0.0012307833574878	0.075326115525742	0.0052634250639268	-0.0743094355586748	0.0122725970957873	0.0012307833574878	0.075326115525742	0.0052634250639268	0.0	0.0	0.0	0.0	0.0	-11.442568	5.635025	5.680022	13.962397	-11.442568	5.635025	5.680022	13.962397	0.0	0.0	0.0	0.0
2018-10-02 09:05:00	2018-10-02 09:15:00	22.948224372915288	-6.46183054225629	21.54135075495257	-4.5645321810253705	27.733	-4.942	0.473	0.862	-0.0108077663231061	0.0141171619974172	-0.0015571947725397	0.0669899362238145	0.000264810934529	-0.0271244735731181	0.0121806105140712	-0.0047461298374808	0.0667941468486426	0.0001091304087709	0.0529120903136159	0.0189695254693156	0.0360808733701139	0.0170949406867219	0.0066460405278488	-4.3933887	1.0089968	4.4341264	9.088055	-4.7606697	1.2124352	2.6501918	9.823376	3.9338121	2.996497	5.380579	3.2852964
2018-10-13 10:35:00	2018-10-13 10:45:00	20.715418357430348	-0.8130739461125792	20.24465930875064	-4.315177224945588	43.736	-5.89	2.528	2.69	-0.0016438396202193	0.0030418964588155	-0.0020781238866919	0.1795924883482625	-0.001878371250383	0.0066873796341721	0.0040318106630971	-0.0056679664652582	0.1553665142821179	-0.0038430469341299	0.1252255434033191	0.1124409644101909	0.1003952946073068	0.0785266480117997	0.0807060072812584	2.2903595	3.9957154	18.787197	20.282444	1.8329978	4.263581	18.98563	20.719599	4.6268983	4.0860114	7.3148084	7.3758264
2018-11-14 22:25:00	2018-11-14 22:35:00	19.425637624061764	0.5222830457081901	19.169872551128396	3.0980793226913512	10.541	3.718	0.34	1.993	0.0058000780071871	-0.0057064095366856	-0.0107944711855732	0.0616757033976839	-0.0031832351217563	0.0052917087111178	0.0008234901313108	-0.0048086035743768	0.0594706165323623	-0.0034337582879839	0.031213920795889	0.0259487609640609	0.0510145590252138	0.0250791649148443	0.0131355303267969	2.1912293	-2.1812851	11.274716	12.508683	1.9575348	-2.7409487	10.83092	12.258966	2.8569705	3.4875681	2.2065663	2.3250618
2018-11-14 23:00:00	2018-11-14 23:10:00	19.041174150291184	0.3192619090266229	18.80327267267189	2.983399775212942	16.505	3.875	0.492	1.698	0.0253005050273286	-0.0050550337296099	-0.0052340048018468	0.123925426766686	0.0024143122555262	0.0237248095508186	-0.0129446502016408	0.0628395042369857	0.0971638322767531	-0.0002813131670438	0.0414845276640393	0.0402073286097281	0.1309761363428238	0.0763406571123078	0.0106106522452101	-0.46282303	0.8322897	8.616523	12.734127	-0.8882447	-0.96290183	9.690007	13.534624	5.181014	5.7180085	6.2749486	3.4506378
2018-11-16 00:30:00	2018-11-16 00:40:00	17.368542851697597	9.50296119122022	13.714650492435466	4.823574281656332	33.774	3.112	2.14	3.135	0.0034176310848581	0.0138188132453264	-0.0020834297598288	0.2273023879670661	0.003123011506356	-0.0033699861469161	0.0210336773014505	0.0032889250383276	0.2067564987608627	0.0019852922569635	0.1211847343926064	0.1440822274927532	0.1509136776799064	0.0822251247839102	0.0327998093491785	1.7754221	3.533109	4.438586	16.96526	1.6166335	4.847173	4.9282427	17.395302	8.218433	10.276103	10.720586	5.9655595
2018-11-24 09:00:00	2018-11-24 09:10:00	15.532705551316274	10.674806001381228	11.157191632645782	1.6820134426761917	44.68	2.188	0.767	0.755	0.0005768818077283	0.0050306958532999	-0.0009775446432739	0.1163712314061046	0.0026173141490936	0.0076549511827308	0.0038917484783876	0.0077215491122955	0.1076434777004369	0.001394611427978	0.0681229676395189	0.073843185018859	0.0750365347255625	0.0469932870238918	0.0295671311197229	2.2719407	-0.68510187	1.1990834	9.487902	1.5378821	-1.6316891	1.5947623	8.710551	4.8131857	5.5608253	6.8811736	4.2998466
2018-12-27 07:00:00	2018-12-27 07:10:00	17.530313138064948	11.161241305652302	13.228135923771044	2.78423803906078	39.703	2.922	1.035	1.248	0.0055456505782147	-0.0286994844104808	-0.0223701970888015	0.1596999658230278	-0.0021258949954248	0.010897783605344	-0.0126309583631697	-0.0214045076246013	0.1217921737268781	-0.0015223967416423	0.0718855860061466	0.1125005175117791	0.1115069681552079	0.0781566960836397	0.0511216007602852	4.912556	-0.156034	-1.3822284	6.884673	5.0975165	0.22081828	-1.5031205	6.5205154	1.9960848	2.7857018	3.6592603	1.9503995
2018-12-27 07:30:00	2018-12-27 07:40:00	17.130496066612896	10.780842602696998	13.094627853665736	2.399053675410167	30.758	2.577	1.072	1.82	0.0031716476717854	-0.0625718263672223	0.0201302847612903	0.2349626880939576	-0.0016610678403153	0.0056806393811967	-0.0500314066194401	0.0221808026998488	0.1796900247376112	-0.0046770673762041	0.0970020302979322	0.1818047134962624	0.1611636839261263	0.1325108943450891	0.0662965895991565	4.778909	-1.8071134	-0.47743955	11.06849	4.020748	-0.010252684	-0.9153894	9.02779	3.9089413	9.380571	6.1166005	6.671422
2018-12-27 08:00:00	2018-12-27 08:10:00	16.715970396521914	10.389603090668386	12.93340201602044	2.0505460905702044	29.254	1.677	1.565	2.793	-0.0200199379536263	-0.0053456669220799	0.0148506498076421	0.2091187842317054	-0.0037711854463167	-0.0256031015535861	0.0006046084518578	0.0008292880329321	0.1818451577310121	0.0007921405421378	0.1193246159732056	0.145909033646006	0.1325240343487255	0.1000483868355608	0.0664576881246039	5.5752316	-3.0351434	-0.5980833	10.952682	5.37062	-1.9243264	-0.39221007	9.937376	4.0049844	7.166455	6.816458	5.8782516
2018-12-27 09:40:00	2018-12-27 09:50:00	15.21869336937543	9.001631081419328	12.214283377237152	1.1787027032279864	27.197	1.948	1.208	2.348	0.0078083019139108	-0.0083479906904901	0.0065185943888906	0.1263191651206921	-0.0022232861172091	0.0076043758279222	-0.0097359882071131	0.0073908450097808	0.1112554141438507	-0.0024515316779494	0.0721743457745406	0.0883890645951463	0.0813075956704989	0.0620427849557926	0.0421041119418522	2.8741186	-3.5340524	7.320254	11.751016	2.3598542	-2.9182565	7.236748	11.429275	4.99316	5.719224	5.4278	4.8323913
2019-01-07 18:50:00	2019-01-07 19:00:00	12.3095552190584	8.350375174192079	8.327753809823252	3.527585879632563	37.52	4.005	1.423	1.85	-0.0228447527395808	0.0008452459668857	0.0016040274984825	0.1115063272375249	-0.0010316880656996	-0.0198681354136055	0.0115647325449035	0.0012021270238738	0.107812664030029	0.0020657831047242	0.0742750357684384	0.0651761038424108	0.0642154173778539	0.0444953293973933	0.0376469498604648	-10.240337	5.6317787	34.047592	36.39855	-10.953417	6.6322665	33.474792	36.432953	2.8870776	3.798652	5.1786404	4.5331097
2019-01-18 22:20:00	2019-01-18 22:30:00	15.41512336898027	13.113006788706082	6.189616375515051	5.230970787109398	18.34	2.82	0.61	1.818	0.0068448459753677	0.0107181606978448	-0.0063029803705767	0.2340464794537883	-0.0013551541170608	0.0009665042832638	0.0055158734973572	-0.0064798459141566	0.2056324602256758	-0.0019907852008815	0.1575769260132249	0.1418100426464906	0.1290902685993351	0.0838366098803855	0.0598450127756078	4.813982	-3.408508	2.836657	14.3280325	4.7254186	-2.8399305	3.6294894	14.475057	7.349144	8.851939	8.115645	5.981378
2019-01-19 14:15:00	2019-01-19 14:25:00	12.703251293710224	11.228594142950731	-3.802039301067473	4.564535739892874	12.75	2.315	0.53	2.32	-0.0090482990989544	-0.0068867458824153	0.005960492234227	0.1031959223375565	-0.0017532046958327	-0.0211216529831838	-0.011376495781152	0.0015022725409744	0.1002563889500376	0.0001321279057441	0.0709736652268638	0.0625354823085765	0.0496192308756438	0.03042110849394	0.0497880737546497	-2.38334	1.6771088	13.564663	14.167363	-1.880997	1.8734777	13.610104	13.986191	2.165864	2.148257	5.3156843	5.416769
2019-01-27 13:05:00	2019-01-27 13:15:00	11.154014968335929	9.60077759086714	5.402701709836613	1.7454509778144909	16.878	-3.597	0.722	2.337	-7.389119361640013	-3.350615527193204	-1.2829739247684526	27.421985808041352	1.3148336050325422	-17.63166284764805	-9.30922879096548	-2.957770210132717	24.334397556445232	3.576708374419616	24.177466727680063	12.067970836321138	4.58261638171232	8.166554730310573	5.360498860622518	-5.64853	4.858734	47.631382	48.214497	-5.5587687	4.9138327	47.716206	48.2871	0.41381025	0.4642309	0.25391248	0.27359527
2019-01-27 14:00:00	2019-01-27 14:10:00	9.902313902705908	8.277529250086646	5.220704033960568	1.5102532771626247	16.855	-4.413	0.562	1.975	-2.321032702932634	-0.7829293232502911	-0.5088577924809442	21.655208709014858	1.434456910284905	-13.083779343890807	-5.663871990806412	-1.80279161701539	19.78827192856753	2.8287960922803244	18.840900307209104	11.640460477769626	3.42030033574071	6.28405458781512	4.442138250972054	-7.195977	3.4593494	50.821342	51.449547	-7.248914	3.3492556	50.756496	51.38709	0.31506822	0.60630524	0.5838439	0.5568463
2019-01-28 12:45:00	2019-01-28 12:55:00	21.61953954461352	20.09728405943953	-4.050449181650269	6.862749206281041	44.137	1.957	1.748	1.757	-2.1496655070283457	-2.0427715467102123	-0.2025471470393018	4.829934214337043	-3.967618764639444	-3.039111310303325	-2.428418216523749	-0.2973679291077893	4.444168268035133	-3.8689080463081993	3.216712992059313	2.3556489606723336	0.961334830977334	1.5255252775868646	2.06829167206457	1.9582417	2.0043063	1.7914929	3.3982177	2.1017265	1.8054458	1.882884	3.4052773	0.3183015	0.5172602	0.35182792	0.07858323
2019-01-29 18:50:00	2019-01-29 19:00:00	22.076301502837406	21.18609201240584	1.6481121169547546	5.982999894828499	32.166	-2.53	0.397	0.572	-0.4871815417993172	-4.300946103889438	-1.5650158252935904	8.15739131624845	-6.737562825455843	-0.6976096812618972	-4.953891238275034	-2.009573565765219	7.361686594832891	-7.013533493737457	5.346672827748114	4.849745286916424	2.853770447321148	3.8591022442009866	5.882942978786271	-2.7436345	-0.9234594	1.0492005	3.1917167	-2.8306012	-1.1509751	1.0669593	3.215714	0.52307695	0.71683866	0.46675107	0.5471721
2019-01-30 05:40:00	2019-01-30 05:50:00	14.560406096992692	13.452252346008056	4.469753314439508	3.325892347572427	43.615	1.165	1.345	1.405	-4.648180967157434	-4.517957128302037	-0.5244840205899509	63.38571853693832	-5.780597463573218	-30.570152507631963	3.627973972881109	-3.6934582068223833	58.594013234904224	0.6020671281642609	56.63296494532257	28.66004776547284	15.924909067076	17.516765602486867	55.60373677465566	-1.1213601	7.026676	8.487448	11.2266035	-1.1097392	6.5208845	7.347722	10.61789	0.9257328	2.270899	3.2667232	3.6492727
2019-01-30 10:45:00	2019-01-30 10:55:00	8.078292552230641	6.580388589168887	4.625339059400537	0.748522168970363	25.998	-0.547	1.16	2.403	-2.688845616087144	1.4976132568532938	-1.1586743995144182	3.891192388081451	1.7579944035544737	-2.897186004479529	1.589916515073968	-1.1603869627974752	3.775060878371379	1.7203348876323197	1.5383540878803046	1.6119763432154908	0.466825802370535	0.9256412576285576	1.170242241094848	1.0676773	21.152935	71.70462	74.76726	1.0758927	21.151827	71.77377	74.835205	0.055116296	0.46149668	1.5317498	1.5996655
2019-02-01 18:20:00	2019-02-01 18:30:00	20.04504677085888	19.324493596805656	1.7640588379374933	5.02552128493523	7.951	4.548	0.313	2.235	-2.1840536066479648	-7.682336342181859	-3.3500110249213826	45.38279257352738	-18.017782091859157	-3.6089633337164098	-11.346665881405228	-8.473498878315615	36.32591640421116	-17.332471820124987	40.87401043510962	22.76140237538309	21.860972352380696	26.11668763954382	38.854270019807295	4.5544043	1.9723349	0.8664973	5.5024033	4.8956547	2.2599025	0.6359074	5.7458706	1.2276498	1.5708615	1.3412596	0.9385025
2019-02-14 23:10:00	2019-02-14 23:20:00	23.90145768364393	23.305445378157355	-4.061094117474153	3.4121938136988583	23.673	1.163	1.403	3.207	0.0160405193408445	-0.0623246744357778	-0.0145507138335791	0.0986941453851643	-0.0113289800281623	0.0259383701521359	-0.0688320298331074	-0.0147525621030902	0.0951566798889823	-0.0026448842438476	0.0617260363442093	0.0470191317782507	0.0168644192541315	0.0303012078428359	0.0639708585719011	3.0670297	1.3707935	2.1730807	4.0725822	3.1980014	1.3987417	1.8763746	4.075158	0.36565262	0.18349119	0.6529809	0.12592041
2019-02-22 01:25:00	2019-02-22 01:35:00	22.788994197614127	22.03135591890861	-5.483514999958859	1.9718093619872008	14.554	3.387	0.77	3.158	0.2568823155120772	-0.1885439511725061	-0.0478646437030508	1.9875112995445363	0.0913778203393745	0.7490471355297011	-0.3045573104489319	0.0152708372040272	1.737964326329299	0.1202507875405938	1.7332021116625376	1.1471022120552514	0.5930638544401323	0.9083969308970136	1.904730610727113	3.5821335	-0.07983498	3.1033275	4.809453	3.506457	-0.106496446	3.186364	4.7969184	0.41096815	0.5821449	0.40525383	0.099372506
2019-02-22 23:40:00	2019-02-22 23:50:00	9.344179631939031	4.116478637112796	-8.380309004957835	-0.3689497291182236	44.263	1.777	2.22	2.26	0.1120316675613163	-0.0055456672022069	0.0019828435936035	0.7025201668961378	-0.3828743421868366	0.1281344068894047	0.0004034034627379	0.0119151020138842	0.6976235924993245	-0.3890917380728674	0.4627929198275237	0.5316282304092277	0.0990113151251439	0.1601883212583501	0.2588119047885298	-5.9394593	-16.021751	47.229416	50.22577	-5.9425554	-16.075687	47.18162	50.2332	0.12128048	0.17071246	0.73936677	0.74436975
2019-02-23 01:00:00	2019-02-23 01:10:00	11.279616705206635	5.82616347183266	-9.657236023059816	-0.1460097956462317	8.706	2.507	0.368	2.42	0.1581265444710051	0.005922656947131	0.0066164532572416	0.6922943465079444	-0.3361488122151276	0.2038680649256135	0.0383636642247218	0.0144460703210585	0.6270518465826319	-0.3345550419805689	0.4069718239541299	0.5910033542573813	0.1049345709206702	0.2678314611632281	0.2227000230241701	-5.615238	-12.972349	37.111355	39.713055	-5.5902843	-12.995381	37.144	39.728153	0.21724029	0.24299103	0.36661574	0.42347533
2019-02-23 03:15:00	2019-02-23 03:25:00	14.069824372165618	8.39148930854187	-11.266872494508506	0.7734123044350683	39.706	1.38	1.81	2.155	0.1725567648531723	0.3652896019553788	-0.7375849461838184	26.38362659326737	2.533290180218976	-10.424574699048645	-1.7724484949484438	-0.4628519948531208	23.981784655329285	2.363681781471328	21.942763706774667	16.353557599995508	3.568902075451025	8.140778768775265	14.163527437859264	4.698692	5.8862925	12.319546	16.615942	4.248062	7.319408	10.928322	17.742912	4.4693575	6.330057	5.2390385	4.460955
2019-02-23 07:15:00	2019-02-23 07:25:00	18.039179579658025	12.22383745555567	-12.831034329000454	3.3693312882046254	38.845	-0.6	1.432	1.727	0.0246491651666326	-0.1792185673637263	-0.0463718306575022	0.7719662346559172	-0.1665259888161937	0.0679001294600861	-0.2471430142379432	-0.0574024317199754	0.716286640917611	-0.1518943995364096	0.5778730329874525	0.4792442927631013	0.3199665378715749	0.3239386905243897	0.6488544955662773	0.7382495	1.7170388	1.8258635	2.799157	1.1606755	1.7681755	1.8835449	2.792013	0.8511675	0.42751223	0.32887763	0.08453206
2019-02-23 08:10:00	2019-02-23 08:20:00	18.81533082158097	12.998402208150074	-13.03463593715628	3.8929414057486103	39.676	0.357	1.763	2.12	-0.0035554506677077	-0.1583659717027361	-0.0234017681949407	0.5447272733315075	-0.1139011060307116	-0.0020207760786214	-0.2015452557642323	-0.0262612015591221	0.5041293126733675	-0.1244134977897024	0.3839975454391245	0.3586633167104482	0.2081219381949156	0.2198192290981232	0.4238877962191684	1.07881	2.019761	1.8853949	2.996691	1.0384182	2.0150223	1.8482574	2.9825144	0.27733827	0.24653725	0.25437754	0.14222412
2019-02-23 08:40:00	2019-02-23 08:50:00	19.22107895994284	13.40680367855908	-13.136844750137842	4.138789456667509	41.366	0.438	1.995	2.262	-0.0077606748330254	-0.104341022371051	0.0041367369201649	0.4568836802603507	-0.0574164741632175	0.0072829096327116	-0.1196863834467668	-0.0043315806636578	0.4296209480495055	-0.0489288744176304	0.3343746712026365	0.3117630569332674	0.1638915858121163	0.1951531927426802	0.3701126563261578	0.63071275	2.1944683	2.293647	3.2637324	0.6671936	2.2670062	2.2341251	3.2507133	0.21281183	0.32449892	0.19579843	0.106206365
2019-02-23 10:40:00	2019-02-23 10:50:00	20.73018601836389	14.948049124996208	-13.548958971256916	4.766722914589074	44.622	0.938	2.05	2.068	0.0322721478853594	0.029358923058143	0.0300221267863148	0.4133175424593767	0.1904128076725953	0.0363925412249114	0.0498954963560657	0.0365279610086493	0.3878949303237163	0.1835756939681123	0.3101092566487048	0.2865850821333934	0.1530254163669882	0.1835453990142211	0.3795023086020118	0.99075997	2.2361705	1.9057896	3.1424522	1.0748663	2.224969	1.9536629	3.1466658	0.43119636	0.17355457	0.23175448	0.09409683
2019-03-08 12:30:00	2019-03-08 12:40:00	13.86423148466244	13.53496011714372	-2.977864177604	0.3909793981464028	30.121	1.38	1.253	2.062	-18.8254095634108	-6.509773624396726	-2.2714834582787526	250.92257042972705	-29.21167375370651	-157.13810759334402	-8.83952273602726	-21.19993011177632	228.07170389518097	-50.23385051867568	243.4249724626315	88.36495939382162	35.081679915811634	75.7271682867587	213.37761205730504	1.4212962	9.217692	11.947134	15.421792	1.3132244	8.579024	11.205559	14.962903	1.4294077	3.4228296	3.5441442	4.267106
2019-03-08 13:40:00	2019-03-08 13:50:00	12.468263504137273	12.285972379209085	-2.117801241873215	0.1607934676172546	29.054	2.22	0.67	1.213	59.78355583105002	-18.265433248431712	6.757208337011504	818.4956643289505	21.29448407682032	153.88492200950705	50.51463360333479	17.148048097399442	682.8891286710599	8.545231558140147	792.3226805009681	467.4689192052126	80.0417153897804	432.11954781107073	474.4950370203234	2.8691254	3.020324	12.1380205	17.49011	2.9511938	1.3135451	10.8675785	17.568094	5.0858006	9.674336	9.450196	8.218652
2019-03-08 14:10:00	2019-03-08 14:20:00	11.828935573792778	11.700483014594866	-1.7366287616078624	0.0694315422065999	32.192	2.152	0.828	1.285	20.32772551741983	4.171097689719875	1.6868791361647917	31.27384382799498	25.183036937979143	26.108147904849957	2.2512726770118103	2.144857158154758	29.0675916285464	25.547971867677376	22.42855491077378	10.14530347492304	2.10227503702478	8.111322481946672	4.9633793312248216	-1.5645505	0.031985622	42.718246	42.788376	-1.7498331	0.3190066	42.817673	42.938606	1.4506829	1.1981847	0.9752357	0.9713831
2019-03-09 04:00:00	2019-03-09 04:10:00	14.416742628797726	6.007157245346543	-13.104005921315704	0.1977159026623864	29.934	2.82	2.045	3.555	-0.3991718504968343	-0.035180203131733	0.2905815711670084	8.999735305965682	-0.9909889945790056	-2.430869868330768	1.5708620170455423	0.3116842346666059	8.29771073316436	-0.914724468222609	6.751099059845132	6.198195846161682	1.97767875155958	2.675062876376203	7.460596566315864	9.825083	9.141156	14.757603	20.821781	9.421058	9.08839	15.152137	20.46824	3.1914916	4.21598	3.9299107	2.7816534
2019-03-09 10:45:00	2019-03-09 10:55:00	20.449355090215665	11.297698444281496	-16.65237056755492	3.6381536862315063	18.051	3.783	1.228	3.758	0.0548770273240837	0.0387963597680136	0.0204813511298774	1.355652761727946	-0.0502619390157734	-0.0942243917619776	0.1193509471655209	0.0124575034638906	1.2253536332060788	-0.0683752653440471	1.1862038015807224	0.7162196105569547	0.5996071186380727	0.6683714589769979	1.403262902803894	4.053332	0.8770018	3.8551137	5.76149	4.024256	0.91624445	3.815252	5.745244	0.30976534	0.9987615	0.4080757	0.35463515
2019-03-09 14:35:00	2019-03-09 14:45:00	22.93999572580311	13.71917978658199	-18.199556552249994	2.6079164840305964	12.561	3.647	0.762	3.445	-0.1507716757367487	0.0622366648552043	0.0468014507986281	0.5000148646157839	0.0165264810219035	-0.2843217690031283	0.0908969914559453	0.0481678108032564	0.4353820241741968	0.0144556879882638	0.4238197783713428	0.2342567891662674	0.1860726829351459	0.218868688397378	0.2106502671771508	3.7110357	0.27174458	3.139924	4.971641	3.6804447	0.16129015	3.3353186	4.969802	0.47405732	0.6420134	0.61712533	0.07276028
2019-03-26 18:30:00	2019-03-26 18:40:00	16.70900313801073	3.5910745834039446	-16.281300866342978	-1.1004434424008185	26.642	-1.51	2.503	4.963	-0.0117401934737675	-0.0211146256283884	-0.0139653057531552	0.0868028402133553	-0.0067114989778464	-0.0167369495569731	-0.0279549053512056	-0.0220025962693232	0.0893312571578695	-0.0069370174625556	0.0261520060279775	0.0467106302935868	0.0678761382589152	0.026775675538765	0.0119501674153428	6.1616464	9.334298	16.065992	20.433847	6.1946115	9.978683	15.760305	20.618008	2.4065714	4.5364203	3.4627073	2.007519
2019-03-26 20:15:00	2019-03-26 20:25:00	18.275554034882315	4.640928177611831	-17.51706775526453	-2.3681054878029624	32.298	-0.605	2.973	4.68	-0.0018946797463355	-0.0068870126600943	-0.0363791613141328	0.0925991574174146	-0.0039233115727024	-0.0189147485595639	-0.0302376035954066	-0.0525565263288022	0.0956673766842607	-0.0066637721043326	0.040954847787017	0.0535775612827434	0.0530460004637225	0.0127119225016179	0.0140215596379697	5.9872556	6.832637	15.643729	18.65629	6.3948507	6.333288	14.118655	18.131872	1.8240991	3.1523738	3.5514235	2.2536008
2019-03-26 22:55:00	2019-03-26 23:05:00	20.36803494912934	6.1458777937253215	-19.10367623216337	-3.483394894829541	10.934	-0.933	1.07	5.565	0.0131077928403018	0.0049092917124123	0.0018555737148349	0.0813034798305411	-0.0031222806100912	0.0194318953027203	-0.0061582553828468	-0.0199279758434173	0.0780892489298149	-0.0006684204040166	0.051141253290361	0.0362576774420576	0.05212841904726	0.0153792630995672	0.0160799458068636	-2.338536	1.6456572	5.6480217	6.607417	-2.3500304	1.70129	5.6164627	6.6225104	1.2554618	1.1637303	1.0311071	0.6424681
2019-03-30 08:30:00	2019-03-30 08:40:00	18.455081673683924	3.859916121782232	-17.90323363696278	2.272450359023902	39.709	4.175	0.703	0.868	-0.0148256460314644	0.0034755548388222	-0.002814941135126	0.0916857539032888	0.000412090520715	-0.0290470235695348	-0.0072497794622229	-0.0043825825597381	0.0942499348512288	-0.0003010618433801	0.0579261953684061	0.058380484691808	0.0451855107047823	0.0252780768024176	0.0180768117041421	8.26037	6.6773334	4.955373	12.739557	7.8475275	6.5038414	4.5675364	12.550777	2.654139	3.3920817	4.126215	3.2643867
2019-04-01 22:15:00	2019-04-01 22:25:00	16.65493789488764	12.854165370196618	-9.705784946786697	-4.237234220134261	10.116	4.775	0.288	1.603	-0.0035870732860012	-0.0075126187763649	-0.0156422215362686	0.0726720851122833	-0.0035172137841855	-0.0035870732860012	-0.0075126187763649	-0.0156422215362686	0.0726720851122833	-0.0035172137841855	0.0424346136678829	0.0548380254782763	0.0126516969919495	0.0008512273113347	0.004568674982061	4.6259737	0.13666636	1.4771674	4.9521093	4.6259737	0.13666636	1.4771674	4.9521093	0.5704529	0.93402344	0.25683755	0.5837195
2019-04-16 23:30:00	2019-04-16 23:40:00	20.46141912389225	-0.4600546845023945	-20.199321297767604	-3.2318580067956133	40.06	2.345	0.922	1.078	0.0453264881073618	-0.0277411243804723	-0.0502099283385831	0.0731101730937994	0.0135299865941119	0.0453264881073618	-0.0277411243804723	-0.0502099283385831	0.0731101730937994	0.0135299865941119	0.0	0.0	0.0	0.0	0.0	6.8026547	4.022855	2.3476274	8.244442	6.8026547	4.022855	2.3476274	8.244442	0.0	0.0	0.0	0.0
2019-04-19 08:15:00	2019-04-19 08:25:00	18.42278143166637	9.686809913103458	-15.589793873222083	-1.5880759904849402	37.918	-2.592	2.545	3.228	0.0542654055348397	0.0415788584870118	-0.0044381832660356	0.0685071761324789	0.0071931845386229	0.0542654055348397	0.0415788584870118	-0.0044381832660356	0.0685071761324789	0.0071931845386229	0.0	0.0	0.0	0.0	0.0	-3.4596982	2.0749068	2.7056727	4.857511	-3.4596982	2.0749068	2.7056727	4.857511	0.0	0.0	0.0	0.0
2019-04-22 19:30:00	2019-04-22 19:40:00	18.94140500859929	8.775474943961191	-15.86368866663503	-5.487102589365773	33.023	-2.698	0.91	1.533	0.011318550315518	-0.0209683451547833	-0.1156483374773885	0.1180775975410195	-0.0405424516841643	0.011318550315518	-0.0209683451547833	-0.1156483374773885	0.1180775975410195	-0.0405424516841643	0.0	0.0	0.0	0.0	0.0	-2.235614	-1.3049892	-2.3940544	3.5259697	-2.235614	-1.3049892	-2.3940544	3.5259697	0.0	0.0	0.0	0.0
2019-04-30 22:10:00	2019-04-30 22:20:00	19.308181447655176	-5.112215958631041	-18.548139853020103	-1.6238225345480837	16.474	1.627	1.105	3.733	0.0327007569272088	0.0291659787366124	0.0583819145633627	0.072996176388635	-0.0116789286864897	0.0327007569272088	0.0291659787366124	0.0583819145633627	0.072996176388635	-0.0116789286864897	0.0	0.0	0.0	0.0	0.0	8.096117	0.9672057	17.279423	19.106571	8.096117	0.9672057	17.279423	19.106571	0.0	0.0	0.0	0.0
2019-05-17 02:55:00	2019-05-17 03:05:00	22.308997225715967	0.0415268559888574	-21.98290034934933	-3.7998598377472734	10.132	2.815	0.832	4.642	0.0082294146638896	0.0144753995402813	-0.0119235123154336	0.168235804755582	-0.0225468260296589	0.0073275191250457	-0.0024288746177482	0.0024152498865114	0.1276511767742113	-0.0033891790951516	0.1081241266698022	0.1174464963530698	0.1228005639714046	0.1126083007027152	0.1129235135444412	8.527194	2.6223068	13.779454	17.034729	8.461074	2.520184	14.274491	17.871792	3.4179559	3.5007982	5.6603003	5.937836
2019-05-20 16:05:00	2019-05-20 16:15:00	21.52232169618739	-0.91240981069701	-21.473711377300464	-1.118246404960902	43.836	-3.795	2.185	2.157	0.0045769189252893	0.0025862798742483	0.0122730591149491	0.1047785378339123	0.0070539691767404	-0.0003400976199693	0.0011760043109648	0.007827624101997	0.0871571205710434	-0.0005026060869047	0.0639901715918077	0.0680466281159785	0.0716956477510441	0.0553631157415127	0.0395429120296052	-5.48294	-1.2458346	5.3693643	10.24656	-4.7794185	-1.3153812	5.421841	10.1137	4.8247914	4.337959	4.5932293	4.318228
2019-05-25 15:00:00	2019-05-25 15:10:00	22.588640407507665	-12.164037718610906	-18.039797964242435	6.0698852901439535	35.0	-0.907	2.138	3.077	0.0236271754601921	0.0378600316647402	0.0315382615084731	0.0546469336455274	0.0100971286443261	0.0236271754601921	0.0378600316647402	0.0315382615084731	0.0546469336455274	0.0100971286443261	0.0	0.0	0.0	0.0	0.0	3.8246698	4.9600368	13.145841	14.561703	3.8246698	4.9600368	13.145841	14.561703	0.0	0.0	0.0	0.0
