Start_str	End_str	Rmag_avg(Re)	x_avg(Re)	y_avg(Re)	z_avg(Re)	Clang_avg	IMFBx_avg(nT)	IMFBy_avg(nT)	IMFBz_avg(nT)	Jx_avg(uA/m2)	Jy_avg	Jz_avg	Jmag_avg	divB_avg	Jx_med(uA/m2)	Jy_med	Jz_med	Jmag_med	divB_med	Jx_std(uA/m2)	Jy_std	Jz_std	Jmag_std	divB_std	mms1Bx_avg(nT)	mms1By_avg	mms1Bz_avg	mms1Bmag_avg	mms1Bx_med(nT)	mms1By_med	mms1Bz_med	mms1Bmag_med	mms1Bx_std(nT)	mms1By_std	mms1Bz_std	mms1Bmag_std
2016-10-07 11:20:00	2016-10-07 11:30:00	8.709172862746483	4.833475624087036	5.572219636384173	-4.629763415098015	328.722	-3.862	-1.583	2.605	-0.0346603582499313	-0.0634627188000457	-0.0205413386394711	0.0751718278652894	0.0052234212977623	-0.0346603582499313	-0.0634627188000457	-0.0205413386394711	0.0751718278652894	0.0052234212977623	0.0	0.0	0.0	0.0	0.0	34.462566	59.008205	14.809382	69.92106	34.462566	59.008205	14.809382	69.92106	0.0	0.0	0.0	0.0
2016-10-11 02:05:00	2016-10-11 02:15:00	8.171799665738078	-1.6729442578245906	7.89432625673501	-1.2869784481019086	336.482	6.193	-1.172	2.67	0.0459954786569155	-0.0390659772316384	-0.0421382789577771	0.0736027797536553	0.0219750228853419	0.0459954786569155	-0.0390659772316384	-0.0421382789577771	0.0736027797536553	0.0219750228853419	0.0	0.0	0.0	0.0	0.0	-25.563305	26.096643	40.660053	54.66038	-25.563305	26.096643	40.660053	54.66038	0.0	0.0	0.0	0.0
2016-10-11 14:10:00	2016-10-11 14:20:00	11.053431242031044	4.726061739182274	8.556772905294546	-5.159602914874911	325.663	4.008	-2.382	3.412	-0.0053001742490286	0.0010464752476859	-0.0038756253318055	0.0715945840246561	-0.0014092457442367	-0.0057903233657909	0.0057094386828582	0.0015885796651372	0.068777835322912	-0.0007976568447069	0.0167523587527126	0.0515974306201388	0.0515203506221277	0.0227091582003757	0.0043005896486761	1.4907161	29.313602	24.016195	38.12313	1.167604	30.35437	23.989094	38.06078	2.4066286	3.1050138	1.5577904	1.6655086
2016-10-12 12:00:00	2016-10-12 12:10:00	9.790044371097936	5.336385689419408	6.574531536662143	-4.913349474824144	317.75	2.315	-1.525	1.662	-0.0401518743590206	-0.0649130323484536	-0.0211049146375756	0.0791914907365261	9.8517201494276e-05	-0.0401518743590206	-0.0649130323484536	-0.0211049146375756	0.0791914907365261	9.8517201494276e-05	0.0	0.0	0.0	0.0	0.0	17.50911	40.883976	17.440548	47.772804	17.50911	40.883976	17.440548	47.772804	0.0	0.0	0.0	0.0
2016-10-16 13:55:00	2016-10-16 14:05:00	11.20792417994751	5.427301895697142	8.453608867181105	-4.969485220329598	336.284	3.745	-2.12	4.815	-0.001617173374762	-0.001447669346395	-0.0023202566196227	0.1032284850330125	0.0040043790978402	-0.0021799568476929	-0.0035093806338292	-0.0056092710797646	0.0929379685272666	0.0039351021366825	0.0555897854133771	0.0716316554789443	0.0754025433321106	0.057103732931752	0.0213920035487747	9.446331	2.9691663	14.93293	21.362085	8.989456	2.0723	16.631756	22.717417	6.250103	9.249741	8.821996	8.194623
2016-10-16 15:40:00	2016-10-16 15:50:00	11.771868720532716	4.8223993260590765	9.739123085818672	-4.524128570119872	333.879	3.765	-1.205	2.7	0.0028563169700373	-0.0044672602562177	-0.0054451093853878	0.1237027313276204	0.0036408427889021	0.0022676388961491	-0.004579567474006	-0.0014177753103532	0.1133150801492056	0.0035701848923943	0.045734514110337	0.0775317095043353	0.1069104594209129	0.0654832538310325	0.030510016791471	3.4872599	20.821444	34.234657	41.74793	2.7296824	21.814375	34.696526	42.23624	6.9314075	8.23098	5.1720977	4.1664824
2016-10-16 16:20:00	2016-10-16 16:30:00	11.891249916654798	4.542239878330704	10.13721235603126	-4.243067998202215	343.898	3.223	-1.255	4.177	-7.259504557278538e-05	-0.0191554772263867	-0.0288138203985257	0.1127828191987901	0.0022071856449226	0.0007834973764885	-0.032669229518541	-0.04939590488815	0.1051011332150755	0.0015893365957471	0.0333687841012598	0.0694222307151321	0.0907401256782143	0.0514188855898536	0.0167623449769786	-1.5953732	24.085913	34.347286	42.82796	-2.6246228	24.745428	34.213154	43.45049	5.7437325	5.4831367	4.4686365	3.346953
2016-10-22 10:25:00	2016-10-22 10:35:00	9.463349417169075	6.542513075055704	5.448707031340258	-4.1303535509609866	318.522	0.805	-3.692	4.17	-0.0109575633884465	-0.0019126690050302	-0.0013416432042899	0.2291115678959731	0.0045784613787228	-0.0062692197264118	-0.0357148284488952	-0.0263747892446741	0.2068994791968662	0.0085061119283446	0.0787867968076417	0.187878676822369	0.1438762829061589	0.0991945426900949	0.0433949461969822	7.507868	44.51381	36.753643	58.673042	7.6678667	44.260246	37.62165	58.63774	5.658405	5.0542507	5.3219676	5.6602225
2016-10-22 10:55:00	2016-10-22 11:05:00	9.860869444979814	6.576099410737157	5.9349617355698685	-4.3319397374121245	335.524	0.467	-2.195	4.823	-0.025546960982654	-0.0444151490124366	-0.0520097083025146	0.4159298575520073	-0.0003013765092928	-0.0331263742747961	-0.0443641905070314	-0.1572320216441027	0.3554201387531699	0.0015465197892611	0.1851170536714256	0.2341537359500869	0.3233802077514696	0.1612568461073264	0.0538948032273651	19.32758	19.655914	44.557594	57.614487	21.500063	19.69237	45.915672	57.791092	12.558816	19.371824	7.2420382	3.3613539
2016-10-24 17:05:00	2016-10-24 17:15:00	11.971295920195852	5.163631498791966	10.295705063893289	-3.2625491941068816	329.978	-4.713	-2.115	3.695	-0.0011095172620677	-0.0043600656724548	0.006360021062068	0.1803925042598402	0.000216763473264	-0.0032201678071122	-0.0140184097670861	0.0228647437409603	0.1597255188214676	-0.0046278410903772	0.0605140850938822	0.1102586270240442	0.1681952009611103	0.1078321864302195	0.032774851360966	-3.9786844	15.629997	27.282982	32.73901	-4.068427	16.291252	28.127024	33.038506	4.36626	6.834604	5.084016	4.9262967
2016-11-04 16:55:00	2016-11-04 17:05:00	11.853346607491051	6.445488011843626	9.668872183939571	-2.3382766455321806	349.353	-4.282	-0.518	2.895	0.0034879475753009	0.0032872530505485	0.0182758456421194	0.1086220058694738	-1.3718055255636782e-05	0.0039150493574943	0.0053490427399941	0.0353473343552721	0.1004311773206178	7.314781221054509e-05	0.0442790346351485	0.0515938845453595	0.0962281163190978	0.0494029390497707	0.0160825100271598	5.9549513	4.356923	30.462282	33.069637	3.4187975	4.7157154	29.746769	32.099335	7.8409653	7.9029355	4.4338126	5.691192
2016-11-05 11:10:00	2016-11-05 11:20:00	11.026041966693398	8.270377154322187	6.311398250675157	-3.6522472121634952	348.545	-3.912	-0.368	1.778	0.0046155536287577	0.021574197449873	0.0293174070871727	0.082409379554129	0.0018592744230113	0.0031378006742928	0.0522097812830298	0.0576641500597533	0.0790489263206529	0.0007121916404117	0.0119988826273566	0.0505160193693248	0.0550019030394017	0.0166133857448561	0.0067363750933174	7.0888243	31.408762	30.837122	44.618603	7.503288	30.813023	30.849958	44.70112	1.0074764	1.163879	0.948805	0.374035
2016-11-05 15:55:00	2016-11-05 16:05:00	11.965436550237506	7.053576349656257	9.267512085840076	-2.743932165011664	332.098	-3.485	-0.898	1.7	0.0006666175558894	-0.0022149664034461	0.0028377281318409	0.0890934466581305	0.0045197652931356	-0.0012051275017738	-0.0042328876609435	-0.0021374103483505	0.087301393312547	0.0017409820290952	0.0053163046070861	0.0383765232860106	0.0810640590268773	0.0121722314622012	0.0109311240665717	0.8680095	16.809496	32.512676	36.65295	1.1974962	16.800146	32.331482	36.57671	0.67064196	1.4109331	0.85061425	0.33484265
2016-11-07 10:45:00	2016-11-07 10:55:00	10.931349172109108	8.495135480232433	5.959004175179008	-3.437380132002668	357.493	0.685	-0.207	4.722	-2.2906815193452767e-05	0.0079563997543641	0.0148929150463362	0.108366021205205	-0.0006640214824173	0.0020523475289359	0.0270930560325551	0.0424550204324435	0.1040817776674982	-0.0001355344657429	0.0287438925547443	0.0763313133591104	0.0760774459548576	0.0313427460482253	0.0164751011330873	4.3043594	27.721601	27.734291	39.618443	4.759484	27.229275	27.713804	39.18932	2.2143528	2.8065267	2.7612271	2.6436434
2016-11-07 11:15:00	2016-11-07 11:25:00	11.169733377990092	8.498575634355783	6.342196130960893	-3.5088355729837524	354.823	0.428	-0.423	4.663	0.000658642515957	-0.0142322814005685	0.0009745119936584	0.1602826169928826	-0.0010838877170433	0.0021459643125074	-0.0578796958701726	-0.0284765166268291	0.1474707834863349	-0.0006476835729197	0.0380201276990624	0.1200986847687276	0.1107924378626357	0.0515520367041371	0.0158802404971172	1.8193659	29.751303	29.575743	42.253254	2.3695962	29.845083	29.7392	42.324997	3.8502421	2.6127222	2.5061088	2.4018376
2016-11-07 11:45:00	2016-11-07 11:55:00	11.376052728996887	8.471795885234293	6.713093395239078	-3.546237268986696	348.243	0.688	-0.858	4.175	0.0007721075422303	0.0015963079500359	0.007950606691785	0.1101604642166912	-0.0015388011007006	-0.0010881719494203	0.041325259808193	0.0382667478259713	0.1015825976540699	-0.0017829275353506	0.0262835976935689	0.0822884666753682	0.0802758692551026	0.0428656396152159	0.0170387905540399	2.800128	27.363997	29.776152	40.698036	2.7122095	27.329836	29.812603	40.598747	2.9357808	1.8260466	1.7632904	1.4074613
2016-11-07 16:20:00	2016-11-07 16:30:00	11.891226992649612	7.042005513957128	9.291923588599255	-2.338545238067698	318.954	2.417	-1.372	1.537	-0.0043442847656066	-0.0032691022432739	-0.0114294278061193	0.1060213423980864	-0.0008735330785385	-0.0026398077156889	-0.0025973869276531	-0.0106767252906854	0.097706510133304	-0.0016122204774832	0.0413977164509573	0.055117138461948	0.0924582457242282	0.0471154295074749	0.0144150392796771	-0.7708565	11.107659	30.106947	32.494675	-0.65368295	11.162164	32.334522	34.42787	2.6775088	4.4180303	8.655727	8.724031
2016-11-07 16:50:00	2016-11-07 17:00:00	11.80203067763184	6.77232530896667	9.43853249488145	-2.082021083458812	327.489	3.142	-0.922	1.395	-0.0180940334177431	0.0159067819519854	-0.0130869473356419	0.0274169281276418	-0.0010758213161072	-0.0180940334177431	0.0159067819519854	-0.0130869473356419	0.0274169281276418	-0.0010758213161072	0.0	0.0	0.0	0.0	0.0	0.39181128	13.780683	30.551676	33.51814	0.39181128	13.780683	30.551676	33.51814	0.0	0.0	0.0	0.0
2016-11-09 22:55:00	2016-11-09 23:05:00	7.805940448177293	1.8846738496634816	7.560364988661455	0.4672014010424513	328.792	3.433	-4.395	7.252	0.0150898052335407	-0.0195198255745239	-0.0204038928263758	0.0996447068561563	-0.0025791100119653	0.0150898052335407	-0.0195198255745239	-0.0204038928263758	0.0996447068561563	-0.0025791100119653	0.0452224070400714	0.002693309690065	0.0864930618870392	0.0250867857775088	0.0019583570507476	-24.140816	3.6565638	71.04232	75.127556	-24.140816	3.6565638	71.04232	75.127556	0.30063438	0.9426025	0.120155334	0.06289673
2016-11-18 08:35:00	2016-11-18 08:45:00	10.434948078414498	9.373746651847512	4.050961756485056	-2.146869882343509	315.902	2.432	-1.485	1.595	0.0505954535746795	0.0112964761657764	0.0043897239194219	0.0758344197718955	0.0087250228641568	0.057196256789757	0.0136435307689372	0.0058061185572798	0.0776582288095613	0.0087401807119206	0.0274920557138649	0.009089868759148	0.0493376171107075	0.015118202728359	0.0281460742380273	15.4039755	23.690952	38.123695	47.498825	15.389504	23.66608	38.14321	47.735878	1.9456143	1.4217435	0.90888715	1.5667595
2016-11-19 10:40:00	2016-11-19 10:50:00	11.496807219307804	9.796769266317837	5.511577905164876	-2.4126418046013	323.574	-0.79	-2.48	3.337	0.0091979906057474	-0.0143731746570496	-0.0007597976116844	0.1061704750323927	-0.0032103510839979	0.0090521579283585	-0.0192310617140816	-0.0067315971600742	0.0989585662679101	-0.0038375507902209	0.036647953689346	0.0761815680270504	0.0722801079801896	0.0372923119559072	0.0134533516906425	6.278067	-9.321538	19.667376	23.561699	6.294778	-9.085745	19.481592	22.495096	2.4062164	5.9605556	5.206719	5.136661
2016-11-19 15:25:00	2016-11-19 15:35:00	11.81281507353004	8.532034963706083	8.030261302725076	-1.5031531476883886	346.248	-2.083	-1.137	4.608	-0.0011842859646873	-0.0020497123765804	0.0052927006186273	0.1431895581593583	0.0014989129074351	-0.0356221700877313	-0.0076514497928698	0.0115431586051094	0.1297102624942748	0.0003819936398852	0.1234550125288913	0.06778949267161	0.0555868551070402	0.0495663279244396	0.0253513053343824	2.4829764	-2.9484143	18.104715	18.720345	2.412854	-2.9435358	17.600056	18.14098	1.7722675	2.0843291	2.6918385	2.6304219
2016-12-06 06:55:00	2016-12-06 07:05:00	10.692940680710596	10.510453875249915	1.8681415066476927	-0.6146504615623568	319.936	0.57	-4.182	4.998	0.0054115747583307	-0.0134820166509136	0.0052666233028262	0.1217739414194373	-0.0006828025837648	0.00635186126211	-0.0256772739491901	0.0074295014123425	0.1142060292533108	-0.0002827896756254	0.0353904482055019	0.0927658477524091	0.0808493216720356	0.0424793311478367	0.0186234699303283	2.8590596	-19.275764	23.833311	31.091812	2.6944723	-18.830572	23.3804	30.356619	2.9490864	4.4074454	4.937451	5.792786
2016-12-09 04:35:00	2016-12-09 04:45:00	9.267557691309612	9.252600720447704	0.0558192962121312	-0.5212748262004588	321.915	7.027	-1.95	2.49	0.0103726405414447	-0.0076698774402986	0.034507868057978	0.1162570520802755	0.0034702408903541	0.0219429227439543	0.0059154684231895	0.0479408743217949	0.0998418494201752	0.0037980222310744	0.057465436071469	0.0272758846381772	0.0962176484280304	0.0338466480757173	0.004820117533804	30.65418	4.4790277	62.13819	69.50995	30.307503	6.0151224	62.928093	69.72521	1.2794871	3.0806255	1.488871	1.6141152
2016-12-12 10:40:00	2016-12-12 10:50:00	12.00139778724628	11.469096423873957	3.529677603087061	-0.1826809358812543	348.409	4.693	-0.73	3.417	-0.0049885214819902	-0.0004454300144495	0.0003131927624329	0.2435308494311844	0.0060014639406006	-0.0105378151994209	-0.0047050316264054	-0.018264670735823	0.2101546705465667	0.0047069823607906	0.1104327610215491	0.1368530725826277	0.2015005872944115	0.1106551041825346	0.0312951878875623	4.345048	-2.9579031	21.060163	25.289175	4.501665	-3.4972565	21.28412	25.442158	8.091033	10.004324	7.084338	6.881558
2016-12-12 11:10:00	2016-12-12 11:20:00	12.002793751143004	11.388102763935125	3.788788240001628	-0.1478462819364717	356.264	4.832	-0.19	2.995	-0.0029155547713881	-0.0013420136865529	0.0216593238230601	0.3584895369695394	0.0026688204174872	0.0088648653974518	-0.011973877326902	0.0276757935849104	0.3183531038983119	0.0035083990515889	0.2095402022125234	0.2149420058264872	0.2370656549393627	0.1351738385043689	0.0490281035031009	9.205124	-4.7688966	13.044568	24.200169	7.8898573	-4.4404907	15.347236	23.995316	11.705795	9.711574	12.0061035	8.214385
2016-12-12 14:10:00	2016-12-12 14:20:00	11.40821030264114	10.213788341719168	5.068084219608423	0.3722117426439187	347.213	5.528	-0.573	2.443	0.0022435278471481	-0.0018113640835644	0.003544595719851	0.1234373118591906	0.00703459461587	-0.0015289869630358	-0.001160129001649	0.002822868528355	0.1117599308383763	0.0056613537748494	0.0497102560462686	0.062036615155799	0.1104162588817061	0.0574065332383389	0.0207968483037855	5.5400133	-5.82396	30.22235	32.66627	6.11244	-6.1705036	29.767649	32.71476	4.5361214	7.9376845	6.8268294	6.4112415
2017-01-10 02:45:00	2017-01-10 02:55:00	10.638184762332044	9.816024684873303	-4.010821442087991	-0.8530571733094257	332.805	3.235	-1.31	2.577	0.0260086449517558	-0.042451802682723	0.0579972312573599	0.0764348349691358	-0.0148747775378552	0.0260086449517558	-0.042451802682723	0.0579972312573599	0.0764348349691358	-0.0148747775378552	0.0	0.0	0.0	0.0	0.0	13.795209	-22.326778	45.789906	52.777916	13.795209	-22.326778	45.789906	52.777916	0.0	0.0	0.0	0.0
2017-01-10 03:20:00	2017-01-10 03:30:00	10.957655229938526	10.233471735558112	-3.873109966003213	-0.5857412627407768	330.027	3.173	-1.127	2.125	0.0015268177820624	0.0015774373319739	0.0043447231613327	0.1094899372370749	0.0019148745275038	-0.0007249902298518	0.0059267795728723	0.0064904521873775	0.1026405542771309	0.0016326835118463	0.0420583275270242	0.0682554362549881	0.0891279205148616	0.0490626482395583	0.0187945771319761	6.5124435	-9.033222	24.202465	28.227478	6.361412	-7.9842386	23.2999	27.64812	4.381438	8.851377	9.199109	9.754353
2017-01-11 08:10:00	2017-01-11 08:20:00	11.983639033672928	11.76708653895962	-1.8926045683806436	1.248865444140698	326.27	0.153	-3.092	4.577	0.0023134499808917	-0.0027631287329554	-3.874977076737812e-05	0.0905773960942813	0.0012827627690477	0.0033615623416528	-0.0104727252874882	-0.0109318223873604	0.0811330061178206	0.0001754923940945	0.0233526381312591	0.0678754881055569	0.063101997303128	0.0307085233515795	0.0088988058304027	-0.41636872	-13.613348	27.469473	31.154545	-0.3462245	-12.850765	26.16404	31.026695	2.3363044	4.72238	4.6624885	4.3543954
2017-01-16 06:30:00	2017-01-16 06:40:00	11.997480989475378	11.45356904892292	-3.488397437503312	0.7644662656819531	336.927	-1.647	-1.27	2.97	-0.0080690332104068	-0.0136268175153161	0.0004496935443668	0.1239504392621196	0.0051437524302076	-0.0060317656127813	-0.0248451567348658	-0.0038532328889443	0.1068386249368671	0.0046485515453874	0.0533320589295442	0.0831392375311281	0.0875410688414665	0.0480330130679508	0.0108340092224106	-3.4835715	-13.2825985	11.357527	18.196692	-2.9792752	-12.941428	11.294883	17.559021	2.2982442	2.793124	3.8166883	3.7532737
2017-01-28 09:45:00	2017-01-28 09:55:00	10.98044820414409	10.400123921686829	-3.0853555520707263	1.698943941008585	336.164	-5.03	-0.938	2.068	-0.0095582266707872	0.0050483942025507	0.0016955474698927	0.3327860269121521	-0.0059683897535175	-0.0110113639868647	0.0170358006867759	0.0080045131734263	0.3011017746615272	-0.0058331899689804	0.2026126135878104	0.2170251215094257	0.220728553142788	0.1620063266602096	0.0627071430661844	-6.1517463	-7.1932135	8.846342	26.749329	-6.0037975	-7.2325373	9.436737	27.051159	12.805355	15.252244	16.221045	10.585263
2017-01-28 10:15:00	2017-01-28 10:25:00	10.713021039195814	10.20363575833498	-2.732866425539467	1.7844477338800282	335.905	-5.532	-0.895	1.87	0.0063917192088364	0.0250972271183727	-0.0126753724430447	0.2613747342153578	-0.005661174652113	0.0093926595612011	0.0180841459057829	-0.0204009297350608	0.2423990363418369	-0.0046360243083675	0.103771945788717	0.1686074579925134	0.1928683791269919	0.0943924867478522	0.0328151004210469	-1.9344816	-3.610028	16.67145	19.759525	-1.740116	-3.5903091	17.86253	20.17463	3.529845	7.5081444	10.036701	8.5930395
2017-01-28 11:00:00	2017-01-28 11:10:00	10.24648686534678	9.830819471866048	-2.192558120337535	1.8805095374476053	323.703	-6.067	-0.855	1.218	-0.0055632246183246	0.040611036132869	-0.0062490394446385	0.1862880668277845	-0.0022929315430265	-0.0030540444797681	0.0352387332103708	0.0034845487249218	0.1714105219637816	-0.0015106293678441	0.0905578673959315	0.1180492471772704	0.1369807187138159	0.0889723652673101	0.0286521790620371	-2.0895324	-13.953877	24.791168	31.731966	-1.616075	-13.615341	22.022789	26.55293	4.983258	8.173575	22.441347	20.050323
2017-01-31 09:25:00	2017-01-31 09:35:00	10.971609926565876	10.231067979761203	-3.619617114742487	1.6118043164390947	345.266	5.507	-1.175	4.852	0.0113655228455808	0.0238179705120849	-0.0010819426866683	0.1257164398131786	-0.0119095547160054	0.0218081999729138	0.0265683265735018	-0.0132423876010369	0.1193780574675401	-0.0070318247777925	0.0715630697497666	0.0612746542457202	0.0853944219587157	0.0325742489729288	0.0266586215647477	7.696167	-2.0146794	6.235536	11.044382	7.746868	-1.1221461	6.3545504	11.107245	2.763001	3.8486326	2.4885063	2.9719114
2017-02-05 09:25:00	2017-02-05 09:35:00	10.672372221830926	9.737796703732888	-4.080116035551145	1.5573839660168558	336.767	6.323	-1.415	3.412	0.0062469091798587	-0.000382612298591	-0.0079596564110477	0.1287254046524107	-0.0020645303186196	0.0073536742466799	-0.0099738795245067	-0.0344115997756903	0.1225912791138836	-0.0010321578528228	0.0462977669908763	0.0610562561807742	0.1079346575014501	0.0324582274752743	0.021623597208785	1.6808004	7.366702	36.481396	37.99451	1.7773473	6.9521384	35.57061	36.633938	5.006929	5.600653	9.396282	9.440845
2017-02-06 07:05:00	2017-02-06 07:15:00	11.63486485290838	10.059232377938018	-5.805019363865266	0.6937335152225209	315.23	3.7	-1.148	1.145	0.0037022124214039	0.0006480512025579	0.0246000268942256	0.1278767284618783	0.0023421283173053	0.0004819167358497	-0.012652264378011	0.0471316971552213	0.1022577867555163	0.0008862066940177	0.0389924893591838	0.0817507209012783	0.1067687476832727	0.0622092442038732	0.0142572945119213	-4.432843	-18.741367	18.0307	28.74252	-4.6821384	-19.266144	17.333485	29.070683	3.3095367	8.295412	9.431614	6.211675
2017-02-08 01:05:00	2017-02-08 01:15:00	11.40912514177604	8.003722084893033	-7.607845803939	-2.8683068824919524	348.441	3.108	-0.428	2.115	-0.0002277642145871	0.0086382182176122	0.0009360487478922	0.1005733753755384	0.0032720496879841	-0.0019234277891194	0.0072213541797592	0.0054513915898871	0.0966095005416847	0.0054598250668945	0.0042077628215134	0.073658903566096	0.0685855432750416	0.0103855251285698	0.0078734418825606	-0.1549287	-32.25951	34.10735	46.987957	0.015306264	-31.891449	33.887497	47.354263	1.0112895	1.0711154	1.8571482	1.3274221
2017-03-05 07:00:00	2017-03-05 07:10:00	12.790747827451126	2.965716214029348	-12.046793845323313	-3.11116703496023	343.046	4.583	-0.565	1.915	-0.0650159205563293	-0.0044002149595683	-0.0081409929404098	0.3087262118054788	0.0026167218966054	-0.0894567240044502	0.0356654881163308	-0.0010865420916556	0.2756410703440727	0.0104677884330148	0.2363733775206886	0.2039064221323455	0.084128361790396	0.1163125856159163	0.2470513640399243	-4.5134897	-16.150225	11.33799	31.159397	-1.4436619	-15.955109	16.495356	32.13961	14.187674	13.07544	14.947182	5.875252
2017-03-05 07:30:00	2017-03-05 07:40:00	13.13712204014841	3.2800039872958062	-12.394997296888688	-2.861246316899979	349.688	5.248	-0.368	1.92	0.0532671876243334	-0.0529732543797497	0.0135350727857869	0.2497426532735312	0.0505355675603697	0.0941534196647025	-0.116932653166483	0.0097711294302827	0.2352369953395209	0.0525015877307809	0.1556864522140043	0.1866721819482632	0.0556896168575451	0.0751097372532353	0.1265019484386649	-15.535155	-19.653666	25.033491	36.771046	-14.551807	-20.395514	24.62269	37.596016	5.756856	5.2380285	6.799349	2.9971242
2017-03-07 10:20:00	2017-03-07 10:30:00	14.371328001318613	8.548169560513182	-11.545593254929368	0.402482830690702	315.039	4.798	-1.562	1.598	0.0547406232125074	-0.0282267333513613	0.0077109883952742	0.4477516830487848	-0.019788744692697	0.0773612221233881	-0.0500705013147065	0.0181907497474259	0.4172856462667563	-0.0283386419019224	0.2553790018091023	0.3812561935496281	0.0898956498197616	0.1484153681930458	0.254300060951604	5.3433204	0.3326454	12.082249	21.500578	3.5875304	0.7112889	13.551254	21.427588	11.216157	8.755829	12.203188	7.9844913
2017-03-08 03:25:00	2017-03-08 03:35:00	10.922936553720092	0.9507207653634948	-9.804650917410626	-4.719313090305451	333.458	4.56	-1.618	3.238	0.5259812169156441	-1.3899609754912774	-0.4913706865223842	1.577470726326786	1.4121628781841908	0.5349455845129227	-1.4228405556628434	-0.4625810552234217	1.6073741097472798	1.4267141795654628	0.1128999880845966	0.2699591642483597	0.1764323617790807	0.2800566889870106	0.232353626480762	-10.10228	-45.571163	8.092281	47.64905	-9.515695	-46.44252	7.832304	48.14242	4.2574167	3.4475706	2.5025158	3.1802073
2017-03-08 03:55:00	2017-03-08 04:05:00	11.392779205605883	1.274708601306774	-10.347762882003366	-4.592458753074485	340.394	4.1	-1.4	3.908	0.2363469179060967	-0.3573097394030566	-0.0672097017103369	0.4463183764164881	0.3095979936116594	0.2425356080149364	-0.3413298377807574	-0.0567612228831154	0.4302937118092864	0.3023977057506653	0.0652039942664193	0.1092661084937463	0.0686677843498798	0.0987576543571076	0.0727425727657774	-14.292334	-41.956234	13.675817	46.44539	-14.400425	-40.35454	13.800024	45.134247	1.8454888	2.7612717	0.92587835	2.5175292
2017-03-08 12:35:00	2017-03-08 12:45:00	15.725082892152695	5.939049351858529	-14.482333037766162	-1.5057291315699468	319.223	4.52	-2.267	2.58	-0.0153083300935173	0.0483661461793265	0.0071434116896166	0.4847560938410227	-0.0738274607413933	0.0358871015393486	0.0282337815597003	0.0212707912810286	0.4441592284182619	-0.0507428358036443	0.3765358491785904	0.3265121587036432	0.1470465314704662	0.1940317108013612	0.4030254142722845	4.140782	-0.73172456	3.1469088	19.133665	4.6841645	-1.7073071	6.579752	18.416735	9.402095	11.777429	12.389583	6.4881673
2017-03-10 17:25:00	2017-03-10 17:35:00	12.951023349222003	8.454170607863473	-9.77723362565562	-0.8127754712835612	347.845	-3.037	-0.342	1.645	0.3178839131599482	1.6130650875870067	0.8571062605176287	1.9247447909645168	-0.3219913779671912	0.3549587692391451	1.6255402384304465	0.8482259009999207	1.920492183977812	-0.3654268319681115	0.477559900872949	0.4095620418457822	0.2534582310002767	0.4393897932541089	0.4029995840411786	2.3847356	0.87736607	36.53221	36.681473	2.3238254	0.8353121	36.495995	36.602386	1.4052283	1.6055281	1.1703281	1.2044728
2017-03-10 19:40:00	2017-03-10 19:50:00	10.80776302340682	7.784216551293732	-7.461658291169182	-0.7321406052217515	323.938	-2.813	-1.162	1.592	-54.373057062049895	7.779771708501076	-19.501981962619183	58.30575596496834	-54.4906952251586	-52.68930571939191	8.378723694113791	-18.43195035825283	56.44557327145279	-54.51074689935585	3.4879003327646387	0.8528489295457808	1.9965480408578715	3.820904086808563	0.1486304619408301	4.4123816	-0.86999774	44.756653	44.98231	4.3999724	-0.86121076	44.75477	44.97847	0.110150084	0.10547807	0.06568193	0.0565652
2017-03-26 23:20:00	2017-03-26 23:30:00	18.539918340212903	4.384945999317643	-16.82207003909844	-6.4434475870608034	329.888	1.692	-2.75	4.725	-0.2484348169462274	0.4250652523548276	0.1094353676970748	0.5057632399206567	0.0085818913134945	-0.2485785058181444	0.4204457468920689	0.1075470716498518	0.5021866502894409	0.0025933064790015	0.0333712085859013	0.0313929948283082	0.0201266721307384	0.0329273821669024	0.0494067612727947	2.1200352	-2.2105644	4.3924494	5.361608	2.1178904	-2.2187479	4.37645	5.40261	0.21366735	0.16357064	0.18691711	0.18778664
2017-03-30 09:10:00	2017-03-30 09:20:00	13.53500744457402	-3.844568750058584	-12.66753603895578	-2.8191149833864984	325.04	4.528	-1.95	2.758	-0.471583031037547	-0.1284296113524388	-0.1820228421803934	0.5380467822618273	0.6159056007764457	-0.4605108725987826	-0.1225005890081554	-0.1773370437757186	0.5246561793566563	0.626858941608359	0.1028648401636201	0.1218527166781371	0.0328719558943163	0.0950395748931354	0.1381392748860133	-11.928433	-18.617502	14.630997	26.5967	-11.839027	-18.636864	14.607801	27.150064	1.5769426	1.743252	0.6567581	1.2399702
2017-04-03 04:40:00	2017-04-03 04:50:00	23.700024519607457	2.880605240486451	-23.053859532287657	-4.680460189964859	332.093	4.213	-0.72	1.343	0.1038410140052853	-0.1462813837563847	0.0006561920348924	0.1814408484575946	0.0754433065696756	0.1026007993803536	-0.1505493181450789	0.0024655515992207	0.1832754520039616	0.0625978884788023	0.0263731755075612	0.0359727687361455	0.0106658111277661	0.0369349770030174	0.0241669415385635	4.1448565	-0.892787	1.3084514	4.479477	4.198016	-0.9026731	1.5586568	4.549061	0.1900192	0.27521107	0.5382524	0.15747842
2017-04-03 05:10:00	2017-04-03 05:20:00	23.556045044590075	2.9913183579761964	-23.002377731032947	-4.101689472597177	347.877	4.505	-0.32	1.392	0.0715803118790478	-0.057476460731079	0.0124324819788363	0.0971606965533006	0.0710635076471468	0.0722086505702464	-0.063456241429842	0.0103267324576206	0.0949765724784457	0.069653337518959	0.0025853348600191	0.0319364093260466	0.0075547844980496	0.0150114358439074	0.0109905979938686	4.65471	0.514596	1.5311494	4.929661	4.664941	0.5450828	1.5105271	4.93419	0.046054795	0.13572246	0.08017715	0.031057278
2017-04-05 02:50:00	2017-04-05 03:00:00	23.097490882945905	-3.107745877807188	-21.504525961313156	-7.834968376974104	335.232	2.142	-3.415	7.415	0.0572702838498384	-0.1205409607130943	-0.0191557808581908	0.1380064441814901	0.0432532940568329	0.0574848155826025	-0.1205498268585064	-0.020414726069633	0.1374219637111138	0.0413569732463927	0.0294227256478015	0.021551477687792	0.0109318667966902	0.024100676614545	0.0185335789360527	-1.9894819	-11.304293	23.004448	25.78709	-2.1387544	-11.311718	22.959764	25.859814	1.4662505	1.3874825	1.0074594	1.0323219
2017-04-06 03:10:00	2017-04-06 03:20:00	22.44457737417321	2.670911777780665	-21.633410988480037	-5.349392501892617	319.491	3.66	-2.763	3.213	-0.0415915856515259	0.0568447073213233	0.0005119227385601	0.0733971499979106	0.0073000775261759	-0.0369855941808403	0.0490800598723833	0.00014682350843	0.0712615563854566	0.0252793098520743	0.0141654532710221	0.0181072866008281	0.0085303675618617	0.0132514999033357	0.0367526886375983	3.8205416	-2.1346152	3.7341547	5.785171	3.7775252	-2.2868156	3.6973186	5.824818	0.3104664	0.38421753	0.38083732	0.13370995
2017-04-10 09:05:00	2017-04-10 09:15:00	19.574415179807986	-6.333183425983492	-18.345231308145184	-2.5494069215696737	354.731	6.793	-0.345	3.698	-0.0037605860096746	0.0178949363660641	0.0039131212259858	0.0884289833512226	0.0078829223466053	-0.0141389500673981	0.0703025334096402	0.0021047332819636	0.0883833279432807	-0.0091963170031361	0.0364088143889651	0.0794291137317801	0.0066948800041593	0.01447084888928	0.0459828760406285	10.536693	2.313369	13.785836	17.900417	8.960262	1.469714	14.0970955	18.72502	3.4260051	2.0273392	1.925052	2.356148
2017-04-13 08:00:00	2017-04-13 08:10:00	21.824978779568955	-6.781187615905592	-20.563727755661755	-2.734150732556079	347.374	2.31	-0.512	2.303	-0.0099738041132285	-0.001208623752718	-0.0054543033035517	0.1181350225567935	0.0212387879502892	-0.0663494913705048	0.0163304185746761	-0.0059802474609813	0.1066503555071858	0.0235030913124339	0.1081238203412346	0.0537623389617088	0.0212045674719422	0.0347215596911645	0.0386412574206873	5.9786825	0.08551179	8.7443695	12.321024	6.84717	2.5676606	8.305386	12.79445	3.5912468	5.0812597	2.3267636	2.1303551
2017-04-18 14:20:00	2017-04-18 14:30:00	17.218619835312634	-8.787452508701803	-14.56821121362852	-2.650918425518006	355.87	-1.497	-0.208	2.787	0.043596101035285	0.10041501374645	-0.0183293452640815	0.3504437565911996	0.0431491442970249	0.0861962382699765	0.2216362419315355	-0.0034295349241177	0.3171268326301921	0.0706927862714136	0.1353739360547631	0.319933057038819	0.0686610515124892	0.1220923294855187	0.081427908219867	1.1179054	-2.6863282	7.213714	7.85257	1.4417232	-2.5342162	7.297793	8.012529	0.8003862	0.52050704	1.2008514	1.0929182
2016-10-04 19:10:00	2016-10-04 19:20:00	11.97549457595161	1.6200150470384822	11.343483194488352	-3.480042240470508	32.956	-3.883	2.508	3.785	-0.0270322264799491	0.0336620579820963	0.0333614498588373	0.0794655646422999	0.0038671709375328	-0.0343852922265111	0.0482681349041255	0.0470508567493655	0.0756832284218166	0.0040073605413841	0.0278481751821608	0.0393686194082957	0.0345369296471041	0.0134273732858673	0.005819783284917	-7.5687237	17.17289	14.951434	24.103554	-7.281086	15.280724	14.75242	22.188934	1.4812489	4.3590026	1.7299234	4.352638
2016-10-06 03:00:00	2016-10-06 03:10:00	7.781620630560675	-2.445060957731532	7.24257728118065	-1.4550694057630655	41.113	-4.222	1.203	1.387	0.1452731551668753	0.0015925897434411	-0.004948436488703	0.2006730482584243	0.0089516528350414	-0.0092631623618696	0.0065862468338613	-0.0048985927696852	0.0915282331272726	0.0118095025316685	0.3067982113937731	0.0606154597655028	0.0265078918576323	0.2817156110128125	0.0323421461761335	-29.283525	25.619062	50.48404	63.753387	-29.294277	25.266148	50.547554	63.61393	0.3095784	1.2433572	0.76397413	0.47981566
2016-10-11 17:00:00	2016-10-11 17:10:00	11.901359035972211	3.5996503389541803	10.523712946332196	-4.234747371656231	10.245	4.368	0.805	4.392	0.0164007676186219	0.0019757499311778	-0.0176880389481355	0.0785038473193061	0.0009596857354975	0.0164007676186219	0.0019757499311778	-0.0176880389481355	0.0785038473193061	0.0009596857354975	0.0066469097674967	0.0481578947303998	0.0582282190831503	0.0132962842961969	0.0024399372035186	1.5410855	21.51981	23.285091	31.773691	1.5410855	21.51981	23.285091	31.773691	0.4583521	0.6425772	1.2285795	0.48737907
2016-10-12 13:20:00	2016-10-12 13:30:00	10.678699065968033	5.085311256110757	7.851085192544822	-5.150929597029351	6.888	1.573	0.347	2.758	0.0106513061843337	0.0854524402933047	0.0460444996981811	0.0976507338834124	0.0030476903783072	0.0106513061843337	0.0854524402933047	0.0460444996981811	0.0976507338834124	0.0030476903783072	0.0	0.0	0.0	0.0	0.0	7.164096	33.861465	18.21901	39.113365	7.164096	33.861465	18.21901	39.113365	0.0	0.0	0.0	0.0
2016-10-22 15:20:00	2016-10-22 15:30:00	11.847771535728556	5.6965816535366285	9.484048636048673	-4.238929942704462	11.123	3.073	0.36	1.868	0.0004223284620478	-0.0103468434881813	-0.0133834885818775	0.0888617951022319	-0.0003959780906131	0.0006024765158099	-0.0195192699905292	-0.021622325219578	0.0845819233346463	0.0005442027383541	0.0497974651943333	0.0544263245148945	0.0582133865274541	0.0349391668519041	0.0152317619571923	0.092936166	-10.140123	-16.779362	20.40681	0.39916506	-10.104438	-16.155575	19.98986	4.4423733	3.5393124	7.488499	7.501924
2016-10-29 11:05:00	2016-10-29 11:15:00	10.530850106656931	7.437624760852015	6.238130647523971	-4.082193148936287	30.277	-1.268	2.867	5.01	-0.0020549385798117	-0.0259568840835398	-0.0197769023323967	0.1126581606912732	0.0018207153013107	-0.0039623612474596	-0.0385849768075426	-0.0296629793327193	0.1024639437564396	0.0026892942854776	0.031644420438987	0.0804879912856746	0.0931610379377111	0.0673491824387751	0.0140869733817417	6.4468923	32.473656	40.99703	53.376244	6.0602274	33.274414	40.531425	54.352123	4.3627076	6.287527	5.6609597	4.294954
2016-11-16 18:05:00	2016-11-16 18:15:00	11.011659915156104	6.628554333278498	8.776979945346131	-0.5299578807589013	39.913	2.982	1.498	1.847	-0.0272151318646683	0.0282875116230234	0.025715959204037	0.2084796090677638	0.0052902454964444	-0.016295668189999	0.0279259936405611	0.0213230687665722	0.178493730370607	0.0069763826341691	0.0997914704343198	0.1375750354193972	0.1661866375825635	0.1234570221982553	0.0409411297196491	-8.216595	16.219799	6.417984	32.359146	-6.485311	15.821639	13.74082	34.29278	9.21924	9.132762	24.184803	8.830456
2016-11-17 09:35:00	2016-11-17 09:45:00	10.939265123217728	9.501761692619825	4.838067498817708	-2.44449500911495	9.777	2.208	0.457	2.657	-0.0024864444802323	-0.0025092118216827	-0.0121651637090799	0.1191466412001388	-0.0021107613315412	-0.0043917715224515	-0.0108148509322863	-0.0195688589196881	0.1159858083855468	-0.0021228630999207	0.0389111063383086	0.0729086522651003	0.0964814458246014	0.0458580724508065	0.0199908554052934	8.866601	14.414188	33.618744	38.78017	9.744486	14.380024	33.778923	38.738636	3.5570476	8.017284	4.2954164	2.8432078
2016-11-20 08:00:00	2016-11-20 08:10:00	10.201839191200126	9.38678219817948	3.533941132463916	-1.8642375205137445	30.713	2.157	0.565	0.95	0.0006733062130773	0.0018531705911061	0.0006433905291812	0.1586182736837058	0.0026575425915846	0.0024341671346288	-0.0022881111062572	0.0050467272474612	0.1380916648024031	0.0022854786824746	0.1006026430806126	0.1135888940538163	0.1102924824815746	0.1001613953906047	0.0535666210324411	3.7752686	3.4375613	11.002821	13.888684	2.352542	2.3070233	7.683348	9.336606	5.5916815	6.914167	10.57911	12.050982
2016-11-21 14:25:00	2016-11-21 14:35:00	11.935239012319611	9.15381017702711	7.473601964931695	-1.673559990257713	42.222	-1.345	3.885	4.287	-0.0136693671862605	0.012302874860714	-0.0026094609338398	0.1024490393428911	-0.0067535747883109	-0.0228355113301089	0.0218672810772918	0.0116290012066544	0.1021584701476793	-0.0070804147584597	0.0423868341795104	0.0694927757061067	0.0656079447858826	0.0279196697566999	0.0093546585221263	-5.419762	18.91129	23.42096	30.756268	-5.586966	18.622702	22.731321	29.71987	2.013689	3.5284073	4.070108	4.7617874
2016-12-01 17:30:00	2016-12-01 17:40:00	10.359954546859662	7.5924461201329505	7.02392564259604	0.5876424042136676	41.447	-3.083	2.302	2.6	0.0031735964273292	0.0181226758719176	0.0680606794368987	0.0706217236170971	-0.0045886567928634	0.0028808117293783	0.017618891496571	0.0676071039195816	0.0701822734697986	-0.004205729828987	0.0037472748049604	0.0020617512268525	0.0038026347356666	0.0040105175879163	0.0035671679125054	-4.463264	9.543643	57.14856	58.111904	-4.471754	9.56252	57.164062	58.131718	0.15198842	0.098960325	0.049188282	0.03871211
2016-12-04 19:45:00	2016-12-04 19:55:00	8.119571029575816	5.057939267154807	6.167629055590076	1.5171106069143356	36.427	0.727	2.105	2.842	0.0126952565261781	0.0003878415735105	-0.0280479439838122	0.106421923727534	-0.0012318389830729	0.0248981209537176	0.0006614934733628	-0.0748621504523343	0.0963846875179456	-0.0008336162777196	0.0259027550405975	0.0107482068506759	0.1011141810027997	0.025158210196011	0.0097756747990697	-21.596148	3.1079388	81.628914	84.49943	-21.637985	3.1245089	81.609924	84.494064	0.48812535	0.7492648	0.1485142	0.05136638
2016-12-12 03:20:00	2016-12-12 03:30:00	8.406052243188082	8.331193954983659	-0.9171929916508972	-0.6394826494804722	40.565	4.06	1.522	1.783	0.0317440273716619	-0.0222328043697484	0.0789059662887848	0.0886997091741717	0.0137024397849733	0.0317440273716619	-0.0222328043697484	0.0789059662887848	0.0886997091741717	0.0137024397849733	0.0086393651867864	0.0074916803113828	0.003493918263347	0.0018615428681862	0.0073207675940118	42.495567	-15.112888	70.923935	84.06516	42.495567	-15.112888	70.923935	84.06516	0.3484459	0.7514367	1.8037186	1.2105255
2016-12-12 09:00:00	2016-12-12 09:10:00	11.791291264842608	11.498653879473018	2.6007506935509657	-0.2240841196423078	16.514	5.032	0.493	1.73	-0.0001978917639631	0.0100026428510389	-0.0141736270955288	0.2786944006604411	-0.0021585331864448	0.0095048700625422	0.0038959536062185	-0.0313726986145033	0.2516542036153785	-0.0009621879545113	0.1518659756159015	0.179781170173275	0.2032630180040842	0.1390352939274293	0.0651735566129254	2.2570822	1.2951072	11.970588	24.385254	3.4424813	1.5049621	14.119486	23.97098	10.368665	14.016239	15.115638	9.374052
2016-12-12 09:55:00	2016-12-12 10:05:00	11.946172044703454	11.528685140209042	3.123094768238514	-0.2129612103585936	12.408	4.652	0.648	2.912	0.0056981002709771	-0.000286003239271	-0.000845848286514	0.25776916556448	0.0027978333776738	0.0024819570226087	0.0010681326588945	-0.0016297943002255	0.235705222504671	0.0023499169120593	0.1471842696534285	0.1562892239786651	0.1928321124874595	0.1298540613908909	0.0570272840152179	5.676526	2.0724554	17.754435	26.781193	5.433992	1.310691	19.536499	27.102362	10.880029	12.163549	13.908254	9.709386
2016-12-12 11:55:00	2016-12-12 12:05:00	11.951769408546554	11.205306985020774	4.156874703764857	-0.0695050477927686	18.295	5.213	0.638	1.898	0.0024801323729847	-0.0051622396104559	-0.018922989518065	0.3274481395174969	0.004071542039399	0.0024386509703368	-0.0031906698040425	-0.037592869143815	0.2877364708686005	0.0038174519057104	0.1818778593097696	0.1891802215811674	0.2332212434133829	0.1281774377849016	0.0440155462800935	5.8081574	0.89283586	13.710761	22.104778	5.04441	1.3809927	14.87634	21.444035	9.559298	11.225641	11.254824	8.829606
2016-12-13 05:10:00	2016-12-13 05:20:00	10.104824555119206	10.09920563758032	0.1377157810612793	-0.3044812024582193	27.166	3.577	0.772	1.43	0.003793569975079	-0.0020985770919182	0.0176303612235645	0.0866085104878257	0.0023770731840215	0.0243464232678495	-0.0039316249192165	0.0668963856033983	0.0831630478630019	0.0031769955334404	0.0371151685227387	0.0093661275001833	0.0773366778254233	0.0165774715446718	0.0065506375352302	24.048384	3.7824895	53.491962	58.79671	24.12372	3.6999152	54.305405	59.688713	1.2218195	1.6092579	2.793359	2.9755962
2016-12-14 15:10:00	2016-12-14 15:20:00	10.852364165730371	9.54871714163009	5.091945027388313	0.8160501177714578	41.745	3.458	1.73	1.903	0.0706073512438379	0.1376775891261641	-0.2099305548694768	0.2852034915691202	0.1801423308083861	0.0575136124454627	0.1755795132926013	-0.150055505851672	0.2261730955371594	0.1710634308620972	0.0688555266888271	0.0753504214136498	0.156715975274046	0.147135955261651	0.1305080683514268	-0.44515595	7.267883	49.00406	49.545933	-0.49335265	6.9812336	48.958893	49.462124	0.3906578	0.4987417	0.17367809	0.22299576
2016-12-21 17:15:00	2016-12-21 17:25:00	8.671538563409007	7.223314375949026	4.452042344160609	1.7876805564678226	34.748	-10.572	2.462	3.718	-0.0020304082242934	0.0007044491496688	-0.0104373323331438	0.1137139905265125	0.0048483354935205	-0.0041135605492557	-0.0025343859793614	-0.030992448568277	0.0873809041771336	0.0016335651847658	0.0208296906743622	0.0217050204928872	0.1305133602896755	0.0715640008189828	0.0404735983279599	-3.551084	0.8632093	95.7218	96.115776	-3.7517724	1.550811	96.42252	97.062805	3.0948064	7.253802	2.6173449	2.612518
2017-01-11 10:50:00	2017-01-11 11:00:00	11.362858313864953	11.232664220615971	-0.3819550303140541	1.671648269144504	21.123	2.25	1.098	2.782	0.0080035892465079	0.0033046393646345	0.0189682252616397	0.1362791017688759	-0.0026604739032791	0.0028382517826196	0.0007729746063386	0.0467670450521501	0.1262871772280611	-0.0005439991935744	0.0425901623295183	0.0755666782090367	0.1123518123243372	0.0448324947796539	0.0242299102578132	1.5471299	8.69757	30.059813	31.973593	1.6353887	8.734574	30.749063	33.51213	2.3242033	5.988812	10.1191	10.148252
2017-01-15 03:05:00	2017-01-15 03:15:00	11.109206227531857	10.089414843933191	-4.5744736056384285	-0.830732800712183	41.652	-1.945	1.622	1.823	-0.0023070969165422	-0.0007667486100363	-0.0051008279372629	0.1110052199221965	0.0079086231914786	-0.002184402125961	0.0146880581606267	0.0025137107469424	0.1002809765408567	0.0061121847220231	0.0364589421467331	0.0823464958278965	0.0751763003159577	0.0383594338080129	0.017091284977694	6.034787	13.415192	15.438368	21.992167	5.7364388	12.297781	15.579657	21.493446	1.9034336	5.264448	4.485295	4.7464857
2017-01-16 07:20:00	2017-01-16 07:30:00	11.996783585165389	11.55176824181332	-3.056222658570933	1.0663528987450068	23.129	-0.545	1.273	2.983	0.0065592016000404	-0.0051264427483117	-0.0064368940508149	0.258985188306452	0.0045846770314592	0.00699396847796	-0.0151981525424414	0.0039200656001847	0.2238887017887721	0.0056658029838131	0.163871362245316	0.1648345930666331	0.1835539982900234	0.1440616052513879	0.0470032920059905	-1.3189147	1.053918	8.685134	16.213875	-1.1537297	1.9254048	10.243122	14.344061	7.2869906	9.14784	10.209964	7.511236
2017-01-17 06:40:00	2017-01-17 06:50:00	12.005047922303952	11.439478847415977	-3.546487891881036	0.8245857083153455	42.462	-0.66	1.513	1.62	-0.007809136531175	0.0069607488100303	-0.0114464517701682	0.1406970760700792	0.0045256146924025	-0.0078015210389889	0.0062227279457005	-0.0197837126342376	0.1234797114549143	0.0045415236996272	0.0490266705168053	0.0922694077158459	0.1095975545627099	0.0580833080078828	0.0178148848372015	2.995409	8.654893	16.673418	25.318962	3.2084613	11.101391	24.648897	27.83599	4.639285	8.842968	16.856174	10.231536
2017-01-18 00:20:00	2017-01-18 00:30:00	9.581367303952844	7.811993856020155	-5.137242562754693	-2.0932576548853064	36.406	-4.44	0.91	1.233	0.0072466341140054	0.0030865383956577	0.0088372999228389	0.341411032148724	0.0078083782707574	0.0125933814950286	-7.027923250082742e-05	0.0164791291381052	0.3089195874350163	0.0064555579848248	0.1958901513318182	0.2232824134618731	0.22641477183772	0.151889044630637	0.0736352696199445	-0.17877118	-2.098591	4.2491655	17.315744	-0.9599724	-2.8209815	5.5914507	16.495514	9.013188	9.546334	12.972483	7.9568753
2017-01-21 00:05:00	2017-01-21 00:15:00	9.661726196179648	7.628958600591797	-5.462664505057002	-2.3032475075367773	42.365	2.165	2.24	2.592	-0.0073847351542889	0.0253214536009665	-0.0192347101690748	0.0773564373334295	0.0030142164509283	-0.0029647112451558	0.0439415825677794	-0.0426395479437495	0.0798352719928778	0.0023782440094335	0.0196507057945307	0.0502037815984178	0.0501644026039432	0.0224656007653421	0.00944333666661	10.553889	-39.979996	40.18813	57.913876	9.722083	-40.995804	39.997375	58.019913	3.3977673	3.5425181	3.0007415	1.9877855
2017-01-21 00:45:00	2017-01-21 00:55:00	10.1600135658791	8.27523855753606	-5.5101458493051	-2.093411623687079	40.42	4.32	2.687	3.147	0.0625197196669804	0.0342571827241285	0.1114785474077242	0.2997132777431942	0.0121026024694651	0.0799077568016307	0.0462520091922119	0.1403793891327183	0.2683701245481191	0.0127842444922148	0.1498216449354498	0.1466201427107681	0.2352554936206758	0.1642279708527056	0.0475326943552575	16.936325	4.94876	37.455105	44.26037	16.161148	6.3460536	36.74388	42.79312	6.626497	14.202856	7.124326	7.1847873
2017-01-21 02:30:00	2017-01-21 02:40:00	11.158598216532804	9.648103635923947	-5.444004413728812	-1.337516488217867	33.186	0.135	2.267	3.447	-0.0005349503682551	0.0027857555467579	-0.0001565628203909	0.1388451197003639	0.009842420972682	-0.004330916063495	0.0091001014924589	-0.007113995529288	0.1293201796461835	0.0085521144427039	0.0597938016159606	0.0925900849760102	0.1099476309000873	0.0704755840079855	0.0227951038920015	5.8959093	11.387839	20.157757	27.374872	5.9561377	9.58009	20.917843	26.987171	4.8538394	11.670315	7.407638	6.0020986
2017-01-26 01:45:00	2017-01-26 01:55:00	11.074887486505936	9.033086631386816	-6.1135651591984965	-1.9179651037143657	21.316	1.417	1.848	4.798	0.0011445238500561	0.0219982329214341	0.0085763125864239	0.1331758631660853	0.0042091906293378	-0.0005330165019989	0.0184852332800977	0.0282968413861573	0.1178092957751627	0.0048861646065159	0.0587931661888774	0.0783014385591532	0.102735891774725	0.0544553938903302	0.0184670749357894	10.837164	13.842514	28.650864	34.702988	11.076183	12.951248	30.714123	37.263844	3.1561263	6.5416384	8.874863	7.5598507
2017-01-26 02:15:00	2017-01-26 02:25:00	11.297033288264627	9.366732455536644	-6.088897472650284	-1.6764063616983542	17.419	1.102	1.662	5.3	-0.001027669195095	0.0025858875310289	-0.0042049908366657	0.125341832016526	0.005155741345728	0.0023848332199409	0.0043623226370556	-0.0418887919823492	0.1188048104679064	0.0038449501492665	0.0502936872158351	0.0631526329908501	0.1003393060527165	0.030008938327723	0.009912232824391	9.128687	7.3317666	31.775179	34.175987	8.88664	7.6042356	32.465595	34.688934	2.5928297	3.9760325	4.6037097	4.7410192
2017-01-26 02:45:00	2017-01-26 02:55:00	11.487649325857726	9.668013647882306	-6.040469725697157	-1.416328866191293	9.847	0.862	0.945	5.453	-0.0018521086668527	-0.0022070255687804	0.0063500198219883	0.1104902440230501	0.0020620919673854	-0.0017157202308599	0.0060085463251167	0.0226129459265692	0.1027932866157667	0.0019050738330764	0.0440070425145191	0.0687864390780907	0.0819278123243028	0.0349412423935718	0.0093390864511771	7.910353	4.163491	31.151295	32.780487	7.8321457	3.5730755	32.039986	33.877182	2.4090922	4.063618	5.523033	5.3452573
2017-01-26 03:20:00	2017-01-26 03:30:00	11.6713994274074	9.979412206545192	-5.952378396644463	-1.0953031356189964	29.358	0.755	2.397	4.258	-0.0101540875042991	-0.0146166138665498	0.013368718746091	0.1146147456261486	0.0043532446378035	-0.0083798761158081	-0.0188311476478829	0.0285103745724909	0.1046313605540476	0.0040824924371626	0.0446916756727616	0.066955879872821	0.0917433617756099	0.0474996186701274	0.0131351001335132	4.1847267	-4.1847486	30.247768	31.430635	3.8502874	-4.2072268	30.37836	31.563334	2.2910285	5.6574006	3.7587082	3.6673584
2017-02-08 03:05:00	2017-02-08 03:15:00	11.921683072261294	9.059970563575872	-7.5358392785516	-1.803330443576867	34.583	2.693	1.42	2.043	0.0047904412716165	0.0136640394797909	0.0111660419420847	0.0930182200133966	0.0003725614187433	0.0235467233456299	0.0084983113558532	0.0285260349897599	0.0940120166809677	0.0014535463541419	0.0441275387432557	0.0545745326164371	0.0612252821751915	0.0188706121772921	0.0144738770877388	11.768195	13.299455	19.435837	27.203947	11.7336855	11.098562	18.970907	28.020771	3.7100146	6.0377555	5.9485235	6.218249
2017-02-08 03:35:00	2017-02-08 03:45:00	11.977111427867172	9.257648127174187	-7.45179058081757	-1.4883834423587017	33.677	2.465	1.557	2.253	0.0042991927254425	0.0004330553444506	0.0125542662057938	0.1246395200392745	-0.0002677010368777	0.0025796468089158	0.0035518110383237	0.0202938155284496	0.1181547415216818	-8.718186811779769e-05	0.059659543498751	0.0803828472826839	0.0810661300818346	0.0351233676284413	0.0199116183312052	1.888852	1.5474862	1.4675488	10.996535	1.6367774	0.8227176	1.050021	10.80772	3.7786317	7.1368275	8.97903	5.746975
2017-02-08 23:30:00	2017-02-08 23:40:00	10.71518176064106	6.815780298251153	-7.522880170780325	-3.429975268467341	34.805	3.72	2.687	3.873	-0.0002609236729647	-0.0127557693288481	0.0095951708571858	0.0989308632764692	-0.0013742319042144	-0.0100474163875473	-0.0299462240494076	0.0313244938720326	0.0936968884750643	-0.0005020188036484	0.0371261757918034	0.0606416636296996	0.0694573239444091	0.0186443952357041	0.0122552343181253	-15.686742	-16.801016	-22.257133	32.570522	-14.482793	-16.715311	-20.87819	31.450996	4.962292	6.1006856	6.9520936	8.547715
2017-02-16 01:25:00	2017-02-16 01:35:00	8.877938875461743	8.045329634397211	-3.692255009987487	0.6742357492315048	24.312	-0.11	1.23	2.783	761.5141232438726	57.82000109625185	370.1045084226293	885.6670793663359	-621.8091211424316	741.2362839072168	119.63444756157514	408.1900118869722	854.6132829738676	-605.3854452119292	203.5784133660188	206.6969365438083	73.91688233648803	159.52925614971673	92.52370628582833	-1.6168156	-16.156252	84.92671	86.46723	-1.8256096	-16.069078	84.923355	86.389626	0.39100128	0.43323088	0.906167	0.8741248
2017-02-16 16:00:00	2017-02-16 16:10:00	12.35976905701841	7.51709704240993	-9.633051825295723	-1.860161573344076	34.569	-3.373	3.593	5.248	0.1657814301946691	-0.176347476486659	-0.0300045857834902	0.5130264385604303	0.00125904328151	0.2528080873476596	-0.266959399501109	-0.0391090941635024	0.4875812612413704	-0.0181676255311894	0.3317474534975459	0.304956960000993	0.1651197691898156	0.1631126055799928	0.2796713599060667	6.161711	12.698202	19.53977	30.34184	8.313289	12.035082	20.88369	28.419481	12.845377	11.300457	10.895186	8.473233
2017-02-17 19:25:00	2017-02-17 19:35:00	12.656279064865265	7.93209576562992	-9.385730076840296	-3.028239289076415	19.536	0.578	1.702	4.795	0.0252612637110287	0.0017878686506161	0.0120195855618765	0.4988479778788715	-0.0048939347782611	-0.0094822329185198	-0.0142261115249387	0.0451361817628299	0.4623514000742719	-0.0132576384104005	0.4007388218883348	0.2618348476327841	0.2042175456611969	0.1509648637300981	0.3151100123739137	2.26219	5.4330153	11.115651	19.123419	2.4192886	4.8466187	10.110813	18.71456	7.5418873	9.143794	11.502165	8.0793915
2017-02-17 21:55:00	2017-02-17 22:05:00	12.869557039469598	8.929435196482492	-8.807435710316414	-2.884226166083369	27.434	-2.803	2.337	4.542	0.0177823419379915	-0.0278777016427308	-0.0124948269862675	0.1379913490356434	0.0112605808191628	0.0322367960223485	-0.0672349504060388	-0.0215240032265678	0.1183156128042697	0.0100422614260427	0.0619248307405043	0.1164470248459085	0.0635879256093221	0.0603813279700041	0.0403616533831016	-3.7662451	-2.7785883	10.887977	26.571714	-4.9084015	-4.8784347	13.745891	27.189281	10.940958	18.28371	14.82154	10.395855
2017-02-20 09:45:00	2017-02-20 09:55:00	12.871490915031004	9.66623972576553	-8.463739293849052	0.7763219960670028	14.892	-4.238	0.363	1.17	-0.0418027738913986	-0.0407994263985863	0.0432269877868381	0.5248218351885956	0.0413794702266765	-0.0459067355174309	-0.1726865051008421	0.0771182404539084	0.4966835186077381	0.0109820426109053	0.1902542209407065	0.4267854738354635	0.2711567086923735	0.1473470353059877	0.2518129089965342	-1.7406043	0.34507185	3.2801569	15.171264	-2.2775893	0.99355084	3.5889287	14.87793	7.54384	9.309193	10.496601	6.1229224
2017-02-20 11:00:00	2017-02-20 11:10:00	12.30524389885319	9.589604395138489	-7.634212985845622	1.0844402091799987	32.615	-4.45	0.687	1.038	-0.0239470858213463	0.1893651604109659	0.063144796903268	0.2456425065569356	0.1438534082481008	-0.0193408512389927	0.2126674019786673	0.0497335239317352	0.2565073313653154	0.1205796777535184	0.0485975820424329	0.1282074808674911	0.123136907985933	0.1184957066069563	0.1885637119573845	-4.4835477	2.9132352	26.564434	30.641972	-4.389057	2.457682	26.422653	32.420456	8.345135	10.888717	11.630824	10.899968
2017-02-22 13:05:00	2017-02-22 13:15:00	14.394876253099172	7.940908705356134	-11.950422631908069	-1.1580121605697604	22.759	0.67	2.79	6.697	-0.0035751564830028	-0.005096827267816	-0.0033590737432197	0.1194048227932259	0.0009582910440908	-0.0329356557085991	-0.014169110548431	-0.004458492990725	0.1137552735948414	-0.016525565253736	0.0909662247310827	0.0801888520027421	0.0180550017971821	0.0286987835882705	0.0694876085885172	6.2714787	5.662838	26.879803	28.654535	6.025738	5.6797714	26.700672	28.298763	3.2830842	4.2360606	2.7739277	3.0427265
2017-02-27 12:45:00	2017-02-27 12:55:00	9.118469520294768	1.3709219631302938	-8.72613407866043	-2.262617649599074	33.856	2.983	2.257	3.357	-0.0241474862498387	0.1645691087819751	0.036387578277951	0.2529261520427538	0.0676325404168778	-0.0726162999207763	0.2368914232064588	0.0390035229930583	0.2507971851268319	0.0542667068460697	0.1201066620608547	0.1540791018584747	0.023241463435337	0.0610299569620543	0.0826195681430415	-8.558842	-29.482403	35.220314	46.74365	-8.577202	-28.98258	35.16014	46.441017	0.59685445	3.1323867	2.4387803	3.752876
2017-02-27 13:30:00	2017-02-27 13:40:00	9.939518622576824	1.9986627355241515	-9.430525002457712	-2.4213127334831634	26.593	2.808	1.55	3.07	-0.1664534737497174	0.1163068873997496	-0.0298475759745602	0.2462969509008324	-0.1465057512139976	-0.1636435486869396	0.1378240288697329	-0.0313995575384572	0.2317904447336653	-0.1267544469489259	0.0480808964563666	0.1431868942226588	0.0402397520710472	0.0767869629324802	0.0889412891151687	-4.935693	-27.934174	36.50699	46.236126	-5.0275354	-28.395601	36.668076	46.741592	0.43072745	0.97830987	0.92881995	1.2904203
2017-03-01 17:05:00	2017-03-01 17:15:00	11.446173416536416	8.588125576586075	-7.56641843560228	-0.0847384453038848	9.093	5.308	1.423	8.545	0.1836552095385595	-0.0791572645892076	0.0302062733000859	0.3642149838099574	-0.0624587703989738	0.2325216770057222	-0.0858501372528341	0.0372551391377467	0.3352342690920693	-0.0927199335033798	0.2425015447187899	0.2077244955462118	0.0941370126187431	0.1381058124359682	0.1863743384775547	12.356493	15.490923	26.70785	34.12933	11.888805	15.329344	27.255383	34.126415	5.568469	3.979243	6.4462895	5.435666
2017-03-02 08:20:00	2017-03-02 08:30:00	12.760697861045982	3.546184611829036	-12.00184856478901	-2.492631660830833	33.464	4.077	1.84	2.78	-0.344415336270088	0.3923923732430335	0.0029060584997472	0.5764816983886129	-0.0497919187820588	-0.3658661972396945	0.3822338435951166	0.0070629774299089	0.511249945564198	-0.0446594288716018	0.180359478094371	0.239147145459539	0.0349697137260015	0.1766770342583344	0.1955226947668946	-9.102173	-20.138042	30.406	41.13852	-7.8786993	-23.857399	30.180363	42.075672	13.5712	9.906233	5.5864034	5.835745
2017-03-03 19:40:00	2017-03-03 19:50:00	12.777448108332427	3.257152671284826	-11.14461509527901	-5.33389090687696	25.044	3.298	2.193	4.703	0.1281355475461291	-0.1770193015905033	-0.0022898860764586	0.2908580553635865	0.0208272420584982	0.1648853845963225	-0.2174218523488724	-0.01472717017014	0.277680054241178	0.0454174532369277	0.1412421715573492	0.1391688512887772	0.0542580286539689	0.0736385819905589	0.1107114736475139	-9.788544	-27.208214	25.456604	38.846638	-9.988129	-27.776527	24.975096	38.961685	3.7488708	2.3277833	2.6930814	1.3434122
2017-03-08 04:35:00	2017-03-08 04:45:00	11.971734018001982	1.69946639101867	-11.02114792450122	-4.354858274353407	10.625	4.157	0.79	4.11	0.2902801255443677	-0.2248631501877838	0.0272158397237341	0.3734315755316985	0.0754324652897684	0.294757454145523	-0.2240698997059614	0.0319581187947832	0.3698223385983585	0.0746078803686218	0.0860145428238018	0.0529264722599948	0.0354561720155492	0.0870195443752776	0.0452688218000943	-17.44445	-32.428303	21.593592	42.816162	-18.06139	-33.491886	20.913187	43.440243	1.6191036	2.7619343	1.9989892	1.7915334
2017-03-08 05:40:00	2017-03-08 05:50:00	12.80724800267717	2.3696473081828056	-11.984803662278912	-3.843331163944491	14.739	5.195	0.752	2.833	-0.0600587191443207	0.0812399381155429	0.0086286795192966	0.3041489862129413	0.0303463869649867	-0.0574734384121267	0.1663133345914149	0.0031071137128651	0.2914410267634673	0.0490159324188474	0.1922750538865101	0.2125928586482912	0.0795263040630244	0.0791497221687964	0.1111571730952847	-17.770952	-29.300491	22.940607	41.58485	-17.985603	-29.665783	22.90069	41.491127	3.4932942	2.9457476	3.2630632	1.6807705
2017-03-08 06:10:00	2017-03-08 06:20:00	13.152442069663364	2.669870078612678	-12.372633824304843	-3.5739252854283663	26.508	5.275	1.168	2.303	-0.0828997791200407	0.0626015288361351	-0.0103022185663506	0.3393043079116339	-0.0417810740717038	-0.1859162431187705	0.1212524006836904	-0.0100103459563443	0.3269742326237013	-0.0331927959812125	0.2460622145212613	0.2054924265745005	0.0947979422087437	0.0867781526212963	0.1115958546638468	-17.94189	-23.87115	23.422718	38.475426	-17.474705	-23.653446	22.980661	38.35862	3.941736	4.2209444	3.581988	2.4885352
2017-03-08 06:40:00	2017-03-08 06:50:00	13.473790065546003	2.9640432536662176	-12.723855635255411	-3.2950962010731253	18.089	5.197	0.758	2.382	0.1186244297802805	-0.0617828846623877	0.0294438372502845	0.4420411289317331	-0.0302747820561225	0.2037596004481866	-0.1185077294046406	0.0380598762660842	0.4138289469749391	-0.0109017575835838	0.2673658766059827	0.325634170759584	0.1022363685469231	0.1064418162937501	0.1989867666200269	7.609561	1.119929	20.5044	26.228638	9.288354	1.5179874	22.01621	26.129753	10.121985	9.497643	6.6958003	5.398364
2017-03-08 07:10:00	2017-03-08 07:20:00	13.772303271531266	3.251994844204956	-13.038674943862274	-3.0150933504627115	18.532	4.87	0.917	2.667	0.0556748134702143	-0.1052967744713122	-0.011418895239042	0.3316243047596779	-0.0288583271228548	0.1314224471735234	-0.2086233870340317	-0.0067779035788889	0.3137859441475477	7.6191760838354705e-06	0.1898656733355263	0.2502838383745175	0.0664169889673941	0.0862843978728214	0.295990982879016	14.343762	5.7548018	20.080093	26.58429	13.807591	5.917841	19.947126	27.67356	5.453528	5.818905	6.246202	6.1613784
2017-03-11 09:05:00	2017-03-11 09:15:00	12.705235517139757	1.0152233594696245	-12.369978459346926	-2.7154982257914497	35.708	3.772	0.89	1.225	0.8658595062164395	0.0364712180662929	0.3545667411639251	0.9600543596783658	0.0693959514230649	0.8446542985658071	-0.0148070674763582	0.3456216277622456	0.9365097086850314	0.0175310464532435	0.1262199786060107	0.2066968749522476	0.0441844650344618	0.1251534367066792	0.1639541062948068	-13.746294	-17.992851	22.371855	32.192493	-11.472992	-18.349365	22.486895	33.933777	5.602094	3.5887747	2.9426293	5.4560328
2017-03-11 11:05:00	2017-03-11 11:15:00	14.237081235876184	2.1062707659244806	-13.875607863296048	-2.3926213436990995	37.854	3.485	0.78	0.98	0.8850112365721918	5.145514330621825	1.5541431569211392	5.45723354808397	-8.28117602745089	0.9022476408861662	5.079253458147893	1.5285965504331878	5.400904731932844	-8.175589417451903	0.1756729280758796	0.9405376239407276	0.1761501078555598	0.9165295573900526	1.245580162193008	-5.7381315	-12.173525	22.83652	26.60465	-5.4500628	-11.977191	22.970886	26.984703	1.9445877	1.4211582	1.4971763	1.691889
2017-03-13 11:55:00	2017-03-13 12:05:00	17.431560617553668	5.338720521132401	-16.515250912947042	-1.6134682102397957	20.813	3.925	0.81	2.132	0.1270400770838552	0.0538732205442526	0.0629556673226899	0.3188100598455578	0.3749455417069669	0.1789268579009928	0.0932517161113182	0.086617104818846	0.3049836591837429	0.3611335870042811	0.1917726990642495	0.2043334273515865	0.0909723689394222	0.0903878112174551	0.2195380233310255	10.495073	6.555155	7.3193655	14.772447	10.638251	6.127716	7.153081	14.846265	2.2704303	2.3273609	2.265992	2.0422246
2017-03-15 14:45:00	2017-03-15 14:55:00	16.001092160089918	7.537974573769198	-14.076791113489366	-1.0279186722049094	43.152	-4.675	4.218	4.503	0.1465062201548616	-0.1776138837377689	0.0068644231880511	1.7687630975264437	0.0718105036947149	0.5758454418900073	-0.4143606420135983	-0.0414889846984759	1.6187412204619944	0.1903939001001263	1.2642945596473685	1.2588272016445927	0.4191291645475143	0.5322507896691486	1.0993306903145	-5.384558	4.500455	3.3206077	8.941983	-5.2550907	5.0210176	3.0371222	8.884138	2.6582541	2.9381337	2.517024	1.5327427
2017-03-15 15:50:00	2017-03-15 16:00:00	15.480110378311284	7.651836673058892	-13.386632967437764	-1.3710842807126091	25.926	-2.372	2.805	5.832	-0.0890370893449375	-0.0535932577342223	-0.0536216954146376	0.684255482280087	-0.0351381624047156	-0.2397690234206472	0.0357261096606306	-0.0599315483981221	0.6382254114734411	-0.0485401239045393	0.4856765244953509	0.4682528039438672	0.1760185319086496	0.1777483056595031	0.4855602944174405	-3.4695704	4.633367	4.214084	8.229125	-3.4076896	4.151352	4.792943	7.8618274	1.9311577	2.7041998	2.8360462	1.6221087
2017-03-16 07:15:00	2017-03-16 07:25:00	8.290215575840625	-2.111276766223744	-7.479438791774146	-2.885109534075499	5.635	-3.45	0.452	4.437	-0.5789633149979555	-0.1066361695982048	-0.2559923593008025	0.6419516187380402	0.6290809283734135	-0.5789633149979555	-0.1066361695982048	-0.2559923593008025	0.6419516187380402	0.6290809283734135	0.0	0.0	0.0	0.0	0.0	-34.339508	-50.433777	28.312508	67.263405	-34.339508	-50.433777	28.312508	67.263405	0.0	0.0	0.0	0.0
2017-03-16 11:25:00	2017-03-16 11:35:00	13.11269828110284	-0.3172244317046389	-12.829273031883035	-2.6927418746083105	30.55	-3.553	1.657	2.777	0.114089692905381	-0.0707751306449317	0.0326283421511909	0.1381672387238975	0.1036451088418321	0.114089692905381	-0.0707751306449317	0.0326283421511909	0.1381672387238975	0.1036451088418321	0.0	0.0	0.0	0.0	0.0	-3.1214647	-10.140058	23.336472	25.635038	-3.1214647	-10.140058	23.336472	25.635038	0.0	0.0	0.0	0.0
2017-03-17 16:40:00	2017-03-17 16:50:00	14.26503794015706	7.834947159688898	-11.871055186166457	-1.0870377670844995	29.03	-2.698	0.837	1.465	0.0163751417366536	0.0392870218032371	0.0191895561461951	0.3439824806169405	-0.0163100281829756	0.0449373449996533	0.0495704860246029	0.0429718749050204	0.3180706992558308	-0.0151908402435844	0.2158387724757268	0.2707030821370048	0.1018134379181481	0.1186946416894325	0.2038550565129046	-4.1844115	-1.8842803	6.766592	11.20713	-4.0370913	-1.6620564	6.9238234	11.453447	4.9043922	4.8051443	5.2320576	3.9703526
2017-03-17 17:10:00	2017-03-17 17:20:00	13.85988569582777	7.788793665936257	-11.401842151108724	-1.1949244400232484	21.407	-2.04	0.813	2.105	-0.0096925912490378	-0.0305098458285336	-0.0169787341232232	0.236930490891229	-0.0211151540017998	-0.0184748634398069	-0.1121359904403449	-0.0161122085452604	0.2226798725232782	-0.0108657099608972	0.158797649547159	0.1802348996986293	0.0410805327381255	0.0675717371183816	0.2240648968818809	1.6837837	1.06539	15.429416	15.854774	1.4136319	1.2120503	16.065182	16.531818	2.1642396	2.2346025	5.2652965	5.297536
2017-03-17 17:50:00	2017-03-17 18:00:00	13.285862385100875	7.704819008124573	-10.745280470151975	-1.2990892171522477	23.18	-1.223	1.068	2.61	0.0027661883895512	0.0048900462082062	0.0016167819530783	0.2664244124428754	0.08425403954381	0.022809863259423	-0.0110220442638473	0.0045080327485674	0.2477208773751348	0.1159829601507512	0.2025793183157525	0.1885390100805251	0.045901922277547	0.0880030442011559	0.2580608728075562	3.2776625	1.5807809	22.292994	22.860203	3.4166553	1.6699839	24.330694	24.80822	2.3864207	2.7190886	7.4266524	7.4749
2017-03-18 13:55:00	2017-03-18 14:05:00	16.263520288606014	1.0966036554304168	-15.885023400836394	-3.3112447600558887	44.09	0.708	1.903	1.983	-0.0042184661168893	-0.0072993054245509	-0.0022640358885404	0.1983201365516385	-0.0084011514175485	0.0135644691881588	-0.1238975461143738	0.0004802258900137	0.186349940177861	-0.0256840061151003	0.0924476420908882	0.1819836782436022	0.0143439470533458	0.0511439058442875	0.1438280289975479	7.3091946	2.45896	10.899088	13.521634	7.8612423	2.5166078	10.590069	14.956154	2.9557178	1.6975664	4.094471	4.8794503
2017-03-18 14:55:00	2017-03-18 15:05:00	16.80875029944714	1.513156210646131	-16.29532257241948	-3.8347319437067138	43.632	-0.222	2.022	2.143	0.0218211563700398	-0.0129618269889552	0.0036565273442273	0.1382855151644776	-0.0094295285319167	0.0419738340869492	-0.0483473655645675	0.0037371127876686	0.133474128627482	0.0043872920791686	0.0787933370232838	0.1150873569198879	0.0161421928412336	0.0353372096227972	0.0955739091929816	6.3696775	4.0070944	7.433089	11.323717	6.447459	3.5222697	7.53114	11.264474	1.8241414	2.5123415	3.9704566	3.009605
2017-03-18 16:10:00	2017-03-18 16:20:00	17.405073176106555	2.023823377751457	-16.652562548835718	-4.640107222270114	26.635	-0.262	1.285	2.613	0.0015606005001549	0.0019633618601186	0.0014509161060469	0.1422114314236597	0.0019008186002754	-0.0197442145839438	0.0450987463749779	-0.0014233779830709	0.1180748469497176	0.0127772503116161	0.1057275211774312	0.1082311568824023	0.0294869697992164	0.0595489515949914	0.0865554066915342	2.7863357	1.2593123	7.619906	9.034506	2.7462864	1.4765866	7.7663617	8.78715	2.4896052	2.983501	3.3967311	3.5252512
2017-03-18 23:35:00	2017-03-18 23:45:00	19.233306283053	4.741526521419213	-17.06657030266479	-7.494622705371704	31.567	-2.528	1.247	1.993	-0.0033902732392105	0.0105792854946468	0.0044723862957753	0.1809708562618252	0.0445270348672826	0.0339470668357031	0.0083318107662743	-0.011798910257945	0.1734225498745872	0.0065180856644867	0.1652731511876948	0.088801942956474	0.0526620109638046	0.0732615426561682	0.1985230259963674	-0.37343276	1.750105	1.5556251	12.602837	0.14953479	3.7849066	-0.33584023	13.24266	4.6115146	9.701534	8.457289	5.805376
2017-03-19 13:00:00	2017-03-19 13:10:00	15.62255804385874	7.464741624743207	-13.723313428507971	0.1087918349467067	28.369	0.008	1.275	2.378	0.0289260459612487	-0.0171031664302565	0.0074444561662102	0.1009340004513287	-0.0147289132228324	0.0499246885735303	-0.0232864410111276	0.0058238759974356	0.1011770551945787	-0.0311536393993244	0.0741224008692286	0.055737400188743	0.0247292907568734	0.0144674748713044	0.0536072060891086	2.1868348	3.903744	9.648797	10.902322	1.9235187	3.9961429	9.935934	10.768685	1.6611245	1.6833321	2.2051404	2.1715653
2017-03-22 05:40:00	2017-03-22 05:50:00	12.738063894924348	-1.7047220545159876	-11.897222084529965	-4.219559784669827	30.823	-3.335	3.593	6.038	-0.0411635288907228	0.0635430390707739	0.0033190157029811	0.3311827099415777	0.0716377892698463	-0.1511034864516162	0.1221457448065715	-0.0016275408227809	0.3081788382873845	0.0652685813625731	0.2411684359862688	0.2110221398234691	0.0865899081269834	0.0790667605713989	0.1560902097651356	-29.29447	-22.091633	11.401091	38.705418	-27.44443	-22.463537	11.363175	37.21149	4.168115	4.7889233	2.672479	5.052785
2017-03-23 23:35:00	2017-03-23 23:45:00	7.4115488257519715	-3.170869018207668	-5.322792093186348	-4.066993436022441	22.881	-2.423	3.092	7.297	27.25503014014709	1.4119391735886957	12.12562400206296	29.86921930160358	21.02756006464515	24.878936549700462	1.175705766558851	10.87468117533692	27.16717048078405	19.45104473925126	8.040414182555999	0.8644783247879035	3.739838434758397	8.89228375849139	6.151206382117024	-76.71649	-99.58204	-2.8078225	125.7375	-76.699165	-99.53073	-2.8007982	125.68799	0.09805554	0.33604327	0.1045641	0.32225737
2017-03-24 00:05:00	2017-03-24 00:15:00	8.187037517197599	-3.1159220710880238	-6.146093938136907	-4.420475592516103	31.456	-4.593	3.545	5.897	0.9404917405958936	0.0322754134914555	0.4105795284047525	1.038744735831318	0.2308492447474822	0.9207253430147856	-0.0273490565691857	0.3711637759185426	0.9928327786330372	0.282678869156712	0.2062358043979784	0.1614560524629454	0.1408678181573901	0.2521831585533705	0.2102258978164602	-55.42877	-73.99244	3.8617165	92.54038	-55.14428	-73.90722	3.8112996	91.99093	1.4052689	2.0126584	0.683833	2.2166548
2017-03-24 05:10:00	2017-03-24 05:20:00	13.852561998040022	-1.6910196654503082	-12.950168435339414	-4.617719106106951	34.801	-3.877	3.045	4.375	0.1628899756956902	0.0395526356024216	0.0755184215218282	0.1989306886849806	-0.2473263371529658	0.1658261978106866	0.0296469321724607	0.0809382367100705	0.2258608611147933	-0.2290137544325589	0.0436512780182188	0.0773636301791639	0.0245482374558398	0.0521569704164165	0.0443915407973085	-20.41249	-21.122475	16.88073	34.000782	-20.42309	-20.63089	16.451683	34.043953	4.7633095	3.8393772	1.1935217	5.5307484
2017-03-26 05:45:00	2017-03-26 05:55:00	15.590682011179696	-1.3673741189099369	-14.889594246654362	-4.41540683322592	25.153	-3.187	0.507	1.098	-0.0660789402398648	0.2992453595785961	0.0576139228848734	0.3121448377163618	-0.3820482188268271	-0.0660789402398648	0.2992453595785961	0.0576139228848734	0.3121448377163618	-0.3820482188268271	0.0187738041576895	0.0256307122130486	0.0005680604928261	0.0284409527544372	0.0162286077797245	-5.2951818	-10.679632	11.115738	16.342289	-5.2951818	-10.679632	11.115738	16.342289	0.8840108	0.7856612	0.48759127	0.46821117
2017-03-26 06:15:00	2017-03-26 06:25:00	15.90681146204448	-1.1949391245498762	-15.31811585086904	-4.117090322726715	22.428	-3.1	0.492	1.17	-0.0902661447904414	0.1215399504557505	-0.0024833858482942	0.1514136838511854	-0.1849340089654035	-0.0902661447904414	0.1215399504557505	-0.0024833858482942	0.1514136838511854	-0.1849340089654035	0.0	0.0	0.0	0.0	0.0	-7.2396493	-8.594351	9.481505	14.702868	-7.2396493	-8.594351	9.481505	14.702868	0.0	0.0	0.0	0.0
2017-03-30 10:05:00	2017-03-30 10:15:00	14.41033137312949	-3.680565051801114	-13.669750436535544	-2.6921601065314125	18.406	2.508	1.68	5.05	-0.9985806726818952	-1.485503044940672	-0.5028244949076016	1.861029292161451	2.454720833668586	-0.970880726498369	-1.3998020514870726	-0.4827687225971142	1.7720186704123533	2.365124723717484	0.0593829868030066	0.2362451767569924	0.0432900742183322	0.2334464734503061	0.259277124286531	-6.767351	-9.36887	18.313332	21.717781	-6.404253	-9.092169	17.95251	21.291069	1.0978055	1.1445558	1.5120468	1.4458034
2017-04-05 01:15:00	2017-04-05 01:25:00	22.51151657512742	-3.4463820019694658	-20.42244346003256	-8.821118365857108	38.56	3.648	4.672	5.835	-0.5116632012537994	0.5297967542273526	0.0558213857436072	0.7555041794916498	1.2984728127748744	-0.5341550420429637	0.5320444922359843	0.0443049109158496	0.7619812218493618	1.271131173992375	0.096608764893375	0.1226149945138145	0.0660908679445669	0.0595733778094036	0.1415889631396338	12.759208	5.3676496	15.118174	21.593315	12.66221	6.9611077	14.809741	21.842882	1.5953923	5.970243	3.1303716	1.3730344
2017-04-07 11:25:00	2017-04-07 11:35:00	17.567440016835494	-5.7562893252010605	-16.409536567614445	-2.491302949116839	23.406	4.783	0.627	1.46	0.0560588439927572	0.0248409105570333	0.014609245807307	0.8385384111088772	-0.0329937199345728	-0.1224306828678602	0.4571945607157258	-0.0256008846789505	0.698203788313251	-0.0717854228456265	0.534397842548423	0.7269685198482104	0.1257473306555122	0.3615288399600487	0.3025825095657767	-5.081596	-3.660722	13.184331	14.993927	-4.8468046	-2.991073	13.087828	14.581987	2.7593415	2.444756	1.7469242	2.2079012
2017-04-07 11:55:00	2017-04-07 12:05:00	17.946622267812298	-5.710834369742879	-16.81963321150332	-2.562609644723429	8.511	4.79	0.21	1.382	-0.0121741774041094	-0.0020690852705758	-0.008556209613002	0.5337498795339983	-0.0745737901783939	-0.0699081909198287	0.2294490515630587	-0.0143522762862984	0.4601923113390518	-0.0842083102457187	0.2946956045853053	0.4853554747732983	0.0612850756578994	0.2037352774617456	0.0959608123715156	-1.9199004	-3.8280938	15.036335	15.825244	-2.0933053	-3.5501761	15.372922	15.922007	1.8718926	1.4881518	1.0645833	0.91938525
2017-04-07 12:25:00	2017-04-07 12:35:00	18.312360980289167	-5.660726454470914	-17.207520414652848	-2.683150841731455	16.681	4.618	0.44	1.463	-0.0491931325606658	0.0302945887018158	-0.0138598331693555	0.1274782875190603	-0.0285566022859487	-0.0863590670021945	0.0588387566229592	-0.0231713172294199	0.128379727593323	-0.0414089499850828	0.0908785033487268	0.0684666580391917	0.0234323719953427	0.0278346775393911	0.03794465385114	-0.51802367	-3.6813006	14.209465	14.792997	-0.42957127	-4.1559467	14.76702	15.126219	0.6965486	1.4086611	1.8008343	1.6152132
2017-04-10 05:10:00	2017-04-10 05:20:00	16.73703626612279	-6.58768802838429	-14.69168648401942	-4.569620984371125	37.679	4.675	3.593	4.657	0.015897357655842	0.0392925813652199	-0.0137393720412094	0.0978115565778458	-0.0086213330105237	0.015897357655842	0.0392925813652199	-0.0137393720412094	0.0978115565778458	-0.0086213330105237	0.0680749292452632	0.0530102597150985	0.0143170773242313	0.0082197934647794	0.0179643246638631	-9.3018265	-6.9606023	19.017155	22.339436	-9.3018265	-6.9606023	19.017155	22.339436	0.20471478	1.4478412	0.5435686	0.096847534
2017-04-10 06:20:00	2017-04-10 06:30:00	17.667756241654075	-6.545794595134917	-15.929279825167528	-3.9442062019008426	42.577	5.437	4.277	4.655	0.0483470717442059	-0.0923889379352164	0.00074011409893	0.1042770490947845	-0.0468836617847703	0.0483470717442059	-0.0923889379352164	0.00074011409893	0.1042770490947845	-0.0468836617847703	0.0	0.0	0.0	0.0	0.0	-10.298961	-12.102166	11.909485	19.858671	-10.298961	-12.102166	11.909485	19.858671	0.0	0.0	0.0	0.0
2017-04-10 06:50:00	2017-04-10 07:00:00	18.043157687222077	-6.518135380897828	-16.4211238727367	-3.66236368443832	42.359	5.69	3.99	4.363	-0.0008441700781089	5.602228629710581e-05	-0.0041770410900505	0.0978414048193312	0.002526598341998	0.01015573149176	-0.0040326745504779	-0.0082682956574198	0.090933481905904	-0.0236199839896382	0.061578397556766	0.077732480010899	0.0139949896577738	0.0218018386080209	0.0527446707175635	-12.370552	-8.42824	15.441369	21.76792	-13.468275	-8.14771	15.710035	22.006693	2.7878473	1.6487368	1.2561147	0.853042
2017-04-10 07:20:00	2017-04-10 07:30:00	18.40525713913032	-6.485218137611239	-16.889104749774596	-3.3838811816463803	35.416	6.243	3.02	4.245	-0.0169974225100223	0.0605675488936391	0.0019534437540012	0.1099041657572687	-0.0229595190479906	-0.0179556292961288	0.0811333407595406	0.0007632951568057	0.1024451318009249	-0.0364923381074168	0.0558226700769372	0.0758038121664976	0.0140249812711123	0.0306809252763624	0.0461883486315889	-4.967069	-6.4466124	20.579332	23.7542	-5.6601	-6.489652	20.251453	23.75084	7.2526836	4.219657	2.565728	1.5708089
2017-04-10 08:20:00	2017-04-10 08:30:00	19.09142632537147	-6.404925543286171	-17.75461147745336	-2.8689907277842317	42.701	5.938	3.463	3.66	0.0030361697243968	-0.0141355822016834	0.0018329569393164	0.1409886211439704	0.0043333342970483	0.0054619577004609	-0.0205640798169147	0.0042340268012313	0.1311901134034201	0.014256806477708	0.0936378051787595	0.1114573110736167	0.0214347063372175	0.0445513056605338	0.0535014986440808	-5.3662696	-5.232516	17.907299	20.91426	-6.422596	-5.844178	18.291924	20.929348	6.0060973	4.564766	2.3330162	1.3395689
2017-04-18 07:20:00	2017-04-18 07:30:00	9.7915799249108	-6.955791317627996	-6.56995460521734	-2.0795332231804884	28.334	-0.705	1.112	2.067	-0.0198254747302009	0.0075147339094567	0.0346977875970834	0.1307071687079453	-0.0103102896195031	-0.0582483733420816	0.0073267268514386	0.0630452885802219	0.1270488868794615	-0.0202960253085878	0.0709498404433021	0.0627377121771033	0.0867249413757614	0.0325608512061518	0.0404607237026426	-27.13076	-19.93164	14.448242	36.637146	-26.986952	-19.84138	14.397504	36.465374	0.6356939	0.93269885	0.31618991	1.0925121
2017-04-18 15:35:00	2017-04-18 15:45:00	18.170427751523626	-8.86690721389408	-15.47787657553143	-3.460584328049481	16.636	-0.888	1.015	3.393	0.077691100893307	0.1071997154062684	-0.137491630470783	0.3433410150311324	-0.1382100752325233	0.093757433937403	0.0219548054392536	-0.1580960258414433	0.3231599417096839	-0.0951010925366472	0.083536089254183	0.261576448842797	0.125303062277454	0.0982341905921952	0.0934184062536858	0.42937958	-1.7965276	11.804474	11.994217	0.78899056	-1.8745798	11.8155365	12.119699	0.77876854	0.6710492	0.35448715	0.28049615
2017-05-01 07:40:00	2017-05-01 07:50:00	21.630867628336336	-5.669625837844087	-20.85243811076469	0.9605016643898092	36.175	-3.592	2.678	3.578	0.040545375428445	0.0352512766139664	-0.0098482128457917	0.054622040128541	-0.0498714474340078	0.040545375428445	0.0352512766139664	-0.0098482128457917	0.054622040128541	-0.0498714474340078	0.0	0.0	0.0	0.0	0.0	3.0811574	4.911619	16.927889	17.893322	3.0811574	4.911619	16.927889	17.893322	0.0	0.0	0.0	0.0
2017-05-01 09:05:00	2017-05-01 09:15:00	20.927330178466413	-5.0675087917341886	-20.224555555985265	1.7998097217744835	23.859	-3.39	1.848	4.257	-0.024926776663293	-0.0471649306638976	0.0197606753246078	0.0568890074499154	0.0189627358176824	-0.024926776663293	-0.0471649306638976	0.0197606753246078	0.0568890074499154	0.0189627358176824	0.0	0.0	0.0	0.0	0.0	-7.0330844	-0.5995815	16.308195	17.770227	-7.0330844	-0.5995815	16.308195	17.770227	0.0	0.0	0.0	0.0
2017-05-01 10:05:00	2017-05-01 10:15:00	20.38251674121576	-4.628411743350903	-19.73557522274976	2.12862570303091	32.88	-2.903	2.513	3.845	0.0678536516317447	0.032606497445179	0.0057063774202323	0.0754974467029632	-0.0168294923970555	0.0678536516317447	0.032606497445179	0.0057063774202323	0.0754974467029632	-0.0168294923970555	0.0	0.0	0.0	0.0	0.0	-2.2041953	3.5133998	16.618761	17.128506	-2.2041953	3.5133998	16.618761	17.128506	0.0	0.0	0.0	0.0
2017-05-01 13:25:00	2017-05-01 13:35:00	18.247938430916182	-3.0817829868998587	-17.913923185418806	1.6061638171309995	37.849	-3.872	2.797	3.485	-0.0027471653804383	0.0246558655472559	-0.0057838215792667	0.0841813495044525	-0.0005044086699058	-0.0091012044502073	0.0549439503729252	-0.0017480264633206	0.0859925694362186	-0.0100359829892857	0.0263292655564375	0.0725877086566729	0.0285438204441689	0.0184219154676768	0.0246983966513799	4.0722656	6.5466747	20.93377	23.40321	2.8200357	5.8408575	21.907784	23.259415	5.809557	2.3090532	3.731936	1.7218269
2017-05-03 21:20:00	2017-05-03 21:30:00	23.71535907746993	-8.744622613118418	-21.42293384352567	-5.19683677292608	33.259	-3.25	1.077	1.628	-0.0467790840459283	-0.0111699289387751	0.0698401839216539	0.0847980029651864	-0.0027391033128	-0.0467790840459283	-0.0111699289387751	0.0698401839216539	0.0847980029651864	-0.0027391033128	0.0	0.0	0.0	0.0	0.0	1.6637783	2.6188166	7.1722426	7.8145647	1.6637783	2.6188166	7.1722426	7.8145647	0.0	0.0	0.0	0.0
2017-05-08 13:15:00	2017-05-08 13:25:00	22.49091398839742	-14.77558193132902	-16.947399959121974	0.554935540868101	38.423	0.675	2.818	3.57	-0.0447634712722311	-0.0055549260001898	-0.003591832205704	0.0959439868238842	0.0089646566207712	-0.0385899021243559	-0.012619555998639	-0.0467058916515837	0.1080496126218318	0.0089003374450627	0.0297207156119561	0.022723613811243	0.0785701243413336	0.0203771002422233	0.0049642742460529	11.668382	2.302405	10.115077	18.510859	16.321468	3.2638538	9.030276	17.31111	7.2696266	5.048057	4.878202	1.8006507
