Start_str	End_str	Rmag_avg(Re)	x_avg(Re)	y_avg(Re)	z_avg(Re)	Clang_avg	IMFBx_avg(nT)	IMFBy_avg(nT)	IMFBz_avg(nT)	Jx_avg(uA/m2)	Jy_avg	Jz_avg	Jmag_avg	divB_avg	Jx_med(uA/m2)	Jy_med	Jz_med	Jmag_med	divB_med	Jx_std(uA/m2)	Jy_std	Jz_std	Jmag_std	divB_std	mms1Bx_avg(nT)	mms1By_avg	mms1Bz_avg	mms1Bmag_avg	mms1Bx_med(nT)	mms1By_med	mms1Bz_med	mms1Bmag_med	mms1Bx_std(nT)	mms1By_std	mms1Bz_std	mms1Bmag_std
2017-09-25 08:25:00	2017-09-25 08:35:00	19.72512741276411	-1.2842833221310683	18.40030225028064	-6.989925105465088	324.023	3.253	-1.308	1.805	-0.0331944492124269	0.0651704779988094	0.0305096082870338	0.0792458128795328	-0.0022492689479748	-0.0331944492124269	0.0651704779988094	0.0305096082870338	0.0792458128795328	-0.0022492689479748	0.0	0.0	0.0	0.0	0.0	-5.0159764	10.086669	7.633237	13.607615	-5.0159764	10.086669	7.633237	13.607615	0.0	0.0	0.0	0.0
2017-09-25 10:15:00	2017-09-25 10:25:00	20.78830080197757	-1.9437072993881388	19.22212062496264	-7.673662525170832	325.625	2.118	-1.412	2.058	-0.0065282318658699	0.0004778402048416	-0.0035626993800251	0.0882011349619211	0.0021369617663023	0.0055626941482046	-0.0041144091049299	-0.0258672771738223	0.0779468624294291	-0.0001615234743645	0.0489548638923734	0.0443249901171429	0.0669401724657365	0.0334420229382959	0.0107024838452897	5.440135	3.037774	8.879065	12.04715	5.4114532	3.557549	9.309692	12.11555	2.7401016	4.226684	3.029871	2.6608794
2017-09-26 17:40:00	2017-09-26 17:50:00	21.86301529848108	-9.33485698934149	19.74623128276192	-0.966355119294283	329.182	1.413	-1.203	2.037	-0.0086669212339024	0.0046201614660886	0.0135991850868658	0.0881752418321027	0.0004429926190075	-0.0083918585786907	0.0055753092087995	0.0456265371831535	0.0868454071225464	-0.0010124850200841	0.034608399774111	0.0247506614161393	0.0823909300327382	0.0332434641041675	0.0124327280184028	0.804214	0.46681735	12.781971	14.532363	0.82633555	-0.15816917	12.999008	14.4335	4.5540347	5.15645	2.0656288	2.156135
2017-09-26 19:15:00	2017-09-26 19:25:00	21.09062689094208	-9.4124741039776	18.869877608924213	0.3803525439196093	315.936	1.423	-2.843	2.932	-0.0038394298270093	0.0011708671817834	0.0019901069248179	0.0795714040594535	0.0023158626134637	-0.007675439518249	0.0007850453013606	-0.0121825721812353	0.0821385441860875	0.0018844282243962	0.0476221272174623	0.0377397530641983	0.0581348817274215	0.0275732618392788	0.0186462072298696	7.8352876	-5.404001	10.6783495	15.895157	9.502474	-4.81343	11.357724	15.899312	4.5209007	3.896432	4.3402796	2.5347154
2017-10-01 01:50:00	2017-10-01 02:00:00	21.376046472189472	-0.4518809986080514	21.28181550037399	-1.9527870108859728	352.406	-2.707	-0.508	3.775	-0.0111356543996464	0.0021060105684544	0.0010550303934969	0.0912117079977796	0.002712358784721	-0.0203964543551367	0.0037011704708478	-9.503152662397928e-05	0.0835950425108724	0.0012385047924946	0.0740094943551808	0.0520287504419081	0.0425715381628071	0.0425053817943686	0.0154005281593206	-9.904151	6.8667903	3.4148474	13.672422	-10.598298	6.8114815	4.3296638	14.135669	3.3879175	3.3142369	3.9950554	2.8971865
2017-10-04 23:15:00	2017-10-04 23:25:00	23.53878930356553	-6.067127817479708	22.716588473769395	1.104887362179884	339.104	4.04	-1.34	3.568	0.0112753041042092	0.0013789061335087	0.0017972921023335	0.1295380582589543	-0.0105119184166993	0.0521704527875798	0.0014942803524648	0.0101690083958604	0.1125174775469936	-0.0067860690409882	0.1186833761256652	0.0259869559715584	0.0633307356030467	0.0460869103699214	0.0606345952046692	10.964935	-6.53953	-1.2193284	15.248358	10.994265	-6.867021	-0.35069	15.03541	2.5094059	1.9734806	7.7925253	1.6984724
2017-10-06 06:50:00	2017-10-06 07:00:00	13.988264654808582	4.152206446407373	12.543316450221209	-4.592847061092342	331.521	0.455	-2.603	4.875	-0.0041371085482674	0.0028836890261768	0.0019881820272785	0.1652672728381991	0.0007446920453331	-0.0065499930036015	0.0005203189066434	0.0025164188614911	0.1409990624645991	-0.0070205162914029	0.1029138010927282	0.13235286814706	0.0677749433510954	0.0736076615189517	0.0856506424048317	13.977545	-4.8774247	24.20983	29.071684	14.081848	-4.9219723	25.046373	29.741425	3.9031644	4.65403	4.38192	4.0261726
2017-10-08 02:35:00	2017-10-08 02:45:00	20.138866273576955	-6.3619473244299725	19.107511027369725	0.0121928382709266	333.331	2.258	-1.615	3.35	0.0026414679085147	-0.003842556196162	-0.0011832093218063	0.1396220769191637	-0.005563187985775	0.0233354978652491	-0.0033534792928804	0.0017586976054627	0.1201960419800509	-0.0074798897280181	0.1146794171305786	0.0598216261984563	0.0837283824878147	0.0653395433131699	0.0803351209229155	5.830949	-2.850655	16.717968	18.931847	6.0619564	-2.3543463	17.595682	20.088182	4.079617	4.200388	4.5524287	4.267665
2017-10-09 01:45:00	2017-10-09 01:55:00	13.322885662428003	4.833757795558123	12.291294156309542	-1.7483137114556395	324.798	1.807	-1.53	2.158	0.0106153687437045	0.1318467614387257	0.0320243978955624	0.3192661651130721	-0.0251785948005843	0.0103694752815854	0.1640501617736084	0.0408808740757982	0.254413293520378	-0.0408285556011305	0.1107530420662903	0.3110262341058391	0.1134922204283728	0.1961503789360881	0.1230523198231933	-5.6914973	16.475435	22.211838	28.355633	-5.9573812	16.269207	22.254953	28.481773	1.8313998	1.7864476	0.76753885	0.5399171
2017-10-09 03:10:00	2017-10-09 03:20:00	14.78435537024429	4.677761613695609	13.79738300754442	-2.515143798405011	315.948	1.1	-1.998	2.1	-0.0806311512123882	-0.1937813311305938	-0.1081498650467009	0.9770248855206723	0.0547849387000965	-0.2074673650556113	-0.493452091283629	-0.2424953127513913	0.8880290150859831	0.0719986119681009	0.55650765343948	0.743132841692303	0.3798390544216333	0.327713669574265	0.2967292017825961	-4.2312765	10.829676	21.401896	24.933453	-5.195715	11.277668	21.489464	24.988127	4.33474	3.3493378	2.4764419	2.7731588
2017-10-09 03:40:00	2017-10-09 03:50:00	15.262728701069902	4.608489555696021	14.267616587559942	-2.854060685259675	333.532	0.297	-1.512	3.06	0.0420425889988962	0.0814433480055262	0.023862539375568	0.7865321717650703	0.0166822517707679	0.1011936856917758	0.2714425110703708	0.0501142605880597	0.7333993224394915	0.0290586175931613	0.3508373577038469	0.6956000137168216	0.2471487242040071	0.2415903232896128	0.25844605186844	-7.6637316	12.435747	20.612707	25.935846	-7.8117714	12.984113	20.406746	25.808327	4.236969	3.286841	2.6316133	1.1299603
2017-10-09 11:20:00	2017-10-09 11:30:00	20.781740859472308	3.0417258055222405	19.258824562987687	-7.192043555437846	325.308	2.573	-0.865	1.227	0.008196905947237	0.038314650693633	0.0023055649300028	0.0908261121212548	0.0079477095486137	0.0248018377922464	0.0729278816242969	0.0032805566861372	0.0867716043486967	0.0055846901047714	0.0305161482334452	0.0765729792233437	0.0132023128274006	0.0161273750376019	0.020529164333503	5.4765854	-2.9695318	5.060803	8.04254	5.561899	-3.0764165	5.1701193	8.092033	0.6712739	0.49348634	0.4991375	0.8268346
2017-10-09 11:50:00	2017-10-09 12:00:00	21.04596857503913	2.9201431180668425	19.58352645862614	-7.133713553195076	320.672	2.378	-1.203	1.363	0.0331194288643946	0.0811794933281814	0.0070775615969653	0.0883298851448544	0.0279261829746025	0.0331194288643946	0.0811794933281814	0.0070775615969653	0.0883298851448544	0.0279261829746025	0.0078610008847005	0.0151115655586728	0.0064255241803186	0.0163209093899453	0.0106751189129013	7.303133	-4.765523	5.0499	10.079763	7.303133	-4.765523	5.0499	10.079763	0.18178296	0.15669918	0.0019671917	0.058609486
2017-10-09 12:20:00	2017-10-09 12:30:00	21.300331090092904	2.797193030543035	19.91620013383572	-7.015922128643638	315.514	2.088	-1.792	1.828	0.0223199331589324	0.0824469188445929	0.0086878090282622	0.0873780835686982	0.0338358478068341	0.0223199331589324	0.0824469188445929	0.0086878090282622	0.0873780835686982	0.0338358478068341	0.0081411341568576	0.0224501822095811	0.0060000223512315	0.0185070633969271	0.0354862155782932	5.257535	-4.853172	5.802492	9.369892	5.257535	-4.853172	5.802492	9.369892	0.12041354	0.28962564	2.064865	1.1962614
2017-10-14 02:10:00	2017-10-14 02:20:00	13.37172747776311	-5.637051062439011	12.093306993616537	0.8814773253031065	348.546	-0.103	-1.27	6.268	-0.0324370649440648	-0.0353150838886875	0.0197248339005713	0.1658820053481779	0.0148076659892153	-0.0666249417383845	-0.084377316257235	0.0297080882555536	0.158681088683233	0.0348959807080622	0.0875416801705817	0.1196969776859884	0.0746130018852866	0.0522451910792269	0.1358268189486227	0.49777818	-7.1216655	11.107386	13.248277	0.20376648	-7.4469347	11.177229	13.782358	0.74848723	1.2471504	1.2898455	1.613185
2017-10-21 21:40:00	2017-10-21 21:50:00	23.22081545494645	0.1277022946977437	23.14251054230642	1.9008762600678104	339.806	5.227	-0.87	2.458	0.0050073681954297	0.0046292169313332	0.0041290675934939	0.141905853709224	-0.0014588693056423	0.0148195811547326	-0.0001292381192713	-0.0039685575253634	0.1219516041661871	0.0021197902899659	0.0895564928857162	0.0881240154829165	0.0957631350286756	0.0698789440477809	0.0395828493419779	13.743849	-9.393638	7.151506	19.828001	13.780806	-10.660799	7.58848	20.671083	4.3517513	6.396793	5.9264174	5.4870176
2017-10-22 04:05:00	2017-10-22 04:15:00	20.34278568505509	-1.736161859003471	20.248891492284155	-0.8905484469345636	315.848	3.225	-2.088	2.182	-0.0251544689699274	-0.0037515426801109	-0.0050792717608615	0.0892056799559183	0.0007332293921099	-0.0455403858347293	-0.0052903039972034	-0.0063709460773974	0.0850075180945137	0.0027776649449398	0.0526999024764217	0.0346692401220865	0.0638864879438686	0.0278511457633618	0.0157406107468881	9.009774	-5.0907264	5.0704236	14.288011	9.355329	-5.0762243	3.8434758	13.680546	3.7404735	2.6404417	8.939238	5.433828
2017-10-23 03:10:00	2017-10-23 03:20:00	12.875551525731945	7.517310923964307	10.353604543239538	-1.4390598441395377	322.111	3.633	-3.438	4.405	0.0257711731936969	0.0008105989226777	0.020760432911747	0.0865440437936125	-0.0007982235766562	0.0344545560885925	-0.0041010624365192	0.0198839933910582	0.0814816299931896	-0.0052096043079138	0.0213594072317069	0.050524382538706	0.0601621320420644	0.0153086294938375	0.0159964010864685	12.389052	-14.290133	23.848202	30.600048	11.841108	-14.798582	22.697086	28.048054	2.600439	2.9512172	2.8175013	3.6715887
2017-11-13 21:20:00	2017-11-13 21:30:00	17.36175175501337	3.4107539175514496	16.61544394240283	3.704468174827433	336.703	-2.018	-1.18	2.805	-0.0057449937451384	0.0020464373497365	0.0070844574850495	0.0754219577504119	0.0004018831659042	4.263440757328677e-05	-0.0013233866586886	0.0180195220066939	0.0717635914597583	-4.966221453053556e-05	0.0366885703345851	0.0234042710386579	0.0643564671730093	0.0208441034575252	0.0159550570057108	-3.8706856	-0.5801686	12.355324	13.426294	-3.6379676	-0.60766	11.6670475	12.413389	3.0615096	2.2292695	4.1305146	4.3716226
2017-11-20 04:55:00	2017-11-20 05:05:00	10.307950363159284	9.563439209310213	3.837863860152504	0.2510353902979521	336.218	2.105	-0.41	0.913	-0.0269185951991524	-0.0055755625595672	-0.0028573092516088	0.2613455438191414	0.0110821771865245	-0.053201205946497	-0.024290750135438	-0.0029584627703319	0.2316958389324783	0.0097589563187351	0.1910212901255323	0.1607798142475988	0.1227833800750241	0.0993851547302263	0.1112443890941205	0.16041517	0.3111638	21.37679	25.326654	-1.1724597	0.3226764	15.34056	18.345247	6.7183666	8.417932	18.795286	16.879313
2017-12-07 03:15:00	2017-12-07 03:25:00	11.19164774895838	10.990021167242247	1.4614851109738474	1.5278847687681374	319.517	-3.553	-1.093	1.333	0.015385997658409	0.0194672027254704	0.0132420871961449	0.1928930624770468	-0.0006379883496632	0.0298600379606288	0.0129287407423362	0.0118211056570664	0.1709872587760771	-9.309089235248996e-05	0.1497782121510652	0.1114863569670582	0.087349881928782	0.0779489751399181	0.0876938169410303	0.19105186	-14.776343	16.97003	23.680405	0.24389024	-15.573341	17.157162	23.989044	2.948237	6.81519	7.2373743	7.288056
2018-01-03 12:30:00	2018-01-03 12:40:00	18.86037235358796	16.241346753231742	8.007446119732672	5.273772059023567	320.221	-3.562	-1.698	1.898	0.0757542842574734	-0.0241181496442211	-0.0295244175352676	0.0848061787632243	0.0132516451824953	0.0757542842574734	-0.0241181496442211	-0.0295244175352676	0.0848061787632243	0.0132516451824953	0.0	0.0	0.0	0.0	0.0	1.3356206	1.1927861	-0.35210106	1.8249922	1.3356206	1.1927861	-0.35210106	1.8249922	0.0	0.0	0.0	0.0
2018-02-23 13:45:00	2018-02-23 13:55:00	11.07078282692058	10.462257823911564	-2.323404198018016	2.7755949639213005	323.126	4.83	-1.655	2.202	0.0001929968538303	0.0095405483143797	0.0072702947096967	0.14112970302013	0.0038084827864841	-0.0042540788830038	0.0173434681635788	0.0143274596321815	0.1270533029602864	0.0027637383416641	0.1007723620654248	0.0767402135977454	0.0797704693503116	0.0513203715904513	0.0499608253410915	-7.847974	-2.2152107	33.736984	36.675964	-7.9068937	-0.56523895	35.003315	38.416557	4.619558	10.840181	10.67422	10.599262
2018-02-24 02:40:00	2018-02-24 02:50:00	13.689041142517889	5.74656156016009	-12.1346358752406	-2.6673581418814725	325.126	5.345	-1.938	2.787	0.0048366250032817	4.316071861369212e-05	-0.0010618929530821	0.0979320438792723	-0.0059419832354608	-0.0021513659453942	-0.0010370290466204	0.000680290698891	0.0922666656600774	-0.0058360165867508	0.059678631884079	0.0540370122470704	0.06618704625208	0.036001390115696	0.0291876169146819	2.2587984	3.7600043	-19.10892	21.499033	2.0846581	5.2519555	-19.676004	21.445585	6.21119	6.331288	5.1974616	5.2782474
2018-03-13 00:45:00	2018-03-13 00:55:00	14.153986691972031	2.367423494619274	-13.31784394854884	-4.16701565225523	346.444	-4.122	-0.365	1.535	-0.0087043535424933	-0.0179757706783311	0.0123999885670628	0.1055500042254069	-0.0002859070353245	-0.0113238100904688	-0.0323765673270736	0.0509342513205991	0.0981591890360074	-0.0013020864772642	0.0368486297994559	0.0606639629424338	0.0882127882463259	0.0472364727167683	0.0129863433776567	-5.989674	-12.541772	21.970324	26.972023	-7.5623913	-13.211164	21.901173	27.312372	5.2594795	4.453383	2.8816762	2.0435307
2018-04-01 00:15:00	2018-04-01 00:25:00	15.607166676566996	9.094278794401404	-12.47073970149092	-2.3145586561214686	315.462	-4.548	-1.677	1.723	-0.0383003604484484	-0.0628340862664806	0.044465683691408	0.0859781195047261	0.0193730375341806	-0.0383003604484484	-0.0628340862664806	0.044465683691408	0.0859781195047261	0.0193730375341806	0.0	0.0	0.0	0.0	0.0	-4.867398	-1.582603	-0.118523784	5.119594	-4.867398	-1.582603	-0.118523784	5.119594	0.0	0.0	0.0	0.0
2018-04-23 08:05:00	2018-04-23 08:15:00	19.33435926076996	3.069701821935516	-19.01502574062517	1.6796467102983217	351.495	3.035	-0.503	3.343	0.0021846827680526	0.0111300288368473	0.0034293926180422	0.1356561296069831	-0.0028527255703062	0.0065163017789725	0.0149103503629214	0.0054213470398951	0.1236688612398252	-0.0026443797141198	0.0772975519693387	0.074864485034254	0.0946762310681033	0.0477599937567597	0.0139843302403407	4.307467	0.7047447	6.1929436	12.264232	4.3365545	0.5968632	6.2259808	12.432748	6.2480226	5.8851113	6.42585	4.685723
2018-04-23 08:35:00	2018-04-23 08:45:00	19.00263288212189	3.1890834221245417	-18.63678758971084	1.8969438206740177	327.404	2.297	-1.953	3.048	0.0030567587555375	0.0043356901143534	0.0015870642410536	0.1129877794731455	-0.0016159874669987	0.0067562283175875	0.0090247418524206	0.0002280309640721	0.1016395895079726	-0.0014428460817681	0.0572804129081464	0.0570017477624796	0.0857966222614707	0.0339959966447949	0.0117613141380472	5.3382554	1.7887555	9.213415	12.278628	4.9055533	1.9378169	9.61937	12.273499	3.9169316	3.724116	3.7898173	3.0648103
2018-04-23 10:25:00	2018-04-23 10:35:00	17.6799627159599	3.6073652813968713	-17.16298625005484	2.2358837631702357	336.132	3.915	-0.598	1.365	-0.01198064679274	-0.006661535072904	0.0123923103758302	0.0830865496684164	-0.0005135291832506	-0.0008831076108443	0.0042868497625239	0.0208477803796991	0.0765662783575095	0.0002821173693276	0.0457745693677087	0.0466044812798532	0.0542259762093453	0.0254136172114174	0.0120651922922816	6.5548944	6.3626246	10.740957	15.211551	6.4308987	5.773216	11.077255	15.237891	3.6552763	3.4526608	3.7192597	2.5576003
2018-04-28 20:40:00	2018-04-28 20:50:00	20.82976246210744	0.6268591400724649	-20.519592541031468	-3.5257490934524007	321.477	-3.61	-1.523	1.905	0.0391004996039353	0.0405913373408856	-0.0265827970314821	0.0623149326760119	-0.0037787373345952	0.0391004996039353	0.0405913373408856	-0.0265827970314821	0.0623149326760119	-0.0037787373345952	0.0	0.0	0.0	0.0	0.0	-11.722747	-3.3043342	7.051866	14.073742	-11.722747	-3.3043342	7.051866	14.073742	0.0	0.0	0.0	0.0
2018-05-01 18:35:00	2018-05-01 18:45:00	19.416617962971745	0.4582908085931898	-19.326803554383947	-1.8072359969805205	350.083	-1.555	-0.653	3.725	-0.0081157285872739	-0.0389749318330223	0.0245988500402715	0.0538161474705465	0.001891455223827	-0.0081157285872739	-0.0389749318330223	0.0245988500402715	0.0538161474705465	0.001891455223827	0.0124669021541041	0.006539291113386	0.0239462330347934	0.0080897534428092	0.0084860133276623	-4.1583767	-3.0387225	12.59586	13.774355	-4.1583767	-3.0387225	12.59586	13.774355	1.2057196	1.7598413	0.29224014	0.2914729
2018-05-27 04:50:00	2018-05-27 05:00:00	18.915276075228203	-9.122304043491782	-16.568621699824018	0.2266961706054094	322.312	-2.965	-2.195	2.807	-0.001558503433846	0.0043944916806573	-0.0089634892649596	0.0852810869873801	-0.0008301711567134	-9.5413033414522e-05	-0.0002543268109447	0.00451992289117	0.0841432961116531	-0.0019549026464933	0.0239700967625609	0.0253259326512432	0.080147993710347	0.021653871048713	0.0135084505004486	0.08679727	1.372471	19.325134	20.678394	-0.33955702	1.0875632	19.046196	20.58814	5.8381205	4.1462164	2.4026208	2.1916506
2018-05-27 05:20:00	2018-05-27 05:30:00	18.693804345232166	-9.171773692908062	-16.287029946794913	0.2625017370589313	318.02	-2.32	-2.478	2.73	0.0059370993031334	-0.0015260688742868	-0.0447915146737352	0.101640024886218	-0.0023616703073617	0.0108486042976428	0.0006707970011603	-0.0699868349893865	0.088421364644051	-0.0007029379288742	0.031571300426571	0.0327645641001072	0.0835077035008429	0.0275129674430128	0.0123206535650311	-2.4881763	2.8048315	18.99748	20.527275	-2.4580042	3.5298333	19.237938	20.727264	5.1358542	4.098729	2.9479933	2.336787
2017-09-06 01:35:00	2017-09-06 01:45:00	23.233825538685767	-10.890967224813272	20.50926513785617	-0.7523717326248516	9.432	-3.512	0.423	2.497	0.0081991109892503	0.0235010470395735	0.008326866078513	0.0858139159407706	0.0089350242910888	0.0057058350836619	0.0306531660784909	0.036013988149334	0.0800377691619864	0.0089763733320257	0.0325234486832005	0.0376325253284622	0.0688420388343947	0.0231957140500693	0.0171442632818166	-1.5817225	1.1653144	6.5482926	8.084564	-2.1263938	0.7462885	6.7595263	7.926323	2.653349	2.8201044	2.8435974	2.1116474
2017-09-26 20:00:00	2017-09-26 20:10:00	20.69035496644208	-9.432766500125975	18.394356453076156	0.8713180179306494	20.81	2.827	0.982	2.583	-0.0041552410163649	0.0030568709110465	0.0017020606984628	0.0795553034998036	0.0014722817255719	-0.0070945779825882	0.0036453710843901	0.0060382606791841	0.0736886519553986	0.0012074252696793	0.043637506707046	0.0299658366841661	0.0724604894247772	0.0418708379521371	0.0099652367599315	3.854119	-2.1087189	10.976921	14.717764	5.175463	-3.0963297	11.406632	14.729312	6.957501	4.946208	3.284609	2.6156487
2017-10-01 02:40:00	2017-10-01 02:50:00	21.776797595125476	-0.7072967986043146	21.614335600370413	-2.558543789683236	17.346	-3.038	1.175	3.688	0.0127184883954203	-0.0093013308639968	-0.0002547284131935	0.0835471359408992	-0.0016714533992963	0.0168933227840741	-0.0122297010483198	-0.0060031319613496	0.0815793603347824	-0.0025315387206367	0.063285031421936	0.0375963712983534	0.0448704936637433	0.0264586319383767	0.0113230505015171	-7.1151648	3.5786016	3.2417512	10.156904	-7.330149	3.6737652	3.0239553	10.946487	4.152789	2.8968356	4.249206	3.8041143
2017-10-01 03:25:00	2017-10-01 03:35:00	22.11519406484936	-0.9360362384965576	21.86279352905845	-3.196906985498766	22.48	-2.382	1.665	4.075	0.0011722755672901	0.0103182765458066	0.0083183375042163	0.0986079119167767	3.200083825370543e-05	-0.0009094359698266	0.0056057790474828	0.0085337367070241	0.0925943089441117	0.0006621096102858	0.0659572744680076	0.052408750667213	0.0662359193251745	0.0440199013825096	0.0182547592336677	-11.098469	6.4184084	8.031098	16.76384	-11.335736	6.6647334	9.0822525	17.596008	4.234575	4.8918757	5.354686	4.2870636
2017-10-12 14:30:00	2017-10-12 14:40:00	23.821615976303278	2.1719765395225306	23.015293297237577	-5.748354984438277	41.852	-6.2	3.825	4.063	0.0053137366092862	0.026592080950601	-0.0193036269851282	0.4417282391731296	0.0004637468291342	0.0037818357287609	0.02082670773728	-0.0091554273677011	0.3685607495190474	0.0234908711770175	0.3924703084071219	0.2801049104873338	0.1334602591491353	0.2372498934252164	0.3226929221196225	-10.800526	10.10037	14.225729	22.499855	-11.10985	11.867903	16.276321	24.192816	5.9227633	8.554599	6.6013794	8.163046
2017-11-11 22:00:00	2017-11-11 22:10:00	14.647825057600109	11.320654902366527	9.184990507884343	1.4270230650348656	29.982	-3.708	1.492	2.542	-0.0330764013035496	0.0476877389739702	-0.014502219239604	0.0842962246703314	-0.0141719248226885	-0.036480121827642	0.0633481358527438	-0.0199279238795405	0.0842762111682619	-0.0165700378186505	0.018574760601543	0.0264901069387459	0.0501314965492159	0.005704742250129	0.0132619027929205	-3.6273968	0.8510811	3.1281483	4.9404325	-3.400317	0.7004358	3.2039943	4.8678274	0.34380418	0.5952614	0.603185	0.31007984
2017-11-13 19:50:00	2017-11-13 20:00:00	18.483987024847192	4.211685903525573	17.697471745931384	3.2736667629135603	33.34	-2.877	0.63	0.918	-0.0065965862659995	-0.0014530178129821	-0.0066477509437849	0.1056821255845775	-0.0064806616840533	-0.0167794611918404	0.0029598273314771	-0.0082929718612144	0.0907115412060851	-0.0052116928454637	0.0700491457228357	0.0653413656003323	0.0739821425471222	0.0597565178582544	0.0227240198575986	-4.3131466	3.2032602	-2.2147262	9.577238	-4.6090965	3.594568	-2.5640502	9.077032	4.4220347	4.86804	5.5240035	3.9764886
2017-11-16 14:40:00	2017-11-16 14:50:00	18.970361498365303	5.434343402812718	18.175007470655267	-0.0924577988855001	25.6	-4.687	0.995	2.085	-0.0058232748292435	0.0056691089227446	0.0026424088399821	0.1053559300662132	-0.0006548773725874	-0.0100847086546706	0.0041631858624677	0.0071219157202758	0.0970702854031699	8.968991756319532e-05	0.0626903973560912	0.065226106106156	0.0703675517500735	0.0459269292225274	0.0207316747076174	-8.716134	5.4175053	8.671055	16.345694	-8.81072	5.4498305	9.54526	16.851896	5.534789	5.6698346	6.647802	4.5055575
2017-12-21 22:55:00	2017-12-21 23:05:00	23.555558843933472	22.019381102815057	4.802998972472586	6.851429424926622	38.421	-2.06	1.945	2.452	0.0206904640168643	-0.0247810482375625	0.0843549967528194	0.0906323019507766	-0.1341627272694964	0.0206904640168643	-0.0247810482375625	0.0843549967528194	0.0906323019507766	-0.1341627272694964	0.005417969928447	0.0023422887031412	0.017568146654647	0.0169477864233237	0.0028642833340993	-2.945103	1.5501057	1.9292519	3.8474357	-2.945103	1.5501057	1.9292519	3.8474357	0.07525158	0.030717254	0.0067533255	0.04861355
2018-01-10 00:20:00	2018-01-10 00:30:00	13.22280322552674	12.1021935501594	-5.240266913111618	0.957921404591126	12.723	-3.242	0.817	3.54	-0.0093828280511506	0.0005388959476501	-0.0037507413226017	0.0935775370165158	0.0004857682204385	-0.0080180095023629	0.0001122871235329	-0.0050986532324173	0.0908083395681507	-0.0017977503795688	0.0646322450036274	0.0510298213457209	0.0504464586787517	0.0259201746036488	0.0436009340755992	-2.0917182	-0.11483657	17.049938	17.521667	-1.9828922	-0.54399747	17.192326	17.577711	2.3465307	2.650839	2.2305706	2.3640404
2018-01-10 00:50:00	2018-01-10 01:00:00	13.770078538888209	12.676928372958365	-5.246880788261159	1.1744499662977923	15.577	-2.907	1.078	3.843	0.0208700396138335	-0.0037808224664549	-0.0153589585029625	0.3932798334810859	-0.0141278771291711	0.0278698851798605	-0.001430836485636	-0.0049734380752103	0.3432587804415432	-0.007772776111212	0.2305703693870615	0.2912369804700148	0.236724623282146	0.2000923403232683	0.170833161352744	-1.8344599	4.6042624	16.775928	19.650566	-1.6838152	4.812806	17.32811	19.27594	5.927465	6.1986065	7.769481	7.3330693
2018-01-12 06:35:00	2018-01-12 06:45:00	12.164765929929644	10.085706467293331	5.312770252053849	4.246409397509993	43.987	-2.472	1.32	1.443	-0.0037419654955915	0.0044402391274355	-0.0013658911193119	0.162100745512296	-0.0026170383008842	-0.0015572130817693	-0.0033216613944929	-0.001614269343015	0.140547019166587	-0.0069393126555907	0.1059279853440698	0.0970845695983772	0.0990995805976067	0.0650062350852886	0.0669533697953659	4.207987	0.5357564	-15.243997	20.235144	4.226783	-1.1442589	-16.889894	20.437895	6.101956	9.452355	7.4409313	4.781311
2018-01-18 17:40:00	2018-01-18 17:50:00	18.88317138519156	17.261377349321837	-7.077768936237542	2.9195722938334128	30.684	-2.072	1.67	2.805	0.0264773720100627	0.0029222668611143	0.0184158621522678	0.0634532532489146	-0.0058298701945037	0.0407315037404257	0.0029543793742052	0.0228130976017967	0.0665713333906335	-0.0082555741888187	0.0478664945799756	0.032168702016372	0.0081143141680093	0.0203540730645584	0.0171897423896765	0.14325172	0.81256115	0.43269315	2.5803275	0.1741808	1.3689601	0.5991087	2.8250241	1.6375409	1.5925823	1.0838306	0.77618116
2018-01-29 14:25:00	2018-01-29 14:35:00	8.930476273605251	5.6230718766577406	-6.92898717578213	0.3484658360762442	41.115	3.563	2.092	2.43	0.043024753133749	-0.0203967858410294	0.0127888089649859	0.0807168621426583	0.0164553444554045	0.068304355463963	-0.0288311335541658	0.0185398223346285	0.0824879983720582	0.0182312536911364	0.0529856970127409	0.0237296877741512	0.0280560291782948	0.0085570437937922	0.019284699838917	-7.938693	-8.36877	66.78323	67.84862	-6.8674226	-7.9009476	68.70498	69.4615	2.623558	1.4295313	3.483611	3.2691262
2018-01-29 15:25:00	2018-01-29 15:35:00	10.393515627866842	7.056273425608308	-7.621321350650882	0.3847994820037244	42.564	0.885	2.833	3.085	0.0162361568774918	0.0181155548232394	0.0183450740738056	0.1931791302823325	0.0174368919766444	0.0201517522902671	0.03077539154031	0.0237552662298692	0.1776299081124391	0.0224203552024805	0.137443223347729	0.1182957371229795	0.0970806606701332	0.0769371641319828	0.120856843805307	8.8294	15.01714	34.86344	41.4119	7.64144	12.296842	39.201492	44.58252	6.4488564	9.944581	15.26985	13.328071
2018-02-04 09:20:00	2018-02-04 09:30:00	13.589378312017043	9.356511067786954	-9.723387710860935	1.6065716960237866	34.917	-3.322	1.03	1.465	0.0030034048222533	0.0033847034883783	0.0239757753990884	0.0886932466173792	0.0123919393901579	-0.0189763497200851	-0.0453648357682787	0.0100065352154392	0.080127906487173	0.0171816873694117	0.0411320967214887	0.0732638107437253	0.0221348472939383	0.0166796066743535	0.0133156664822766	-4.49112	-2.795926	-2.14067	6.5988884	-4.4073973	-2.599175	-2.72519	5.7971992	1.2412343	2.0672548	2.5433812	1.1434573
2018-02-06 12:35:00	2018-02-06 12:45:00	15.035024046357252	14.31393038202232	-0.8937660918845465	4.512643724462979	43.808	-3.853	1.973	2.072	-0.0269616678310259	-0.0450576247068154	-0.0001151741584066	0.0789296430084556	-0.0077534503368624	-0.0291789603927426	-0.0427118372665281	-0.0077620936065988	0.0788980742839387	-0.0056048126097981	0.0224907925135898	0.0234561636840384	0.0502193552772441	0.0102594738275966	0.0089293410183247	-2.8763654	3.2986076	3.5667458	5.7644386	-2.864797	3.3963654	3.9529636	5.673219	0.15210006	0.89820635	0.79063773	0.3197366
2018-02-06 15:40:00	2018-02-06 15:50:00	11.631927629069905	11.018525192668095	0.282377033061339	3.716617419337766	30.69	-4.208	1.382	2.39	-0.0141837078461458	-0.0012262267736322	-0.0156657297298034	0.1115197112100122	-0.0077556422374139	-0.0394350224301889	0.0032046984380606	-0.0175508144653997	0.1095203415814284	-0.0100479145922763	0.0727249202102044	0.0523785486871402	0.0650234335817575	0.0164901060300069	0.0348795443682164	-11.254702	0.4582565	33.708313	35.7791	-11.903356	0.23745689	35.83132	38.18829	2.8934715	3.6174793	6.9723234	7.2839656
2018-03-07 10:55:00	2018-03-07 11:05:00	15.511062426771046	4.548125711895167	-14.822777627396656	0.4381754361082124	41.694	-3.582	1.272	1.425	-0.0075665095660092	-0.0081495726779402	0.0048390546674516	0.1032700234533608	0.0019205721735953	-0.0056204077447927	-0.0126251770659186	0.0031194145099432	0.0959693718982636	0.0021079030449288	0.0588333108462071	0.0542789283056282	0.0750349243900427	0.0389895718008778	0.0231184866256818	-4.865084	-1.7636442	10.189136	13.445438	-5.059427	-1.4443867	10.740381	13.883805	4.6590247	4.659125	4.6067963	3.8019319
2018-03-13 03:00:00	2018-03-13 03:10:00	16.29472713508266	3.7391917588507138	-15.473163686680302	-3.480626662924666	10.768	-2.618	0.495	2.615	0.003362382497885	-0.0080953949476624	0.0101789293507114	0.0996143520262202	0.0013476712829532	0.0027057737874923	-0.0083648271270526	0.0395149161132197	0.0978647757742851	0.0010613403143166	0.0478282013655737	0.0427882688584097	0.0776477853652331	0.0201242112499965	0.0168771938594395	-1.9943925	-3.4525137	11.628263	12.976739	-1.5604604	-3.3489075	11.970743	12.790136	2.865081	2.6449516	2.5493674	2.1028366
2018-03-13 04:10:00	2018-03-13 04:20:00	17.2710594685979	4.414119141602947	-16.465920149098853	-2.770345312296272	31.085	-0.733	1.728	2.842	-0.0012846323447742	0.0067123143041218	-0.0585485758600839	0.1060478441324606	-0.0010404641778626	-0.0094795543972197	-0.0039988016693454	-0.0800846023326081	0.1049734085395983	-0.0038510867316729	0.0469564457773468	0.048678495585653	0.0606422127203149	0.0219197999493425	0.0136691938196769	2.6922288	2.2687953	11.03617	12.327232	3.1823282	2.562949	10.993437	11.598232	3.0412374	3.3287318	1.4556121	2.1634002
2018-03-30 00:00:00	2018-03-30 00:10:00	15.777196297737753	-1.0207725611144252	-15.05221218253688	-4.6160234946624215	43.664	-4.495	2.46	2.572	0.0034635458145472	-0.002168128268217	0.0023928943784559	0.0330287242871526	-0.0018972982376912	0.0017660591297455	-0.0058410898411489	0.0053718157519213	0.0295301470374819	-0.0008859852819135	0.012403032130577	0.0219046894878428	0.0326450805639587	0.0251172880280675	0.0097336469093104	-0.27766463	-7.473619	20.621456	24.224821	0.9621243	-4.9877853	21.82175	24.45327	7.095786	6.6037073	4.129642	2.3124862
2018-03-31 20:25:00	2018-03-31 20:35:00	18.683266101165035	9.509926110941873	-15.819919996916305	-2.8904482774861457	44.545	-3.807	3.09	3.13	0.0087664284267569	0.0196614790604514	0.0300153461787947	0.0671186601985376	-0.0060541120147865	0.0087664284267569	0.0196614790604514	0.0300153461787947	0.0671186601985376	-0.0060541120147865	0.0093778242460782	0.0483488481381425	0.026947205652925	0.0033372266882369	0.0053462136156058	-3.7647612	3.5944555	2.118391	5.9958563	-3.7647612	3.5944555	2.118391	5.9958563	0.3738091	0.7619765	1.9679328	0.47320342
2018-04-01 21:20:00	2018-04-01 21:30:00	17.283045313550684	-1.1911926684299736	-16.5566061018963	-4.812750307343545	31.977	-4.037	1.227	1.822	-0.0164756468565564	-0.003780191391449	-0.0106911851966152	0.0852065593845021	0.0018516787331323	-0.0129059286603329	-0.0110840467640629	-0.0185856356033665	0.0812069081948655	0.0006963401141787	0.0555309887916436	0.048487870318078	0.046757255669215	0.0275841568103561	0.0188606226330462	-4.7084403	-4.1190534	4.173893	10.113001	-4.840391	-4.2794023	4.447271	10.48107	4.451901	3.467836	5.254595	3.7068434
2018-04-03 19:35:00	2018-04-03 19:45:00	15.769479172547063	8.538788950476558	-13.1107837230048	-1.967587247240561	39.338	-2.433	1.74	2.125	-0.0050544220636705	-0.01142675729266	-0.0155113288392566	0.0755358011545351	-0.0038138092930416	-0.0092723045207945	-0.0122295261070005	0.0068805500962245	0.0743714526688404	-0.0041521394378081	0.0360070208104189	0.0347733674944231	0.0602606853539513	0.0287768112339993	0.0260854154459057	0.65025204	1.9481676	12.001877	12.597021	0.13721122	1.8473533	13.161365	13.917375	2.616043	2.328197	4.368525	4.574545
2018-04-03 20:35:00	2018-04-03 20:45:00	14.82686445354716	8.387729016797822	-12.04504843331742	-2.097023728239666	40.656	-2.628	1.545	1.792	-0.0105341251655759	-0.0071258872793269	0.0219413142997805	0.0710567049068299	0.0013084914071645	-0.0116477115177542	-0.0169415736959095	0.0416564440987807	0.0754575662170859	-0.0020070496986302	0.0281118129925876	0.0417449781233445	0.0457129386247814	0.014720801930225	0.0198490754327528	1.8161452	4.145281	13.186112	14.061963	2.2701037	4.391239	12.988276	14.248861	1.6074976	1.0246482	0.8167555	0.9578846
2018-04-03 21:45:00	2018-04-03 21:55:00	13.630547557331298	8.14737857016568	-10.739144004861226	-2.020311314823603	30.266	-2.5	1.265	2.188	-0.0048686226823913	0.0001415034277228	-0.0040428034336895	0.093521255103323	-0.005069444222435	-0.0075899900042822	0.0074916513669309	-0.0176537361566927	0.0852174562969854	-0.0038668225514321	0.0372926219901127	0.050573138665172	0.0779480308287852	0.0363059242132133	0.0303842431421843	2.432257	-0.27503568	16.0072	16.59893	2.1209967	-0.4758491	16.118727	16.747284	2.5578723	2.58693	4.277311	4.269394
2018-04-04 16:25:00	2018-04-04 16:35:00	16.9363741850531	-2.115834495248352	-16.710174616206434	-1.7694835164913616	23.107	-0.258	1.368	3.2	0.0007210627733973	-0.0278703692635119	-0.0154757493436023	0.1017542854549416	0.0180134108473968	0.0007730923473254	-0.038215277581737	-0.0173498542685659	0.0890712135315925	0.0137818425441579	0.0401845601067968	0.0932504136372775	0.0580769462480077	0.0659258054459864	0.0748250112613286	-0.7082792	-0.916656	12.255228	12.645138	-0.19198608	-0.65191585	11.35207	11.73793	2.169611	1.9701668	4.3055563	4.331233
2018-04-06 14:15:00	2018-04-06 14:25:00	16.57679167465122	7.968036919872193	-14.510267046072071	0.8665173418688652	44.902	-3.567	1.795	1.812	0.0227609903702715	0.036297624231567	-0.062389254187888	0.0756835467298708	-0.0146641787000124	0.0227609903702715	0.036297624231567	-0.062389254187888	0.0756835467298708	-0.0146641787000124	0.0	0.0	0.0	0.0	0.0	-4.9551067	1.1598159	4.0143123	6.4817405	-4.9551067	1.1598159	4.0143123	6.4817405	0.0	0.0	0.0	0.0
2018-04-07 10:50:00	2018-04-07 11:00:00	15.964017770639918	-3.117246999691412	-15.638503149651411	0.7543239685332651	27.512	-1.938	0.983	1.875	-0.000494895466693	-0.0034933035297863	0.0037641600079034	0.1077580500755429	-0.0015324149786574	-0.0033924860241762	-0.003724962889799	0.0173497771613795	0.0928457032273309	0.0019520893767133	0.0330350114702252	0.0496099909077059	0.1008689676261492	0.0462799248726892	0.023300223521481	1.617821	2.4901073	17.30928	18.97321	0.5569428	2.5572014	17.298557	18.780792	4.5033574	5.8968873	3.0744932	3.598965
2018-04-07 17:35:00	2018-04-07 17:45:00	20.74358207088851	-1.2924090147201548	-20.50436421768784	-2.8623215879080046	35.311	-1.183	1.888	2.628	0.0024705136201756	0.0015727164718387	-0.0067784519492081	0.2577021870452768	0.0018281552889621	0.0145003491287721	-0.0038750826104664	-0.0082871667641875	0.2302207034934109	0.0033675604561404	0.1633992281461224	0.1491377470477784	0.1642932381534912	0.0978659825156456	0.0378631172074885	-1.0254083	3.176771	1.1222777	12.090944	-1.857565	2.6144826	0.5797307	11.026294	6.549373	7.2326374	8.3252945	5.5432644
2018-04-26 10:25:00	2018-04-26 10:35:00	13.659070944958346	3.8566017558828025	-12.981704599899812	1.780727567049879	39.433	-3.112	3.063	3.718	-0.0051694363721688	2.894665175480632e-05	-0.0190580450683496	0.102455124551609	-0.0065342112203317	-0.0018222425218878	0.0005487726152963	-0.0246844857736208	0.0901640271835375	-0.0057005366487287	0.0379931583814486	0.0577781885778169	0.0778202208075543	0.027030841106488	0.0191367037635028	-0.88386124	4.2054324	18.718502	19.652966	-0.59987146	3.8630161	19.608154	20.98448	2.8081522	2.9203618	5.732221	5.64648
2018-04-27 08:55:00	2018-04-27 09:05:00	19.68513616107952	-7.742941208249126	-17.938821395314193	2.3976893627753317	39.651	-3.068	2.405	2.91	-0.0374890569789216	-0.0389539664556314	-0.0509812785324069	0.0743097009588529	-0.0061540292308515	-0.0374890569789216	-0.0389539664556314	-0.0509812785324069	0.0743097009588529	-0.0061540292308515	0.0	0.0	0.0	0.0	0.0	7.2651787	8.435978	10.944532	15.611897	7.2651787	8.435978	10.944532	15.611897	0.0	0.0	0.0	0.0
2018-04-27 09:25:00	2018-04-27 09:35:00	19.992317611575203	-7.705872051069675	-18.261359419513894	2.6142139632951134	37.274	-3.448	2.117	2.783	-0.0075519396771452	-5.338406064666302e-05	0.0091163543608301	0.0821275615896662	0.0037632442826004	-0.0072306420514855	0.0003777508543332	0.0406658976670902	0.0782109655690104	0.0034874233268206	0.0280420772689882	0.0317117021682068	0.0767978034115415	0.0329408401185474	0.0127266117325604	-1.6531337	4.335559	17.251657	19.044424	-2.0023944	2.843638	17.636786	19.151186	3.9701183	4.860825	2.7146842	1.7940305
2018-04-27 10:05:00	2018-04-27 10:15:00	20.384891963507688	-7.649347693514829	-18.68137937980792	2.8349116726568013	43.967	-3.23	1.967	2.057	-0.0050285065103211	0.0065020544259425	-0.004272050843927	0.0788188476100637	-0.0028674831189041	0.0016399348743978	0.008491056586565	-0.0101077131440998	0.0769635038649194	-0.0025306063667833	0.0461224022805298	0.0332475825410585	0.0582259729622516	0.0222787776520457	0.010695503885708	1.3193846	3.5147445	12.045096	14.871066	1.6389511	3.8508358	12.11192	14.227527	7.2246556	3.2861722	3.6110442	3.7502222
2018-04-27 18:20:00	2018-04-27 18:30:00	23.84415322247865	-6.435656343863855	-22.867047853684184	-2.0541059810365176	30.3	-3.268	0.52	0.875	-0.0040112680762055	0.0005746943331819	0.0022117799995004	0.2063012880053105	-0.0043794585089996	-0.0012058741357718	0.00808066175058	0.0022811405572749	0.1780279515098391	-0.003558151377532	0.127491725519987	0.1223442295367479	0.1442203435605031	0.0973799217343369	0.0512510009017123	-3.881889	2.0203547	-1.5514721	12.538848	-3.6650257	2.2079883	-1.9971004	12.383047	7.159206	6.2691193	8.61587	5.3967166
2018-04-28 21:15:00	2018-04-28 21:25:00	20.50692575084905	0.8057094117609674	-20.155639681820222	-3.692431476150933	23.759	-2.582	1.142	2.397	-0.0005348822472896	-0.0010922655453721	0.0090072174918633	0.0767852814586334	0.0028012482039373	0.0018302847795903	-0.0054908780711851	0.0203535243331059	0.0725441052398042	0.0007606374508565	0.0387262801233914	0.0386872336044843	0.0616537135998943	0.031372549754927	0.0109739993006594	-0.27549344	-1.2438607	10.354152	11.430858	-0.61376405	-1.4100635	10.696415	11.290655	3.33784	3.2705739	2.3810377	2.3820693
2018-04-29 02:10:00	2018-04-29 02:20:00	17.169142864839404	2.2784635253450016	-16.882336973629105	-2.13833801387318	41.043	-3.345	0.902	1.043	0.0047385044269824	0.0040138381063629	-0.0023266617433624	0.1139321474414677	0.0005772175052097	0.0078658596120687	-0.0034628540504379	-0.0016181522937271	0.1028284224616747	-7.311619314239078e-07	0.0680524149068118	0.0616913774724594	0.0772004450621587	0.0382139948407127	0.0149913745261074	-2.8292313	-1.0070646	5.1746726	8.53376	-2.7861674	-1.1953068	5.36814	8.63336	3.955994	3.6563623	4.1140084	2.9857743
2018-04-29 02:55:00	2018-04-29 03:05:00	16.548470622331905	2.4916065416530477	-16.279891122562137	-1.614410386900209	15.967	-3.153	0.48	1.688	0.0088578286851229	-0.0002468014938656	0.0045343195763973	0.0749959664960343	4.374219677796844e-05	0.0042769918235575	-0.0028412478937281	0.0111820943746291	0.0714757462956247	0.001578562638714	0.0356463630557408	0.0407518521640782	0.0555204302550845	0.0221038895435451	0.0121017873008304	-2.6019204	-1.5516001	9.769194	10.769856	-2.74177	-1.2921611	9.838903	11.60564	2.1239755	2.8002727	3.487176	3.624635
2018-05-01 12:20:00	2018-05-01 12:30:00	22.636527275273675	-1.5946186794161974	-22.314741644217904	3.4526485864382432	32.237	-3.318	1.76	2.785	-0.0057732651493963	0.0121053576487097	0.037729694745229	0.1066118547451891	0.0028016679257865	-0.0038714217782441	0.0048850308688282	0.0508471357307722	0.0956532936593926	0.0027927782530172	0.0570002512928833	0.0390961895094144	0.0761736675164913	0.0285881246703614	0.0097993917287907	-3.7212226	0.38054016	10.899931	12.338922	-2.8862004	0.62218124	11.02916	12.328566	3.7653131	2.4877288	2.586269	2.758069
2018-05-01 12:50:00	2018-05-01 13:00:00	22.43362099851545	-1.433594084459876	-22.157298628260623	3.203854238197637	32.361	-3.348	1.732	2.727	0.0014643163781248	0.0182247154617762	0.0090266917861179	0.0991770414767674	-0.0015210450489604	0.0196257976771477	0.0151539764584728	0.057517566937135	0.0958707536465833	0.0051711069868884	0.0459807699261544	0.0277363272123786	0.0822625183980852	0.015176859624588	0.0101788423787619	-3.6266866	0.5946354	10.967998	12.540827	-5.5759716	0.02827048	10.8466	13.264969	4.6114893	1.949612	1.1299357	1.6954831
2018-05-01 16:05:00	2018-05-01 16:15:00	20.89140772794888	-0.3707214340942524	-20.88262855462005	0.4736377475738454	14.447	-1.085	0.93	3.723	0.0010374427210224	-0.0013145464349917	-0.0151942057121341	0.0644387263406178	-0.0005571631098228	0.0030413435552537	0.0096537446206024	-0.0400356951351334	0.070785027454896	0.0094563470988732	0.0217926205746384	0.0212007526663999	0.0575311911396207	0.0177636407762135	0.0155145459117075	-2.259392	0.34956178	12.095968	12.604357	-1.604814	-0.9871658	12.167414	12.597528	1.4124585	2.378187	0.34586063	0.66344625
2018-05-01 19:35:00	2018-05-01 19:45:00	18.74784692467789	0.7899309292350006	-18.57042966550509	-2.448362267376309	35.71	-2.802	2.082	2.888	-5.604473178590953e-05	0.005190727038609	0.0257672305983247	0.0688539685396525	0.0034448169214547	-0.0103805282371119	0.003489687799556	0.0472251035407069	0.0655900646227739	0.0021714650637305	0.0200090745542777	0.0233449779678072	0.0600918012686521	0.0225034134698789	0.0079546665424071	-1.5883669	-2.4773288	11.932821	12.702038	-1.7436827	-2.617599	12.681849	12.874666	2.2729802	2.019238	2.2781773	2.0357678
2018-05-01 23:15:00	2018-05-01 23:25:00	15.841801188280996	1.9816961258604235	-15.457667290627336	-2.845198441472395	20.878	-0.408	1.588	4.135	0.010234255034661	0.0186985371201994	-0.0181838198697908	0.0709324566862161	-0.0081011803004304	-0.0010678047758428	0.0167775258440857	-0.0521873245835981	0.0661160822159245	-0.0135692328659512	0.0312643700602487	0.0171352407596258	0.0550410760929585	0.0073627799566736	0.0208970822243598	3.982198	0.021682978	17.828917	18.528915	5.2195773	-0.37642664	17.882788	17.973488	2.683843	1.661786	0.5060796	0.7928518
2018-05-02 01:15:00	2018-05-02 01:25:00	13.89078711004134	2.5885284328029265	-13.49820906814677	-2.01248921861182	26.285	-1.21	1.172	2.545	0.0053964036548507	0.0022726407569498	0.0084272785216007	0.1143896646266217	0.0067111815832242	0.0053914103734813	0.0036296682794977	0.0498210710745469	0.1043036169070163	0.0053374021277671	0.0376195993850266	0.0380848541224716	0.1103645884110655	0.0454570397724006	0.0232251185696335	6.552567	1.6802124	30.460176	32.04584	6.156937	0.9402655	30.587206	31.977356	4.6855364	5.294945	2.6167436	1.8664823
2018-05-03 04:40:00	2018-05-03 04:50:00	22.17876890238709	-9.075165216282496	-20.23394832192165	0.3501508660153151	20.977	-3.237	1.325	3.463	0.0020334849733959	0.0072146675737887	0.0321879170444736	0.0330491829399642	-0.0010358276580333	0.0020334849733959	0.0072146675737887	0.0321879170444736	0.0330491829399642	-0.0010358276580333	0.0	0.0	0.0	0.0	0.0	4.7566605	0.33036074	16.402487	17.081467	4.7566605	0.33036074	16.402487	17.081467	0.0	0.0	0.0	0.0
2018-05-03 05:15:00	2018-05-03 05:25:00	22.428007139122883	-9.01734448066876	-20.51700063930624	0.8670388992674432	27.101	-3.048	1.733	3.295	-0.0116331656144024	-0.0010890144152044	0.0280403438683317	0.0631935752485334	-0.0051432718909131	-0.0198349974199422	0.0026276161426354	0.0522276628623856	0.0651922906781637	-0.0006067228558314	0.0275648403873543	0.0101328735932641	0.0477242605105313	0.0083336678770711	0.0190886361157325	-5.9764094	-2.6397371	15.707685	17.138056	-5.83313	-2.4274838	15.52384	16.763678	0.6782213	1.9928529	0.8607629	0.93619347
2018-05-03 09:40:00	2018-05-03 09:50:00	23.939695093552604	-8.424177219231483	-22.0432940052514	4.029225763793442	27.394	-3.158	0.777	1.472	0.0233612651972056	0.0121512742727089	-0.0171785419933098	0.0701850221212005	-8.83200813000241e-05	0.0459958763113366	0.0076291229081217	-0.0282678331029117	0.0710561497184934	0.0007123860092902	0.045732060280088	0.0183870970513573	0.0405466868657275	0.0116665180817702	0.0095481432592716	-4.5536814	-0.29513696	4.4016395	7.607837	-5.2147493	-0.0112503795	4.9440246	8.943541	2.491923	1.362828	4.072851	2.6407323
2018-05-04 15:25:00	2018-05-04 15:35:00	18.608600692118863	-0.0112289136920684	-18.571452524426302	1.173509750211884	30.881	-2.215	1.085	1.812	-0.0078335063113959	-0.0073446535620013	0.0149981850361541	0.2481887048383775	0.0011644127655653	-0.0091469104790251	-0.0113958336127487	0.0077109808027147	0.2026158160905642	0.0010014580604012	0.1424786471677554	0.1520495249806982	0.1935100492003497	0.140028504916804	0.0532796122242132	-8.455091	-2.832312	2.1101313	13.995932	-8.04141	-2.543272	2.0149019	13.335831	6.091016	7.3670993	7.7973666	6.3443403
2018-05-12 16:50:00	2018-05-12 17:00:00	23.33679587965448	-6.202226468614487	-22.464908453863604	1.2083462966617284	40.033	4.338	1.342	1.635	0.0174096391467451	0.0096404552264207	0.0009048888234534	0.0893611631660209	-0.0024730739976498	0.0369665487106846	0.0217252357578298	0.0005579901831865	0.0875419938593697	-0.0023305561874663	0.0578918786921514	0.0392969014928742	0.0536038392531184	0.0134358818732787	0.0100118366093339	5.9222684	1.90813	-2.0264037	8.691436	6.342814	2.0816274	-0.3789994	8.052742	2.100954	2.04656	5.7563324	3.0028768
2018-05-15 23:45:00	2018-05-15 23:55:00	17.093373601576737	-2.2950149290597577	-16.839376194906	-1.8305353757447265	17.657	2.577	0.458	1.38	0.0163274003573202	0.0055171149104334	0.0220549650814244	0.0682491492149362	-0.0006789204811524	0.0299958249363037	-0.0035295191363556	0.0378310952696727	0.0683702209241576	0.000200851025265	0.0343910718359085	0.0301133308497028	0.042689285287377	0.0061181100657576	0.0181318842672822	4.6633086	0.9120331	7.5084844	9.055649	4.951792	0.85069513	7.8387566	8.955492	1.6747553	1.0018283	2.5138597	2.6605978
2018-05-16 00:15:00	2018-05-16 00:25:00	16.679177045803637	-2.045761732990881	-16.468307842994758	-1.6743830627820298	44.244	2.297	1.245	1.277	0.0414760811865436	0.0171696927068853	0.0232776489453315	0.0910698261035684	0.0102861671385976	0.0559820217596548	0.0247611135178024	0.0325102249699807	0.0884450030794274	0.0067829163350748	0.0505807719722409	0.0226710903562243	0.0533402231522604	0.0134451332946307	0.0150376301761173	9.742826	2.662965	13.812729	17.31936	9.634256	2.2603328	14.6368065	18.28627	2.112414	1.4498482	4.144041	4.072183
2018-05-16 01:15:00	2018-05-16 01:25:00	15.803891655446392	-1.5399972403147928	-15.67786813696491	-1.2626516404660617	41.165	2.567	1.233	1.437	0.0039172437409413	-0.0002536951200493	0.0072800233609202	0.1042296899206628	-0.0025825992421742	2.2745092089972936e-05	0.0012096837837477	0.0259980050711038	0.096278038788525	-0.0011049019283423	0.0402875365203509	0.0388278767525943	0.0964018100555861	0.0403556468527573	0.0189082534368553	6.579851	1.2785656	24.40512	26.953497	8.051457	1.9390005	24.862892	27.353226	7.0608788	5.9159846	3.1253986	2.944697
2018-05-17 05:25:00	2018-05-17 05:35:00	21.6687763797974	-13.107343286187565	-16.98367107784326	3.0472379901061504	32.963	-3.755	3.632	5.657	-0.0003604302941806	0.00392835703713	-0.0027457703474191	0.1306828737545742	-0.0031724904305644	0.0040298428916993	0.0001204970973598	-0.0252852122183541	0.1152440844282076	-0.0022690881402562	0.0578737549391067	0.065660326230358	0.1110929909868998	0.0542898725260905	0.0323277376163131	4.3045487	5.2165747	22.065918	26.105139	4.684968	5.424041	23.171778	27.224106	9.065975	7.0269675	6.084249	4.4448376
2018-05-17 08:35:00	2018-05-17 08:45:00	23.01027049735169	-13.154057361371864	-18.12260994754887	5.292739696910256	17.29	-2.745	1.962	6.433	-0.001445089818594	-0.0041677239366358	-0.0028001192416929	0.0932425405127157	-0.0023097497247281	-0.0006971197333578	-0.0015348126710515	-0.0138369879454676	0.0882003305547823	-0.0025639513609372	0.0436296887784601	0.0507352131570283	0.0734085651279575	0.0346346148388869	0.0188806134920841	1.247075	4.9962525	14.053975	18.069216	0.78626865	4.6945934	15.573845	19.73507	6.5334835	5.917652	7.965625	6.2202578
2018-05-22 20:55:00	2018-05-22 21:05:00	21.80284140898767	-14.492375079381915	-16.270058120433774	0.7868523262769452	18.796	-3.195	1.922	5.693	0.0320563530073778	0.008513156899	0.0259147069235227	0.0814740939661662	0.0087070787974945	0.0603469963998467	0.0081274725099958	0.0335867895920884	0.0789053748547185	0.007941882968882	0.0578313447684383	0.0137214886454732	0.0393551945500631	0.01466978807932	0.0108788859924288	17.836077	2.761695	12.749628	22.634779	18.369026	2.7545009	12.273636	23.058237	2.675836	2.1911767	3.688564	1.2406163
