Start_str	End_str	Rmag_avg(Re)	x_avg(Re)	y_avg(Re)	z_avg(Re)	Clang_avg	IMFBx_avg(nT)	IMFBy_avg(nT)	IMFBz_avg(nT)	Jx_avg(uA/m2)	Jy_avg	Jz_avg	Jmag_avg	divB_avg	Jx_med(uA/m2)	Jy_med	Jz_med	Jmag_med	divB_med	Jx_std(uA/m2)	Jy_std	Jz_std	Jmag_std	divB_std	mms1Bx_avg(nT)	mms1By_avg	mms1Bz_avg	mms1Bmag_avg	mms1Bx_med(nT)	mms1By_med	mms1Bz_med	mms1Bmag_med	mms1Bx_std(nT)	mms1By_std	mms1Bz_std	mms1Bmag_std
2015-09-02 15:30:00	2015-09-02 15:40:00	11.906298313365012	2.282366277716851	10.47482927375298	-5.179426367871041	324.618	4.805	-1.863	2.575	0.0078132793457026	0.0049289052974996	0.0157632983175741	0.122186245082809	0.0017078821731188	0.0114564177097574	0.0113172032709051	0.0570367647755831	0.1060426219589266	0.0029742666608777	0.048109870703991	0.0557244784621071	0.1054687028750136	0.044133535697299	0.0243785465854066	9.323837	11.946863	31.91246	37.585102	9.4009905	11.962101	32.03607	38.33411	7.9656734	9.352578	5.0334578	3.4183052
2015-09-19 13:50:00	2015-09-19 14:00:00	11.943382627878528	5.166521957931533	9.14581033992038	-5.683645981133175	315.17	4.153	-5.405	5.41	-0.0015566085400603	-0.0031760203796038	-0.0086144796014757	0.1210700659080742	0.0068274466298764	0.0069154626890371	-0.0185128751714834	-0.0531017852779098	0.1093544090950263	0.0073621802512924	0.0299697791132864	0.0681007482513069	0.1029210798106342	0.0394639934280787	0.0190537561627182	8.764767	23.478983	38.812634	46.9817	8.874386	24.306025	38.149117	46.78528	5.778036	5.554205	4.029462	2.7740853
2015-09-19 14:45:00	2015-09-19 14:55:00	11.996591156770736	4.734862172730438	9.519717205212372	-5.556281977630623	338.393	3.282	-2.29	5.785	0.0057147792728772	0.0126288678343111	0.0242073765684402	0.1065018034822706	0.0023467942640348	0.0090749303214736	0.0326305409432682	0.0668874744794664	0.0933427981640656	0.0013903718639031	0.0260659618383142	0.0554367302727449	0.0909703360360089	0.0382593440698896	0.014937053569613	8.288694	17.845266	33.389694	39.28189	8.2531185	18.079136	33.67663	39.195526	3.7255766	4.793987	2.4882996	1.4192468
2015-09-19 15:15:00	2015-09-19 15:25:00	11.985518154194343	4.479827840380594	9.69713965523851	-5.435729517832951	344.787	3.472	-1.573	5.768	0.0013697140085022	0.0017550377440112	0.0034392909018963	0.0982300428961025	-0.0023016369222179	0.0062152650257938	0.0283432646584843	0.0534206835574894	0.0949865926107999	-0.0010623223206819	0.0199325163806619	0.0485899496684741	0.0853569477484604	0.0202913926448956	0.0153516573586115	6.606658	19.466932	33.184803	39.226376	6.470574	19.090868	33.368984	38.88814	2.5934315	2.9120486	2.0691392	2.1491404
2015-09-22 12:05:00	2015-09-22 12:15:00	11.668803927077574	6.200321810081996	8.192085091725234	-5.532200923075294	322.172	2.675	-3.022	3.913	-0.0137648951464163	-0.0284640513679525	-0.0400704376709748	0.111092825913446	0.0011902019651279	-0.0157565227652668	-0.043238769077134	-0.0684469740976323	0.1052252308892104	0.001940742143969	0.0317139653603892	0.0491045325027402	0.0865551337644462	0.0342420860426367	0.017834466254994	12.783472	17.824852	39.473152	46.101818	13.045316	16.596287	39.89799	46.305584	5.5749574	6.9950175	3.5946357	2.612747
2015-09-23 12:50:00	2015-09-23 13:00:00	11.860942155974987	6.0515137348875685	8.503118960449935	-5.635294244921738	327.28	8.127	-2.137	3.347	-0.0110820445002198	-0.0006854251446248	-0.0171068495209122	0.1048096912188981	0.0016325472285878	-0.021677352567994	-0.0020639191309095	-0.0533177848159549	0.0882380455275876	0.0005652144979619	0.0595195451780781	0.0281535212555261	0.0907689982488299	0.0447779243093161	0.0147170883574987	25.883196	4.352823	42.980434	50.844715	25.912752	4.6805778	43.34997	50.68258	3.0646741	5.6635737	3.6852944	2.4634764
2015-09-23 13:20:00	2015-09-23 13:30:00	11.933658494713988	5.850492866926653	8.72817115913456	-5.656970954293648	324.373	7.352	-2.983	4.203	-0.0110956775356129	-0.0168512002744023	-0.0272602933083079	0.1330258098975806	-0.0006286292564225	-0.0259607309912301	-0.0132702391066195	-0.074260999125136	0.1209327417229315	-0.0005282249169367	0.0660387503581144	0.0459177277288288	0.1132940488890325	0.0525302796996241	0.0145745433645593	24.204256	3.6177223	41.32351	49.649384	26.61865	0.61253595	41.563473	50.01195	8.015109	9.646375	3.3922713	3.210493
2015-09-23 14:20:00	2015-09-23 14:30:00	11.993631489263755	5.39803574326405	9.142311159406017	-5.578948727003479	343.448	3.487	-2.218	7.592	0.0019114758013387	-0.001453310046916	0.005312594683893	0.0930446084294036	0.0003611533459311	0.0032059763811299	-0.0041938580464387	0.0158206493137413	0.0891111934564982	0.0009369287312611	0.0486434334292831	0.0237399326959688	0.0775182789371774	0.0177635003280918	0.0062414188485428	25.085016	5.832861	44.441685	51.564846	25.2173	6.1496835	44.63572	51.485283	2.4186845	3.6902444	1.6699159	1.291021
2015-09-26 12:40:00	2015-09-26 12:50:00	11.88930195464683	6.467740602498485	8.275408197911181	-5.571348566155302	323.167	1.228	-2.79	3.755	-0.0273138868822716	-0.01965993429393	-0.0688446822186771	0.1152065453368486	0.0027300331615429	-0.0277967903821082	-0.0264788799367136	-0.0897969364724071	0.1029759411752202	0.0027812248118117	0.0376032732191017	0.0416720932266813	0.0793104287028224	0.0451698707780701	0.0127589629107358	11.748998	13.934609	34.07607	39.626137	11.913615	12.470085	34.603092	40.116863	5.7027783	6.455649	2.6905394	2.1438217
2015-09-26 13:10:00	2015-09-26 13:20:00	11.952077657614026	6.269847549876364	8.495254177781797	-5.600912361213756	320.228	0.248	-2.995	3.615	-0.0004564312854244	0.0057574327821148	0.0029135732995398	0.0933825597173205	-6.946565200470248e-05	0.0010819154364438	0.0277860694748543	0.0335502171703726	0.0899622993945809	0.0025956126142039	0.0190936838383371	0.0582204131736642	0.0722639695461847	0.017257154428648	0.0149167842178421	4.079098	22.880035	30.724083	38.77623	4.26773	23.5153	30.446747	38.726124	3.12046	2.836597	1.955562	1.4547902
2015-09-26 13:40:00	2015-09-26 13:50:00	11.98638157498528	6.053740570325698	8.704878236701981	-5.590075762847792	320.343	-0.897	-2.705	3.227	-0.0141497745079105	-0.0184596846905099	-0.039174776110086	0.1061474515839981	0.0004170338707471	-0.0215762751899837	-0.0205666730300525	-0.0707057062669018	0.1003319633484514	0.0002880908150522	0.0368433185099565	0.0427549480306727	0.0855806812341849	0.0363018785111004	0.0150595929042814	12.562172	11.98005	33.480923	39.035046	13.150126	12.1291065	34.11058	39.790115	5.523171	8.456817	3.5159464	3.598979
2015-09-26 15:15:00	2015-09-26 15:25:00	11.90807965360482	5.257436408149389	9.271035051200768	-5.311076267444793	326.257	2.987	-2.0	3.102	-0.0079065008542212	-0.0179930551550424	-0.0319432830611655	0.1176591079349359	-0.00191192864828	-0.0103317843024913	-0.0177269869500767	-0.0753210771201226	0.1094650113623982	-0.0018383908228081	0.0549467204422084	0.0464207787246927	0.0911688984474654	0.0323847073653042	0.0162251028095317	11.963736	8.828872	31.343794	37.071636	12.26632	9.590681	32.20369	37.921062	7.116385	10.7348175	4.284807	3.666887
2015-09-27 12:20:00	2015-09-27 12:30:00	11.854019439978044	6.705617929413453	8.073681881958516	-5.510593546176413	318.169	-0.9	-3.172	3.522	-0.0060210496192483	-0.0166156584994754	-0.0153623795272983	0.1015704756943982	0.0033335563343525	-0.009938023209329	-0.0561223894687335	-0.0562244225330207	0.0921116141004697	0.0013572880625658	0.017434301616165	0.0667436207196453	0.0743489882371393	0.0227642735298234	0.0130759614215268	3.842395	25.943033	27.81292	38.788303	4.661439	25.92217	28.341469	38.910057	5.7670484	2.4175653	2.51502	1.5032492
2015-09-27 13:20:00	2015-09-27 13:30:00	11.976227595495232	6.314327421351496	8.510444121082529	-5.5794262461129085	319.685	1.668	-2.577	3.088	-0.0168670876844132	-0.0077942292496172	-0.0360227859834501	0.181515062158751	-0.0037969333138908	-0.0236951214670755	-0.0166846157960427	-0.0070218972156535	0.1719232055444835	-0.0035905899702918	0.0869825207662891	0.1094019906346137	0.1261571547366905	0.0643859778289867	0.0259004236850006	11.396348	0.22889291	18.835253	33.00409	11.089765	2.815303	21.84057	33.56176	5.3259444	19.885334	14.359938	5.042421
2015-09-27 14:00:00	2015-09-27 14:10:00	11.994532065677715	6.012528025810307	8.778348472900921	-5.5368863092456815	317.191	0.945	-2.948	3.162	0.0034907176116547	-0.0110871789099774	-0.0084118353899284	0.0949792573721033	0.0017746384257737	0.0022672081852359	-0.0126099337884441	-0.0018806003868197	0.0912941715967389	0.0020579553133007	0.0207593545349703	0.061173711307835	0.0716968309157754	0.0223253131791115	0.0045158423506797	6.779085	22.620846	28.838114	37.303978	6.705024	23.05217	28.85316	37.574936	0.7503455	2.1993349	1.0702842	2.0625818
2015-09-30 06:00:00	2015-09-30 06:10:00	8.435708566359594	7.139306061249335	4.0471713306506665	-1.951588233448139	333.904	3.338	-1.042	2.18	-0.0143610875198383	-0.0169294016950554	0.0194270262569625	0.0350787674885582	-0.0089004527278098	-0.0115393672714317	-0.0215954790482595	0.0253611762011462	0.0352963929446078	-0.0110326345226048	0.01001446496215	0.0096389450629665	0.0132481251524589	0.00290628416326	0.0079636268014171	37.979095	34.695644	54.50762	74.95419	37.573997	34.545475	54.52103	74.75522	0.91647273	0.612712	0.23248217	0.6468478
2015-10-13 12:10:00	2015-10-13 12:20:00	12.00327694868956	8.434972688725649	6.98082594826563	-4.918994993051514	344.14	-3.99	-1.08	3.925	-0.0035634358242784	0.0022129228166941	-0.0071222156755058	0.1177124869908262	0.0005337747962177	-0.0066269661894472	0.0021095589712404	-0.0574551952524783	0.1099880630645705	0.0008298754179054	0.048462684982276	0.043197160775159	0.1026249053732792	0.0309610917512635	0.0097094165455682	13.601397	4.035802	31.536772	35.242233	14.160969	4.963958	31.335686	35.519455	3.1918077	6.0826254	4.315487	4.4326296
2015-10-22 11:05:00	2015-10-22 11:15:00	12.003006259311212	9.582605349086291	5.85435342255991	-4.239221299035591	344.103	1.405	-1.145	4.063	0.0036232041721838	0.0103423229658418	0.0139607643816908	0.1013892869569201	4.8059339538122406e-05	0.0043956200660166	0.011974711771685	0.0330800583805955	0.0978151732817241	-0.0010232271534711	0.0421768353971003	0.0597097795377705	0.0730394863813987	0.0267229577837727	0.0086028773109822	14.486255	-12.88121	23.48478	31.353529	14.601401	-11.600097	23.170244	32.78525	2.9583192	6.6253467	4.5319877	4.1778154
2015-10-22 12:30:00	2015-10-22 12:40:00	11.90392232287914	9.02095056237147	6.38146558059429	-4.427322945715538	331.185	3.528	-1.412	2.567	0.0126536237133698	0.0006520522532131	0.0229993050910934	0.0997590121581821	-0.0009694420315551	0.0272689674167987	-0.0066714166804574	0.0466055249066177	0.093094633290218	-0.0011542892191988	0.0454570881246425	0.0509650812305792	0.0730272025136301	0.0270999181861335	0.0098451067976349	13.718744	-1.0738268	27.750017	31.850128	14.252342	-0.032121953	29.47055	32.589157	3.157192	6.453688	5.3267035	4.9981475
2015-10-23 06:20:00	2015-10-23 06:30:00	10.695545507298318	9.840466907981243	3.613422528065098	-2.1215989031324654	315.82	3.548	-2.605	2.642	-0.0129895085164149	0.0154822055016879	-0.0145091340793945	0.1470034784010795	-0.0057154937817448	-0.0222983714606402	0.0204851762700378	-0.0490166587745584	0.1287829314744774	-0.003529366290229	0.0638230697158767	0.0806380403620216	0.1189140372358636	0.0610355991330367	0.0224530457349194	13.209584	-17.608284	35.591747	43.000214	13.271759	-19.247921	36.26513	44.646214	5.9742646	8.160012	5.8027616	6.18455
2015-10-23 06:50:00	2015-10-23 07:00:00	10.964696905046743	9.96422119885255	3.895770246506516	-2.4000078008416845	330.809	4.138	-1.757	3.14	0.0048429605821587	-0.0002182450570403	0.0113401419538122	0.121312101809514	-0.0024347323598593	0.007402682435781	0.0126598868749163	0.0434016377938695	0.1137609849659813	-0.0028625140903519	0.0402740499632602	0.069179888542871	0.0975986208930489	0.0369975884574698	0.0120585496168204	11.302985	-12.88735	26.40363	32.12929	11.107418	-11.606419	26.958458	33.952435	3.2283237	5.7003713	6.141664	6.271988
2015-10-23 07:20:00	2015-10-23 07:30:00	11.200647973987635	10.050464802073613	4.159061630204248	-2.672667599650699	317.917	4.072	-2.218	2.488	0.0084700871430583	0.0055163685008849	0.0070437869149152	0.1387813982593926	0.0010766833797309	0.015407173140827	0.0115898411090223	-0.0035561750315041	0.1182861398634131	-0.0003248770463993	0.0587209488404253	0.0796755367868851	0.1129292003508822	0.0586588136242711	0.0210317562805226	9.757525	-14.039933	24.378813	31.708101	9.913092	-11.520153	25.407143	32.57802	4.2781196	9.938264	7.3244996	7.209143
2015-10-23 09:50:00	2015-10-23 10:00:00	11.917973160185063	9.979688032262516	5.277608715370231	-3.819601158146	335.227	3.54	-1.615	3.483	-0.0047498258350161	0.0022336301462314	-0.0136989792944869	0.108634357910957	-0.0023956554073424	0.0041507627819462	0.0101626122155823	-0.01070885003358	0.0924272310714518	-0.0031234119005407	0.0445777483711253	0.0617003294869964	0.0877014058623394	0.0435824639385165	0.0137451804818102	11.182579	-11.373314	22.785435	28.251463	11.292223	-11.81526	22.722855	28.651953	2.3952222	4.576889	3.4055002	3.7034721
2015-10-24 11:05:00	2015-10-24 11:15:00	12.003781412928252	9.738908867582197	5.682513133857353	-4.117290746455942	324.477	0.165	-3.153	4.395	-0.0047056306188236	0.0081609989084499	0.0004928511457541	0.0880105175085437	-0.0041586497824302	0.0010259988009902	0.0154043478481572	0.0081287425971583	0.0869245103519545	-0.0040884631747196	0.0306139016801663	0.0630532691994178	0.0547662959315312	0.0159815354616482	0.0044962983531499	11.894676	-11.400606	24.597937	29.866314	11.546211	-11.187534	25.324347	30.388191	1.9432961	3.359986	4.013047	3.9609883
2015-10-24 11:35:00	2015-10-24 11:45:00	11.982173894089684	9.559863015844224	5.870904238579553	-4.2086312798997545	329.314	1.588	-2.628	4.452	-0.0009801927612216	-0.0075135677665753	-0.0030336443087629	0.1035251621166206	-0.0031344902837808	-0.0012151948510862	-0.0112403870924967	0.019726436220816	0.1031969304002846	-0.0030555673862322	0.038566632539786	0.0655076417742118	0.0718651458573736	0.0170995248568637	0.0075833290375263	13.121237	-8.615977	26.096405	30.70457	13.10504	-8.1501875	27.303204	32.22322	2.9510744	3.621887	4.577291	5.237567
2015-10-24 12:05:00	2015-10-24 12:15:00	11.932172255728894	9.353199361985656	6.054930133243796	-4.269747708884149	324.917	0.683	-3.0	4.285	-0.004310596316834	-0.004191700738889	0.0011990862945332	0.0957601967816239	-0.0032045686666586	-0.0027510931875917	-0.0015801758996086	0.0110204239565047	0.0891876777276006	-0.0030510577155895	0.0437173967442311	0.0509266551970558	0.0746148061770458	0.0306541743400134	0.0099956188622338	12.083225	-5.0801187	24.122206	28.82195	12.667716	-4.7073483	24.789955	30.5392	3.6144032	7.891781	5.874743	5.7310295
2015-10-25 05:55:00	2015-10-25 06:05:00	10.584679893294933	9.907228665788804	3.236576136892804	-1.84524672815072	321.364	2.695	-3.762	4.608	-0.0072954443909763	0.0074625175671947	0.0020759823263387	0.114343366772263	-0.0019067949619843	-0.0065715850212957	0.019012199231126	0.000334889217392	0.1072093275968587	-0.0025780094542163	0.0416446010363743	0.0794318119364333	0.0790315210390617	0.0364483705511904	0.0181146171479241	5.5203285	-14.348393	21.745663	27.420843	5.367425	-14.341311	21.184776	26.415491	3.2674074	7.3737655	7.462747	8.835303
2015-10-25 16:10:00	2015-10-25 16:20:00	10.331914150812844	6.667471550896619	7.020966544633448	-3.6051204809120887	323.851	-6.972	-3.502	4.977	-0.0155097958705579	-0.0017465969120714	-0.0097643061173811	0.1311546480504392	0.0018015414065571	-0.018319365241265	0.0025013689366248	-0.0290337598252244	0.1222182376628018	0.0004795605444529	0.0661666233461778	0.0664664757950728	0.1054446080065471	0.055242955611963	0.0257436033828769	19.912952	4.0849805	46.36065	53.78852	22.090082	-2.1166089	46.859585	54.040432	8.618316	16.35501	8.913382	9.514607
2015-11-03 13:05:00	2015-11-03 13:15:00	11.416328892113462	9.342987019466484	5.477476487899192	-3.610636219678261	318.438	-8.045	-2.255	2.49	0.0049657222873466	-0.0140531572071825	-0.0065212144840722	0.2596167667664598	-0.0012255813413209	0.0130823116786631	-0.0224081047534483	-0.0007233569834439	0.2327207247010665	-0.0011006339342797	0.1513840693157137	0.1858302877121991	0.1630471601673012	0.1299931497803124	0.0464801442815756	-4.772788	2.9196365	1.1585209	27.77384	-5.3629766	2.8814788	0.62365705	26.807377	12.785952	21.37124	16.306345	12.139483
2015-11-18 03:15:00	2015-11-18 03:25:00	10.559771503410138	10.541069344584429	-0.3732264884819516	-0.5037006713491695	315.705	4.192	-3.022	3.172	-0.029032329850817	-0.0405588617242261	0.0418767902292339	0.1521070650849256	0.006090526534503	-0.025427129073891	-0.0572835886395598	0.0502037909480101	0.1385716950731252	0.0068693339769081	0.0579532199332041	0.1039844600381785	0.0883079981912643	0.0554495259374797	0.0193100315892782	2.4421232	-23.589474	16.114939	30.22744	2.4826283	-23.775337	15.940263	30.010519	3.0582285	7.1514707	7.173071	4.513286
2015-11-18 05:10:00	2015-11-18 05:20:00	11.477514242796737	11.42259917981857	0.6453073117452739	-0.9164044712368326	328.378	3.233	-2.757	4.498	-0.016381132657554	-0.0007934175698996	0.0107161381854306	0.2178427631779098	0.0007439766997606	-0.0242782883564694	-0.0035482163029867	0.0237624324833812	0.1839433146916365	0.0011707473201226	0.1107236261546521	0.1509024668139676	0.1504697927383731	0.1029600484329318	0.0439301488246061	6.4759936	-10.01574	16.453722	23.280771	6.078521	-10.578616	16.289406	23.774189	5.904134	8.693583	8.895512	7.7814837
2015-11-18 05:40:00	2015-11-18 05:50:00	11.640373474753408	11.558417738236145	0.8945864400387561	-1.0486550332567546	331.086	2.967	-2.548	4.64	-0.0094275691813341	-0.0405732645997991	0.058828927685016	0.138706537440531	0.0009113289788152	-0.008393306763482	-0.0448987688033455	0.0771317265051886	0.1230024359502429	-0.0007792065238933	0.0420012416018127	0.0946637326032284	0.0766612245455988	0.0505833765191854	0.0144887843955125	5.633754	-18.158285	20.130013	29.292591	5.934036	-18.600657	20.979263	29.002531	2.900318	7.176682	7.108227	4.366623
2015-11-18 06:40:00	2015-11-18 06:50:00	11.87685633100223	11.721773341253389	1.3707960623817492	-1.3339344210301494	320.375	3.412	-3.118	3.767	-0.004691018752053	-0.0164057477699088	0.0495322737973499	0.0923294293541146	-0.0025612685669763	-0.0022883595742745	-0.0108205385809734	0.0672498259995813	0.0912775732532299	-0.0031872400028425	0.0307062116836975	0.0570876619036382	0.04367960003317	0.0181564554951407	0.0070460642699861	5.734969	-11.796907	22.453514	26.180765	5.8128395	-11.51334	22.179283	25.577091	1.5932431	2.4967465	2.9238307	2.8470566
2015-11-20 12:40:00	2015-11-20 12:50:00	10.74784623347294	9.809362557474923	3.655686608967796	-2.434481549156994	317.554	-0.577	-4.14	4.527	-0.0036564599542473	0.0069932433191066	-0.0063322396365267	0.1260669147357406	0.0006585184629068	-0.0085620252335373	0.0202994271608725	-0.0253747543367905	0.117655478054134	0.001366882751319	0.0570306466185559	0.0757282668847457	0.0890011086590052	0.0334360257951372	0.0117875285984911	16.856382	-24.715113	34.960285	46.473236	17.028055	-24.309774	35.29185	47.255726	2.42825	6.322735	4.124005	4.5072026
2015-11-20 13:45:00	2015-11-20 13:55:00	10.054368835564231	8.891710103713494	4.039727518988314	-2.38876981888566	343.051	-0.16	-1.795	5.95	-0.0162808742825466	-0.0049699810318751	-0.0411641417601937	0.1750302113318356	-0.0005312051319364	-0.0205485978990356	-0.0072564279412814	-0.0981420014171639	0.1609200618324244	0.0024515608737043	0.0558753518387204	0.0505468927739054	0.1658963872974412	0.0674339224529293	0.0258447488868719	19.704174	9.512069	58.985474	63.554394	19.875196	7.480301	59.372097	63.666412	3.9077325	7.9513597	2.8737674	2.3691618
2015-11-20 14:15:00	2015-11-20 14:25:00	9.674354958850694	8.400423399991116	4.194326154988683	-2.3305046038885155	332.973	0.388	-2.717	5.322	0.0048608730523232	0.0329763830585716	0.073033720267861	0.1008869788032428	-0.0056183170123204	0.0151227188247962	0.0281418998623724	0.0737752446089226	0.0840940745437525	-0.0057080563364249	0.024855860976958	0.0353102786616635	0.0555724557597172	0.0349247644775249	0.0114683804225965	20.294065	25.156961	64.12889	71.86883	19.785076	25.427914	63.85217	71.533195	2.056055	1.7957889	1.0434861	0.80560213
2015-11-20 16:00:00	2015-11-20 16:10:00	7.995195162256468	6.292818749238289	4.531812940554771	-1.9449284504000133	315.408	2.407	-4.265	4.345	0.0207913409204757	-0.0370244568166962	-0.0349855590125067	0.0914809159343552	0.0337470371020968	-0.0206250844910829	-0.0448835505142001	-0.045346326369934	0.0917069456807035	0.0172425643218387	0.0606174949265069	0.0363371636292976	0.0222527349647027	0.0121809681170507	0.0275842982954943	38.932636	45.863285	61.793438	86.24743	38.778137	46.17696	61.969975	86.38193	0.5406361	1.0832033	0.43042904	0.80736774
2015-11-20 16:30:00	2015-11-20 16:40:00	7.397427532871386	5.561756850064573	4.538206219208526	-1.78590147008479	332.207	-0.102	-3.112	5.91	-0.0659608280892506	-0.0457593658004602	0.0282702575324101	0.0851114437759623	-0.0136540965700486	-0.0659608280892506	-0.0457593658004602	0.0282702575324101	0.0851114437759623	-0.0136540965700486	0.0	0.0	0.0	0.0	0.0	45.92461	60.21024	74.49549	106.2258	45.92461	60.21024	74.49549	106.2258	0.0	0.0	0.0	0.0
2015-11-21 10:10:00	2015-11-21 10:20:00	11.723124698393448	11.25004183026708	2.5416010478198685	-2.0992984424322803	319.952	-3.757	-2.307	2.748	-0.005067907848881	-0.0055769876921941	0.0070334149616858	0.1467405197996117	0.000773846222314	-0.0051592621173879	-0.0094098739266309	0.0120677732272338	0.1264773607454648	-0.0002068007459552	0.0630853300555154	0.1018299171224191	0.1094763715541057	0.0700545649809586	0.0285601338628025	2.2120664	-13.139046	17.079243	22.524633	2.7923245	-13.1133	17.715942	23.295464	3.7511568	4.5838985	5.4144545	5.125311
2015-11-22 11:40:00	2015-11-22 11:50:00	11.147354829520074	10.48017190404889	3.056964298532877	-2.2545125926191765	333.129	0.46	-1.617	3.168	-0.0179295847795803	0.0227996043730993	-0.0333663261220312	0.2120716197352337	0.004071344794844	-0.0212661699294751	0.0253686812221461	-0.1029886014537441	0.1898155548504808	0.0019612003259604	0.0820453368103165	0.0759917952624009	0.1951718420509804	0.0870544080491503	0.0285374029505752	11.907911	1.8149992	37.242546	40.181168	12.0928755	-0.7091267	38.080807	41.385002	3.4761262	8.3607	5.371897	5.3306136
2015-11-25 10:10:00	2015-11-25 10:20:00	11.603228618520788	11.257449684437349	2.1032279162187506	-1.8654026108120083	324.197	0.642	-2.013	2.788	-0.0028157672976281	0.0214362125724071	0.0040813849112394	0.0953464902992607	-0.0008550826006117	-0.008448734906243	0.0350383043698695	0.024652082970328	0.0929906507273067	-0.0017182756622325	0.039020990516307	0.0652792165303245	0.0548710494380323	0.0137109490352858	0.0064972851119709	4.522919	-14.261138	17.34892	23.104015	4.446646	-13.459963	17.58478	23.148794	1.5397586	3.837328	3.5800836	4.5759625
2015-11-25 11:50:00	2015-11-25 12:00:00	10.909336115522697	10.3302195637656	2.8206422907523554	-2.0838463244271064	316.767	0.297	-2.618	2.787	-0.0080217922027129	0.0074116508305025	-0.0008497334955555	0.1297114883918299	6.960311812629373e-05	-0.0113330960063702	0.0130719498245831	0.0025111186570887	0.1164140578122005	0.0005430209389951	0.0533993930526319	0.074295767999999	0.0980321290508996	0.0357293743538542	0.0096693751830404	11.85378	-19.480247	31.002388	38.617973	11.970351	-19.642069	31.386541	38.706078	2.3973272	2.4273617	3.0296314	3.2573361
2015-11-25 12:45:00	2015-11-25 12:55:00	10.37119049683244	9.635562029980052	3.197565980340405	-2.1192263724407603	334.989	-0.74	-1.648	3.53	-0.0124997790030186	0.0097094733435202	-0.0253469827681228	0.183409725930341	-0.001207474741691	-0.0136299222436408	0.0107308916614495	-0.0978551668557545	0.1630272284034906	0.0001510128189635	0.0644983943817151	0.0530369746892024	0.1767372901285418	0.0739113902001596	0.0241999368805313	15.818804	-1.9852929	49.483364	52.131092	15.84609	-2.31769	50.03571	52.872326	2.2741203	3.0685897	3.3117468	3.2686327
2015-11-26 06:40:00	2015-11-26 06:50:00	11.995777429432955	11.941605962668902	0.4200551545333231	-1.057868246925385	330.425	-1.883	-1.377	2.398	0.0105406934388525	0.0035439514783394	0.0029449366776334	0.1076386844748299	-0.0022016504508853	0.008926812283848	0.0226567813513009	0.013638659406607	0.0993389043786553	-0.0021073114233398	0.0484058624495299	0.0803898885717986	0.0628000480683932	0.0359966638492719	0.016999218010438	0.48325667	-6.705668	9.670438	12.320131	0.39912063	-6.405119	9.836964	12.221462	1.7272118	2.8744798	3.0157197	2.6966116
2015-12-15 03:50:00	2015-12-15 04:00:00	11.900966605295771	11.39929471075908	-3.2870908851512737	-0.9396156800266006	319.389	6.203	-2.882	3.483	0.0073501143392027	0.0041309545388459	0.0014121844289269	0.2709203713871344	0.0035513878356924	0.0095653943773864	0.0055871126605538	-0.0088942239819282	0.2398741726115472	0.0050241343094583	0.1288684944310467	0.1742312928102477	0.197598797269475	0.1126239429789152	0.0562257335492457	3.4129133	-13.047971	18.89461	28.112091	3.3752968	-14.666262	18.604906	29.176123	7.564992	13.086498	10.957152	9.856917
2015-12-17 04:40:00	2015-12-17 04:50:00	12.004039308929292	11.545064835550363	-3.160704995737554	-0.9039774061289308	326.373	-0.233	-3.065	4.588	-0.0029691696903455	0.0126701436209592	-0.0224148649699407	0.0954575524266422	-0.0008564121033518	0.0021104808518222	0.0449109979503833	-0.0454950493123641	0.0928620488946259	-8.445527143965972e-05	0.0287443912143003	0.0651909069740369	0.0602275555115826	0.0162198392606212	0.0055911830172477	0.64008427	-18.019482	21.40828	28.48611	1.0577815	-18.16902	20.956371	28.83701	2.4563103	4.565058	4.4231777	4.290113
2015-12-17 06:35:00	2015-12-17 06:45:00	11.874815309719663	11.643627885635278	-2.202634419745699	-0.7644428097097361	327.429	-0.518	-2.568	4.027	0.0007842822161079	0.0145775820170751	-0.0020654710205067	0.0992281582523204	-6.222918195029668e-05	0.001488186900943	0.053296440301467	0.0096726406541047	0.0955246489555203	0.0001748550116566	0.0259143903174759	0.0802593480106007	0.0550796329192273	0.0227605867142766	0.0077993358627971	0.7271785	-12.781958	22.008007	25.7919	0.6719786	-13.3829	21.422592	24.798916	2.1333034	4.0228243	3.7929635	4.2612405
2015-12-23 02:40:00	2015-12-23 02:50:00	11.852797636057687	10.773426074294234	-4.700018515905117	-1.5266199790498831	322.559	3.66	-2.775	3.642	-0.001432130563319	0.0086682458957913	0.0184275988368434	0.1342147510672017	-0.0005935206015937	-0.0001522358669647	0.0136120465916093	0.0391716939621305	0.1279779888563926	-0.0005155945581404	0.0469110450844289	0.0768187052459589	0.1052780461008652	0.0398546496298204	0.0188743151129637	3.1653585	-12.369415	23.390043	27.756475	3.0322075	-12.747532	24.997774	28.169355	2.6162703	6.933609	6.6788936	6.2627053
2015-12-26 09:05:00	2015-12-26 09:15:00	10.507157430343517	10.35606309417198	-1.6026666105778553	-0.7629390456098152	336.629	5.542	-1.33	3.073	0.0030890985775218	0.0042264965189243	0.0022641789713067	0.1724879798190678	0.0012865096225941	-0.0013954999278191	-0.0032117940477813	0.0139484849815749	0.146406360507789	0.0022851246948237	0.0660102761508164	0.122615288014201	0.1299014354202987	0.0809115409800333	0.0359334262898241	6.9097095	-11.572502	27.74443	33.430763	6.5149736	-10.615894	28.166729	33.934845	5.254691	11.517004	8.869676	8.528109
2015-12-27 02:35:00	2015-12-27 02:45:00	11.911214875801326	10.581534366891134	-5.163667123550959	-1.8009225958136066	323.018	6.928	-1.958	2.598	0.0033579997326871	0.0025327672003591	-0.0006282528996483	0.1148523761025546	0.0001481343067637	0.0069324000713	-0.0075134045062026	0.0092756490022839	0.1092967940460025	0.0010351406615752	0.0519265722943433	0.0652702244048965	0.0860763513856879	0.0345358777096635	0.0225528035341365	3.235359	-10.305725	19.344677	23.936255	3.4111474	-10.439561	19.779608	23.756544	6.7650914	6.1211405	5.8451695	5.9454737
2016-01-15 04:30:00	2016-01-15 04:40:00	11.55970512864137	9.575032794103045	-6.043205864389176	-2.328829197532811	331.559	3.517	-0.672	1.23	0.0227552452250204	-0.0130840894842788	0.0517632480018332	0.1232633695640667	-0.0060990384458173	0.0271404464450316	-0.0070000639693547	0.0513400877383725	0.1092650579857967	-0.0005411144653992	0.0492165292648914	0.0648094744586121	0.0885777580740289	0.0514113227625943	0.013229623245913	6.395885	-16.273167	23.29797	29.630884	6.459778	-14.114408	22.642849	26.67713	1.2620759	8.651485	4.3101883	8.096189
2016-01-17 20:15:00	2016-01-17 20:25:00	10.456791211139944	5.425443474059597	-8.109373728388421	-3.760957077727884	321.7	-2.87	-1.242	1.59	0.0242817291563442	-0.05405447186181	0.0501995240372658	0.0776626069138121	-0.005342124387863	0.0242817291563442	-0.05405447186181	0.0501995240372658	0.0776626069138121	-0.005342124387863	0.0	0.0	0.0	0.0	0.0	2.9694927	-37.66954	29.5641	47.97758	2.9694927	-37.66954	29.5641	47.97758	0.0	0.0	0.0	0.0
2016-01-17 22:00:00	2016-01-17 22:10:00	11.347029381791415	6.787082927723447	-8.048747378040181	-4.231615835106087	318.838	-3.053	-1.237	1.452	0.0057433525851396	-0.0087327203802077	0.0005654592365013	0.1214167090888113	0.0036304371806701	-0.0006731580577998	-0.0181728984690592	0.0033786518712884	0.1122318192057708	0.0035837473489869	0.0589778756614149	0.0814915604678769	0.087928752381546	0.0567298752223677	0.021598139168474	-2.1986766	-8.752548	15.3741665	21.017618	-2.8384523	-8.883749	15.373382	19.272285	6.9012885	9.400832	7.189607	7.984979
2016-01-17 23:00:00	2016-01-17 23:10:00	11.680389866475505	7.437219319678992	-7.912969904504983	-4.30147881922451	324.935	-3.312	-1.13	1.588	-0.0012081832979585	0.007509416250868	-0.005074254612267	0.1289212699996224	0.0024923151291481	-0.0029546366724968	0.0412656147348548	-0.0144730594159677	0.1136140204680634	0.0012462083546838	0.0385582747474435	0.1056680679498665	0.0817647796401035	0.0529232044212791	0.025802397793168	-3.880543	-28.322386	18.36001	34.33457	-3.6768236	-28.552608	18.23611	34.076794	2.6507983	3.7255144	3.6358392	3.0933259
2016-01-26 01:35:00	2016-01-26 01:45:00	11.92010145480826	7.886802262225075	-7.762964176661939	-4.429667873517609	337.279	4.713	-0.865	2.06	0.0023866713906233	-0.0044374284648719	0.0085699678208179	0.1687383209381809	0.0010101185774061	0.0009375460877511	-0.0038815956216283	0.0192224050552136	0.1530488068746484	0.0016780716740028	0.0952307443730771	0.089358025856651	0.1301297520746865	0.074924723562978	0.0259331258594139	9.347801	-1.6505716	18.778292	23.04203	8.944286	-2.5239053	19.42244	22.981705	4.7495284	7.5361953	5.7671685	4.9403787
2016-01-27 04:55:00	2016-01-27 05:05:00	10.76115965426622	8.288440811312748	-6.315726416531159	-2.685852618023933	353.136	4.717	-0.697	5.803	-0.0090518171644777	-0.0234443294582613	-0.001700338032973	0.104836310068846	0.0005621812568704	-0.0095930738451562	-0.0437933399691444	0.0048192207078739	0.0951152806878715	0.0016295398651069	0.0465366510431535	0.0748427141457423	0.0559438403114637	0.0232511556295568	0.0106082527584265	9.899928	0.8054998	32.822693	34.50964	9.679178	1.1773555	32.386387	34.243332	2.1408224	3.405012	3.8584409	4.0169926
2016-01-27 06:10:00	2016-01-27 06:20:00	9.957481843096206	8.13060819246699	-5.394779925506588	-1.98464058794134	341.721	4.252	-1.76	5.333	-0.002014249871959	0.0138545044341954	-0.0073026630980788	0.152197610783513	0.0020029134698192	-0.0016966495826592	0.0140302129248544	-0.0339460907913128	0.1451715559090177	0.002349319191604	0.0591146346687689	0.0903397150459748	0.1170211430936156	0.0493454428830522	0.0247511485623004	4.194548	-29.214315	46.812344	55.500927	4.383085	-29.51855	46.975452	56.259117	2.1470528	3.477686	4.811167	4.686634
2016-02-02 18:35:00	2016-02-02 18:45:00	10.581085245619972	3.108761133465464	-9.058770044627282	-4.497886155338271	318.025	6.828	-3.973	4.417	0.0027842731712187	-0.001856784985473	0.0087216660089772	0.1397859191331429	0.0054205665229296	0.0027132519799168	-0.0092222124436162	0.0156138841989861	0.1316738224728348	0.0050102411438722	0.0731749883663137	0.0767174956274373	0.0983532353770677	0.0382187920340468	0.0156901536657314	8.923628	-17.257414	40.612038	45.50651	9.73186	-17.781927	41.75349	46.08038	4.605671	5.199932	5.417722	5.7920265
2016-02-09 05:10:00	2016-02-09 05:20:00	9.533890186208485	6.736958356694565	-6.121820297264914	-2.833571502870616	315.356	-0.928	-6.068	6.242	0.0013478385950688	-0.0047544769370464	0.0121811300566459	0.1448150942061691	-0.0009720638929216	0.0013951112122069	-0.0235295235321839	0.0248198256689806	0.1350740243209666	0.0004108857416421	0.0542633693300797	0.1012060228247235	0.099039107004488	0.0468754430660241	0.020265309186977	-0.7450207	-49.622875	54.33538	73.78171	-0.5624325	-49.92187	54.19246	74.25868	2.9744208	4.68591	3.2296448	3.5794086
2016-02-09 05:40:00	2016-02-09 05:50:00	9.100843067054424	6.671301508080731	-5.673273762181012	-2.4759382533911944	316.962	-0.67	-5.933	6.455	-0.0045578099291703	0.0148485785905599	-0.0047345456364806	0.1530016743010555	0.0017700354209913	-0.0043839930029226	0.0277602193012984	-0.0129480290329404	0.1435078981521471	0.0018986918102156	0.0710316881201243	0.1107775901552024	0.0933366747896231	0.0536942041522231	0.0300597471025107	-2.2801828	-59.875175	62.22334	86.79823	-2.623592	-61.03548	62.461555	86.93724	5.0626025	5.53479	4.322099	1.729213
2016-02-14 02:10:00	2016-02-14 02:20:00	11.069788926999964	5.836003392977283	-7.91921593078813	-5.075947489472822	317.831	-0.902	-2.542	2.787	0.0045870130237131	-0.010871114611764	-0.0017050322734562	0.1541737490558441	-0.0015403075497723	0.0013091275314784	-0.0370988556158585	0.0053193308842584	0.1370253025169582	-0.0026446304067887	0.0684881088054539	0.1276360156689666	0.0815661270355266	0.0633023750081544	0.0266353400619116	10.571083	30.418976	-8.465593	35.362442	11.723821	29.870886	-9.064242	36.125877	6.7773232	5.8027763	9.5666685	5.417684
2016-02-18 21:15:00	2016-02-18 21:25:00	11.979760866305789	3.169208371525636	-9.443542657482398	-6.654971145398755	328.276	4.03	-1.408	2.3	0.0083785622731887	0.0121536599758699	-0.0089373999676658	0.1100525691240968	0.0071914067122517	0.029116217700679	0.045337394054157	-0.0217015512393338	0.1048813806670797	0.0097665976471728	0.0643191558560169	0.0749445584498048	0.0559720016157781	0.0327525040277253	0.0188832759029162	-16.547272	-27.06393	10.392856	33.777905	-16.519102	-27.035936	9.534946	33.39962	2.8691947	4.1122985	4.2287154	4.0445786
2016-03-06 02:40:00	2016-03-06 02:50:00	9.010543913966226	3.616236994816072	-6.922896185021027	-4.49257164886452	355.229	-3.403	-0.548	6.563	0.0065529631915475	0.0256376007118249	-0.0131174532121643	0.091570853849387	0.0081918820477087	0.0086058201341679	0.0726113158360892	-0.0193013485585457	0.0849958259309206	0.008528020608659	0.018218497280942	0.080109670405961	0.030987030156921	0.014026516837391	0.0129221879227438	-9.430821	-65.43011	25.229118	70.80659	-8.819207	-65.6935	25.856384	71.34633	2.1353004	1.7029201	1.5409349	1.6757987
2016-03-06 03:10:00	2016-03-06 03:20:00	8.52295089846455	3.7534942380401737	-6.507640402579432	-4.024826928753829	346.014	-2.902	-1.667	6.627	-0.0014595772495947	0.0266014583457964	-0.0021699527596602	0.1086740321727202	0.0028641854657362	0.0019942496407229	0.0764231839573751	-0.0081336787123407	0.1019574162052396	0.0023827453176908	0.0247634741213412	0.0966565611494325	0.0450080242563939	0.0297636370329445	0.0205556627833104	-9.423893	-69.204	32.064926	76.971634	-9.369573	-70.246765	32.499283	77.55413	3.2449493	2.8774192	2.3277862	2.3995762
2016-03-13 19:05:00	2016-03-13 19:15:00	11.978009406053546	-1.028295578343804	-9.869498047781567	-6.708664648553149	340.858	-3.378	-0.9	2.625	0.0315712285381138	0.0534447901451441	-0.0407693735529528	0.0742645937507539	0.0018471923759585	0.0315712285381138	0.0534447901451441	-0.0407693735529528	0.0742645937507539	0.0018471923759585	0.0	0.0	0.0	0.0	0.0	-17.523846	-32.05365	3.2620254	36.676456	-17.523846	-32.05365	3.2620254	36.676456	0.0	0.0	0.0	0.0
2016-03-24 18:45:00	2016-03-24 18:55:00	11.884154612022522	-2.547406673781765	-9.671150801888844	-6.419544646694429	333.588	-6.093	-1.628	2.982	-0.0008788691061833	0.0081494535355419	1.909499929323155e-05	0.0991036294162147	0.0043302001815267	0.0311064423540894	0.0599046906089073	-0.0096614290042312	0.0933565747791481	0.0023292299257878	0.056731304225058	0.0783222052849098	0.0305840585870392	0.0231052021070888	0.0102881002684997	-23.152924	-33.50383	9.008457	41.871876	-22.964958	-33.84397	8.793852	41.804634	2.8617826	1.4751402	2.2320077	1.3455195
2016-05-08 19:45:00	2016-05-08 19:55:00	8.489306976059007	-4.463800425180247	-6.50883847987627	-3.1265152208540905	318.742	5.12	-2.868	3.385	0.0210824447406683	0.0304221824047284	0.0046644787092317	0.0756671089325978	-0.0002184580015028	0.0440026684467656	0.0543811078837021	0.0070377278914897	0.0740132023670713	0.0009125720287933	0.0450514043257103	0.047047902515326	0.0109866673595172	0.0054832169754704	0.0031361118443872	-80.83761	-89.89598	-16.629646	122.44908	-81.90802	-88.81091	-17.339611	122.30882	4.583999	4.3101473	7.944168	1.2143748
2015-09-10 20:15:00	2015-09-10 20:25:00	10.84239626747801	0.5046077346709035	10.276745852001616	-3.4189954207480597	11.144	-1.937	1.69	8.555	0.0019241842162202	-0.0228937042489944	-0.0006576666829732	0.1304366710988019	-0.0122115122311088	-0.0114535004185969	-0.0124938250704811	0.004897350866991	0.1187390803450175	-0.0168165702656242	0.0570134589559046	0.0827105149629483	0.0865977753889145	0.0332456016207987	0.0228140376393401	15.950505	17.35642	45.29952	53.88036	15.472048	18.099125	46.32861	54.372948	14.673534	8.23064	5.5065856	4.2421465
2015-09-21 10:55:00	2015-09-21 11:05:00	11.219916915182296	6.408842692752475	7.62650139142396	-5.162186918028774	16.008	0.538	1.673	5.842	0.0364676996919154	0.0277049271610289	0.0666263375606288	0.0808487783863214	-0.0002653714743377	0.0364676996919154	0.0277049271610289	0.0666263375606288	0.0808487783863214	-0.0002653714743377	0.0	0.0	0.0	0.0	0.0	15.072497	15.028047	27.736546	34.961956	15.072497	15.028047	27.736546	34.961956	0.0	0.0	0.0	0.0
2015-10-19 14:20:00	2015-10-19 14:30:00	11.548662699209917	7.798802456364235	7.23870840313852	-4.488818041590897	42.632	-3.177	0.975	1.04	0.00173527125356	0.0079333733924801	0.0060839757437339	0.1033943637040229	-0.0009820794614708	0.0016209380088751	0.0393220531429396	0.0442582853881757	0.0942431273680345	0.0023340221229273	0.0269865104546379	0.0643672597342251	0.0817334123192028	0.031053767184527	0.0121970285602164	9.659962	21.457403	32.769997	40.4784	9.440895	21.706678	33.290558	40.472504	2.3485055	1.3459455	2.7341268	1.9771433
2015-10-22 08:30:00	2015-10-22 08:40:00	11.594465312001828	10.025957609704912	4.791506357650172	-3.3093358822447656	6.678	4.058	0.388	3.513	-0.006959336661536	0.000591531954935	-0.009617321940858	0.1144219017803271	-0.002785702058512	-0.0148955390438597	0.0056214175849475	-0.0379148370726696	0.1029970491190637	-0.0031519052126916	0.0347019698043396	0.056830145746247	0.0981307265165912	0.0333531889273662	0.011187458766459	7.7590466	4.532674	24.939009	27.191044	7.9020243	4.9331446	25.05882	27.0965	2.5379593	5.7025037	3.997876	4.276908
2015-10-22 09:30:00	2015-10-22 09:40:00	11.844097550605644	9.947562021055909	5.223032631216345	-3.747952528137613	5.556	-0.263	0.482	4.888	-0.0030132477905487	0.0135230707247201	-0.0029662165547807	0.0922971145341393	-0.0005607393632946	-0.0020605942381759	0.0281674804257225	-0.007227488210905	0.0897693585012291	-0.0003464974797209	0.0275328868094598	0.0589023740458897	0.0679659701415675	0.0229981915589843	0.007362688927432	8.374179	8.364511	27.605494	30.318888	7.90957	7.8205614	27.575333	30.15478	3.080754	3.849845	5.0984697	5.76429
2015-10-22 10:00:00	2015-10-22 10:10:00	11.925203601227894	9.863295882067916	5.427727059628265	-3.9324617580654846	11.126	-1.283	0.912	4.625	0.0007698513719463	0.0032082756915224	-0.0108950256070419	0.1024695488965009	-0.0005204487332279	0.0022151063371656	0.0008766376073411	-0.0009128638290021	0.1036061492380335	-1.4580771689207616e-05	0.0392669592541143	0.0722084482787368	0.0667053200943494	0.0288986618505134	0.0111117322144156	8.005592	0.2968526	24.295904	27.483892	7.929551	2.936192	25.608448	27.72117	1.9664625	9.282798	6.2023296	5.2545633
2015-10-22 10:30:00	2015-10-22 10:40:00	11.977679593266949	9.750161312666917	5.6271522782841	-4.090591844142616	14.764	-1.708	1.173	4.46	-0.0039945143933373	-0.0001185564466637	0.0050447498263556	0.1004594894185364	-0.0007573504791343	-0.0017438184899788	0.0041503879948861	0.0178692632545375	0.0945565224732328	-0.0004882390803756	0.0366418386891341	0.0552264379964179	0.0794023517848654	0.0254288802881162	0.009104168018745	8.976966	6.565142	30.642132	33.26434	8.90737	7.3786435	31.087673	34.078735	2.518327	6.1732073	3.5819006	3.6593964
2015-10-22 12:00:00	2015-10-22 12:10:00	11.964946750781138	9.24385992735678	6.200017782839981	-4.389684406829679	7.189	3.538	0.383	2.998	-0.0046464365318224	-0.0026900639984663	0.0114074919780564	0.1417211973838456	0.0005584490093376	0.0007474169333558	-0.0044537169262661	0.0471395851415285	0.1260153561095998	-0.0003544326006693	0.0680272742518327	0.0634653994110231	0.1176411786360242	0.0506860215196094	0.0169812367674107	11.927328	1.0800346	26.826769	30.244865	11.861925	0.7430553	27.157236	31.047241	3.2102792	6.9640727	4.6934037	5.402171
2015-10-23 18:30:00	2015-10-23 18:40:00	8.581371422870864	4.224543828974682	6.933876577653797	-2.776946789386091	30.966	0.695	3.147	5.245	0.0439283906405285	0.0690357626582775	0.0718988980512409	0.1089270011111094	0.0294067755065717	0.0439283906405285	0.0690357626582775	0.0718988980512409	0.1089270011111094	0.0294067755065717	0.0	0.0	0.0	0.0	0.0	16.274302	48.376335	40.81329	65.35172	16.274302	48.376335	40.81329	65.35172	0.0	0.0	0.0	0.0
2015-10-29 05:35:00	2015-10-29 05:45:00	10.65082482310711	10.163137178265517	2.764713644997732	-1.5827971067475513	37.053	-5.147	2.492	3.368	0.0011741711500345	-0.0080190460749136	-0.0037497173633808	0.1348523575273605	0.0010427800010469	0.0062126994920464	-0.0193581781918944	0.0132741343070056	0.1216983386420368	0.0001292286565104	0.0460834243362507	0.0959900380441795	0.0941121378580622	0.0457104990341628	0.0233800862295187	-0.6307317	24.18106	22.299194	33.710087	-0.21937455	24.282742	20.906137	33.306973	3.272014	4.892983	6.8425894	5.2415533
2015-11-06 10:30:00	2015-11-06 10:40:00	11.958043056873008	10.725284830248029	4.252172159620842	-3.1433597429812026	36.004	-5.827	1.505	2.112	0.0005502807871327	0.009348015033887	0.0114317834917514	0.1590983723673072	0.0015593975717663	0.0006059219786368	0.0253582583960743	0.0170741487174955	0.1461061774848997	0.000510064209701	0.0613185867853999	0.1226311467187327	0.0984458864885657	0.058275565851598	0.0181494688736555	-2.2406576	17.059105	7.5714498	22.732115	-2.8388808	17.190138	6.932796	24.80059	6.434497	7.8461714	10.864605	7.59054
2015-11-19 13:55:00	2015-11-19 14:05:00	10.014175585692326	8.763318833244668	4.18872480245533	-2.437273568506769	38.612	3.728	2.017	2.535	-0.019511240034583	0.0041172446987409	-0.0027604096874996	0.1508596166418418	-0.0069478016851004	-0.0228316340907395	0.0008968313384055	0.0027985180759443	0.1402934859984825	-0.0062206916571953	0.0617860179374624	0.0914936338870168	0.1186406208515255	0.0625366299889203	0.0365244486105177	11.675015	23.672682	44.4046	52.06034	12.311257	25.024141	48.06706	56.157097	4.549875	7.084635	11.88379	13.050228
2015-11-26 08:10:00	2015-11-26 08:20:00	11.984843475751966	11.852124416078016	1.1055024435481744	-1.3929198674221188	16.427	-2.26	0.58	1.967	-0.0063329137378948	0.006145720880441	-0.0024579808551547	0.1710178844317409	-0.0042201091294887	-0.0037958633927443	0.0064197426822322	-0.0089470621951999	0.1530522403703504	-0.004467571274103	0.0962394924962641	0.1026850371169834	0.1216873677148093	0.0738300262829554	0.0257668335177799	0.07283245	0.73595905	8.141204	11.194938	0.5057267	0.5719014	8.974512	10.657165	5.1224384	3.6197567	5.816489	3.830546
2015-12-09 05:30:00	2015-12-09 05:40:00	12.012306115768247	11.858572651787613	-1.7704674678963623	-0.730797987914961	15.112	-1.227	1.232	4.602	0.0022427711559196	0.0256635661952082	-0.0071996078549299	0.0811937378781326	0.0011504152065189	-7.971457703042689e-05	0.0535050953430315	-0.008721329568721	0.0801546964764873	0.0014572280791243	0.0220994362404324	0.0528641453684866	0.0521705080474006	0.0113059626996045	0.0051532998715583	4.309902	8.815985	27.413801	29.350554	4.1589484	8.025754	26.843485	29.292267	1.4212872	3.1602266	4.4108415	4.221485
2015-12-09 06:15:00	2015-12-09 06:25:00	12.015900093009456	11.90941096473384	-1.40451539137086	-0.7576190732827884	16.661	0.302	1.563	5.207	-0.0057208728584746	-0.013800621100886	0.0241793164013948	0.0817679076774666	0.0030957858682236	-0.0063458352525324	-0.0212943288152229	0.0320007487026897	0.0807545153299742	0.0023056039494028	0.0179028376103779	0.0597204956885349	0.0456031542261941	0.0094090924050642	0.0046039232542964	4.9524307	8.303542	30.037605	31.916813	4.798359	7.976403	28.833042	31.410364	1.8855531	4.261109	4.7794204	4.6481905
2015-12-09 06:45:00	2015-12-09 06:55:00	11.982901010673723	11.90072356169074	-1.156187865863038	-0.7904240144835512	22.3	-0.21	2.107	5.138	-0.0056937550991939	-0.0146135390048747	-0.0069750533988653	0.0910527229981039	0.0014641841220087	-0.0090081355224545	-0.0241446098072583	-0.0126825093655992	0.0887362171035704	0.0023326810532404	0.0202092440270831	0.0585815849555145	0.0661664691821546	0.0149078723499887	0.0063133363412722	5.396064	9.783362	31.686234	33.79985	5.624	10.14882	32.12509	34.08982	1.6340748	3.3228462	3.7338612	3.7513096
2015-12-09 07:25:00	2015-12-09 07:35:00	11.894587355189987	11.83565307903149	-0.820492916928062	-0.8509491122412021	27.129	-1.143	2.128	4.183	0.0032209953807214	-0.0008550006115847	-0.0022034627868454	0.1089910530172659	-0.0002889329387734	0.0014770834851437	0.006398019625506	-0.000937158799328	0.0950898057294467	9.427209698600032e-05	0.0308071999270244	0.0762912864089556	0.0856168100273683	0.0472926374425068	0.0171793666228878	3.272624	10.003024	22.51403	26.496157	3.0870156	10.109462	23.144268	25.968552	2.213836	7.19982	7.533425	5.3941565
2015-12-09 08:40:00	2015-12-09 08:50:00	11.589924346289822	11.54504214104406	-0.1786827387009794	-1.0025337441438118	38.783	-4.043	2.513	3.117	0.003113531823783	0.0047601111004812	0.0070909743095019	0.1066957823954611	0.0014705529939892	0.0021273951112301	0.0127926867434827	0.0202392549340509	0.0958074422981631	-0.0004886193260563	0.0301126181012601	0.0897333905264719	0.0677140595495806	0.0473570446581907	0.0200421531450609	3.1614	23.879498	16.07493	29.9622	3.0546374	24.358961	16.780174	30.852598	2.8842928	5.647674	6.7223935	5.1284146
2015-12-12 00:40:00	2015-12-12 00:50:00	10.59887642435818	9.704808039599012	-4.11490190658163	-1.1039900779887803	40.612	-2.255	2.463	2.943	-0.0002512990715025	0.0010718329226908	-0.0054104672333633	0.1270219504281558	-0.0018585030631508	0.0036941515371733	0.004960493140358	-0.0022660844745581	0.1134432937201976	-0.0030837311264676	0.0585676642246268	0.0849677870131742	0.08580619379178	0.0436841877322357	0.0204262516444552	6.987315	18.917486	24.46793	33.29566	6.9154606	18.876629	24.111565	32.504288	4.0963826	8.286609	8.88873	7.824991
2015-12-24 08:45:00	2015-12-24 08:55:00	10.832005779950777	10.676182004731762	-1.6619825521829483	-0.7666380123808324	26.65	5.178	2.55	4.807	-0.0162367487322442	0.0118581658495663	0.0122157604620832	0.1862784543297702	-0.0046402003845129	-0.0146586461958539	0.011162107024674	0.0077276139755594	0.1466315157368209	0.0017183952088754	0.0785858172259083	0.1432123683047266	0.1355042214525856	0.1044065012289583	0.0479196227886795	8.314499	16.587498	32.548557	39.28843	8.617808	16.668169	32.88333	39.051506	4.343474	8.111795	10.791793	7.8251753
2015-12-24 09:15:00	2015-12-24 09:25:00	10.544011334697222	10.430530186329294	-1.3299333107880582	-0.7808963116618455	25.201	4.187	3.06	6.377	-0.0128414560346768	0.008295324820958	-0.0016874054920723	0.1246061369818763	0.0027234501436471	-0.0131093427343199	0.0048472756677918	-0.0095862304320918	0.1159873931730708	0.002943681883182	0.0487149534491784	0.0824612141546866	0.0868374009401091	0.0377307050315558	0.0199763678658549	7.7703695	4.8587613	34.425385	38.154182	7.5769563	6.992875	34.30244	37.86833	3.6008174	12.537688	6.9906006	5.6903296
2015-12-25 00:00:00	2015-12-25 00:10:00	11.022492777231705	9.219420586781895	-5.680983726659353	-2.0548664967927865	13.685	4.483	1.51	5.858	-0.0001674898778283	0.0020416657136693	0.0063501478067026	0.0650974459572906	0.0034625926107194	-0.0007721324839329	-0.0054005365331973	0.0077598992685941	0.0649237505498934	0.0016288122449783	0.0256001422200756	0.0462901705993589	0.0464551913153319	0.027623818249838	0.0117616899317861	13.528588	11.48281	35.7624	40.657417	13.150402	10.121283	35.91501	40.573162	3.520576	7.0036044	5.7797604	5.970931
2015-12-25 01:05:00	2015-12-25 01:15:00	11.480178812774758	9.932476463492074	-5.415777208046289	-1.95149349828484	34.626	2.105	3.65	5.247	-0.0023977471885524	-0.0154653900078299	-0.0051525944547024	0.1102075193768562	0.0024969831758758	-0.0024166610654933	-0.0230991601298186	-0.0153341157396472	0.105008485327009	0.0007439961531612	0.0475616112777244	0.0716163736082126	0.0725953629838145	0.0280513447978032	0.0142911597780382	10.436322	14.504537	21.865587	28.93263	10.071027	13.260227	21.314365	28.559082	3.5077274	6.70785	5.0189333	6.5417275
2015-12-30 01:15:00	2015-12-30 01:25:00	11.700908937211556	9.845062797815832	-5.883208870457423	-2.317851771327227	30.775	-4.26	1.16	1.988	0.0066015017903878	0.0020507147009512	0.0158444253389227	0.1509489309132016	-0.0020860286136458	0.0079678912243457	0.0006934921081417	0.0206099217844015	0.1330519259923498	-0.0030574603172525	0.0800101964492853	0.1023573138180004	0.0948270378167286	0.0581727569927757	0.0332790279403394	-0.8485215	10.946666	2.0607853	15.5364	-0.3538228	11.92784	2.3586507	15.833362	6.932701	7.7483745	7.0260987	6.3939285
2016-01-03 01:40:00	2016-01-03 01:50:00	11.889472429819104	9.844843338890222	-6.157849666445627	-2.5530521577990317	40.77	-6.492	2.475	2.905	-0.0043153802351739	-0.0113807133713835	0.00121080438464	0.3162907598724824	0.0035103203431474	0.0005407773406255	-0.0108449665307657	0.0070150980416901	0.286063113181832	0.0044148884372433	0.1736615367509492	0.2055307018838303	0.2027443123289553	0.1166885570879315	0.0768274735676754	-3.396246	7.5345726	6.848818	24.05195	-3.2107167	7.0288467	7.444129	24.13211	11.671432	13.835036	15.098101	9.60716
2016-01-05 02:20:00	2016-01-05 02:30:00	11.99162604600718	9.985247381261589	-6.1415129939726825	-2.524734633353867	21.421	-5.178	1.623	4.193	-0.0071199281539336	0.0053548946502911	0.0070956385223874	0.2681987134616103	-0.0052340954859284	-0.0055444405828144	0.0097264883720376	0.0094705333632695	0.2371877518317214	-0.0069460078621882	0.1515687227589763	0.1602049441878927	0.1870313998303399	0.1087134436982844	0.0633294782305023	-4.4283695	5.3413267	15.159644	24.619053	-3.9964595	5.600858	16.426388	24.833427	10.897425	11.318799	12.11344	8.090843
2016-01-05 07:10:00	2016-01-05 07:20:00	10.937966165356462	10.235817211453854	-3.721251845730635	-1.0089013005634926	17.067	-2.377	1.647	5.383	0.0070703012131586	0.0084806425829216	-0.0015381838613955	0.1064658802688586	0.0013967280066529	0.0030681560856541	0.0156075196234382	0.0015774557945969	0.1017636996167481	0.0002421511080545	0.0456110624905081	0.08197669673408	0.0561994693001716	0.0273536283625751	0.0157004325179411	4.16652	8.538815	28.555386	30.757484	4.18037	8.512361	28.400175	30.523209	2.5675428	5.604617	5.429746	5.2100425
2016-01-09 22:55:00	2016-01-09 23:05:00	11.34150123574576	7.898595284813887	-7.33516974977286	-3.526410439193596	36.835	1.508	4.095	5.462	0.0129181960308621	0.0116698315032767	-0.0053893480900331	0.0934248556383908	0.0004915072163437	0.0167887002710554	0.0163949563679424	0.0013152105783293	0.0881960051932001	0.0013806338486674	0.0406492707436118	0.0487328813793545	0.0679331481730049	0.0156868013949679	0.0083998220395959	18.652672	19.114239	28.238312	39.070053	18.77632	19.154121	28.713608	38.84006	2.0239618	3.2437413	4.3434625	4.206384
2016-01-18 03:40:00	2016-01-18 03:50:00	11.70258629811377	9.200135754351846	-6.621315629910948	-2.909369059720074	30.082	-3.21	0.823	1.375	0.0004945503356372	-0.0004659835634343	0.0105191963875474	0.1016565981176597	0.0007223165870113	0.0062805015493063	0.0072318946109695	0.019019980495661	0.0957987426006146	-5.052048164836165e-05	0.0474498240985556	0.0611109927885225	0.0695632818523349	0.0245385554006424	0.0112333330884626	8.901437	9.197384	17.023928	23.475851	9.185268	8.29748	17.875635	24.318459	3.2677958	8.442735	7.465099	6.3412933
2016-01-18 04:15:00	2016-01-18 04:25:00	11.528717225538466	9.25984211672141	-6.348750388532846	-2.6188165427601686	16.231	-3.443	0.573	1.885	0.0003064676380819	-0.0075452960447205	0.0084088002601743	0.1024497434805677	-0.0004175554656082	-0.0005314250833435	-0.0267878712975605	0.0218564004859008	0.0954994425107604	-0.0015239171044515	0.0349885596217576	0.0730762957989557	0.0703299782605981	0.0337999046098509	0.0103579292276771	-0.8214041	-21.117046	21.825068	30.878784	-1.4300475	-21.012825	21.441582	32.87925	3.6941686	4.5006266	5.128943	5.444936
2016-01-19 09:10:00	2016-01-19 09:20:00	8.078073942804123	7.65339322506201	-2.460243388310037	-0.7905932336038116	25.487	0.387	3.86	8.117	-0.0067919454522884	0.0170932680050451	0.0227388071226732	0.2208552866160641	0.0069624200157347	-0.0118039705749117	0.0203906729143189	0.0128563553535479	0.1976784670625256	0.0021388498195351	0.1357160930375598	0.1357287097420417	0.1350576915260584	0.0846169407103828	0.0584476197237077	17.613321	-33.782227	87.49751	95.60605	17.928123	-34.018745	87.627396	96.47767	4.9051337	3.5472436	5.089708	5.4142413
2016-01-26 06:15:00	2016-01-26 06:25:00	9.985169121631136	8.231285542053413	-5.317153641030324	-1.9170926805803328	24.896	3.467	1.072	2.322	-0.0147056735873173	0.0256352339694454	-0.0326959604973352	0.2598852542575611	-0.0046843079755127	-0.0172768897346307	0.0256328198225732	-0.0283754729562574	0.2309618002104214	-0.0056221981341489	0.1310805741961403	0.1794044065249508	0.1701952493269928	0.1128564726291228	0.0648888162279393	8.589709	-6.6933584	21.594067	31.912857	9.331091	-10.20119	21.980326	32.483177	7.3440256	19.115385	8.037153	7.0983043
2016-01-26 06:45:00	2016-01-26 06:55:00	9.600004638897468	8.094782817551357	-4.882315723832147	-1.671917216488186	28.49	3.333	1.3	2.423	0.0025794738362722	0.0346139282016661	0.0183117166153453	0.1549226472903213	0.0050079885306162	0.0012194750137089	0.0677824479881557	0.0336303929960134	0.1425098782040134	0.0026636299794196	0.0566125839014348	0.1089950351590371	0.0996916076369314	0.0506200455485194	0.0335745412949197	3.6650078	-35.95167	47.99745	60.4031	3.6509237	-37.58638	48.135185	59.012325	3.4884946	5.763008	6.5934978	7.073316
2016-02-04 02:30:00	2016-02-04 02:40:00	11.43554737888686	7.119654250138638	-7.727577349599504	-4.512745323080182	30.105	-3.137	3.262	5.618	0.0033091192620508	0.002184826217165	-0.0001031686808021	0.1261425927867923	0.0002938874577445	-0.0207053615423141	0.002112105758835	-0.0113419477615427	0.1125764635531626	0.001823831110827	0.0831586940039992	0.06379463842699	0.084033023945173	0.0463729884581863	0.0201676257785737	22.84376	14.582989	25.678957	37.79123	22.706186	14.231268	26.406345	37.61994	3.6447797	4.1160245	3.5970984	2.9829686
2016-02-04 03:00:00	2016-02-04 03:10:00	11.238388555311175	7.218828348686607	-7.514369781018201	-4.2097598455643785	24.93	-2.243	2.568	5.535	-0.0020133825445809	0.0040003561463302	0.0017935813752881	0.1079508743164316	0.0020712132860358	-0.0041370018311738	0.006968646334006	-0.0004915189933406	0.101262317503099	0.0029471209246023	0.0516500611590181	0.05406795970387	0.0898986451482505	0.0451964789645916	0.0206764528539843	12.421399	-10.309845	34.716564	38.746914	12.482331	-10.2081375	36.291885	40.74994	4.1791153	4.6044216	5.412511	5.697489
2016-02-04 05:15:00	2016-02-04 05:25:00	9.9391098083302	7.323346901835623	-6.147478649677652	-2.713039188755584	26.008	0.798	2.787	5.698	-0.0055229214421125	-0.0107660756327035	0.0133668564021811	0.1857984001536712	0.0025262286144711	-0.0066890323331975	-0.0612704636730883	0.0267919846596574	0.1682381367616655	-5.1070588601069615e-05	0.0598479780058367	0.157027592077643	0.100866908641711	0.0649431813220039	0.0344586802164086	-3.6841109	-47.425503	33.150185	58.691116	-2.5496967	-47.91271	33.270725	58.169556	6.260506	4.1079965	6.302838	3.5823736
2016-02-04 05:55:00	2016-02-04 06:05:00	9.409568817477826	7.22342139954907	-5.582638298396265	-2.278985883904834	20.859	1.742	1.582	3.698	0.0097119844870401	-0.0081088331406105	0.0156548029646083	0.1173507348721981	0.0101828507314824	0.0104232010254493	-0.0471252607482679	0.0203518323234588	0.1133205333169608	0.0101326953563214	0.0303709245699378	0.0881841754731126	0.0761452343971322	0.0336287419166152	0.0202210692823403	0.97704697	-47.93077	48.805233	68.65237	-1.2569385	-48.00665	48.02039	68.11098	5.4621363	1.7329862	3.2628047	3.2560153
2016-02-07 05:00:00	2016-02-07 05:10:00	9.858897052278005	6.990098343177222	-6.303505969520837	-2.932520484570665	37.793	0.893	3.168	4.105	-0.002834319090501	0.0095479073264961	-0.0030907114076034	0.0978450393921932	0.0028475644339891	-0.0008352946318482	0.0607502408475542	-0.0306817446444793	0.0911964554865841	0.0009182386637775	0.0164322376694722	0.0848473148509699	0.0531914379875959	0.0288705907421598	0.0104307775450468	5.8281403	-52.516193	34.26804	63.176052	5.5054545	-51.91261	33.89862	62.949345	3.1295028	2.5919263	3.3754833	1.7054776
2016-02-15 17:35:00	2016-02-15 17:45:00	10.878562365328142	1.2834725134909828	-9.5986868019674	-4.955632817497531	30.082	-3.083	2.567	4.243	-0.0236946782000304	-0.0737665652493708	0.0212653385339761	0.0811208231634095	-0.0065173494006836	-0.0236946782000304	-0.0737665652493708	0.0212653385339761	0.0811208231634095	-0.0065173494006836	0.0123381399501841	0.0019300959176202	0.0009294406849112	0.0056026264926774	0.0091879038240857	-15.864179	-38.799156	17.522612	45.60702	-15.864179	-38.799156	17.522612	45.60702	2.0777216	2.7463245	2.1602192	0.78367615
2016-02-15 18:05:00	2016-02-15 18:15:00	11.123464606289142	1.6121780377848296	-9.668012156363984	-5.259206144366334	35.835	-3.12	3.085	4.26	0.0022011552251865	0.0108082853658507	-0.010330681288939	0.0959044288277418	0.0039867325153876	-0.0040564973816183	0.0539827473662669	-0.0246172574450285	0.0936705314257329	0.0028035371881695	0.0357790831361675	0.0762790173545277	0.0511842675734983	0.0273713015705475	0.0148236859226468	-19.132107	-42.637527	21.46795	51.802746	-18.724516	-43.780594	21.422283	52.241547	4.519268	3.170532	4.663471	3.6835942
2016-02-26 21:30:00	2016-02-26 21:40:00	11.939976803178892	2.29899745427808	-9.41158879221232	-6.978401009133222	8.966	-3.56	0.738	4.773	-0.0100711327388389	-0.0153060809193075	0.002467768848523	0.1064563211075512	-0.0027819529271616	-0.028650811106587	-0.0607411249007909	0.0101697744282841	0.102121906193709	-0.0034001452628229	0.0466310041111618	0.086652164153837	0.0421109660111978	0.0215691205764713	0.0096153565509447	-16.958834	-32.43236	10.251854	38.159756	-16.879894	-32.380386	10.293244	38.90254	2.8125637	3.707871	2.4050677	3.9795454
2016-02-29 19:40:00	2016-02-29 19:50:00	11.96436910086416	0.9318648899021872	-9.8518990615514	-6.724267135752119	39.377	-4.372	2.778	3.345	0.0027070110582763	0.0102747172393424	-0.0065604820959372	0.1207302399343198	0.0014604746570948	0.0080444975774348	0.0438986291134094	-0.0151084432177203	0.1049953599589522	0.0020232982529522	0.0594081259050683	0.1000976579422077	0.053989003287768	0.0452086920738154	0.013555736986341	-20.834667	-36.713116	17.36592	46.152924	-19.80026	-36.876846	17.41131	46.15139	4.221803	3.0138555	4.782877	1.7894002
2016-03-01 02:20:00	2016-03-01 02:30:00	9.792653563812856	4.019689986213854	-7.42764745327248	-4.956369419560677	10.36	-4.395	0.68	4.355	0.0024926901363373	0.0380171215183066	-0.0056905457085076	0.1241779040047126	0.0008893049396865	0.0055337253744308	0.0935086031855064	-0.0115391380280508	0.1167069104172789	0.0003610615055297	0.0239763548682705	0.1144468448472908	0.0365505290179554	0.0327510695988998	0.0144101847826155	-10.75809	-65.38407	19.92559	69.49357	-11.478573	-65.08246	18.403288	69.60979	3.3185635	2.6924558	5.2379355	2.045738
2016-03-02 17:40:00	2016-03-02 17:50:00	11.663424554157686	-0.4240496543444352	-10.068249151455278	-5.87226303317401	35.073	-2.402	3.885	5.552	-0.0095538584368999	-0.0192304589847395	-0.0203307811106555	0.0755899568892683	-0.0012270695722792	-0.0095538584368999	-0.0192304589847395	-0.0203307811106555	0.0755899568892683	-0.0012270695722792	0.0240586896803329	0.0460037718832169	0.0463618531924632	0.0022748296422275	0.0084443541594715	-13.789982	-30.765842	7.1485834	34.494125	-13.789982	-30.765842	7.1485834	34.494125	1.5152307	0.8798094	0.7169478	1.24189
2016-03-02 20:40:00	2016-03-02 20:50:00	11.964325580709303	1.228273551301027	-9.613867261778031	-7.014858110144285	43.583	-2.392	4.547	4.783	0.0015753566452259	0.0018266244550733	-0.0085703414196463	0.0881946187549751	0.0022097070042608	0.0080691690123755	0.0485233299938893	0.0011936934592506	0.0851660314005121	0.0034595622514381	0.0312358469415934	0.0798768427815298	0.0251769729381896	0.0170542192259757	0.0065194748459771	-13.205157	-34.788715	5.698284	37.921886	-12.953979	-34.336796	5.9789157	37.468174	1.5254093	2.4756615	4.0458074	1.9637189
2016-03-02 21:30:00	2016-03-02 21:40:00	11.866165014013069	1.6717989757935725	-9.377427264798111	-7.076245698536005	23.138	-3.232	2.252	5.25	0.0056103273689121	0.0305678077521023	-0.0100646866218562	0.0953284955708191	0.0022860776911101	0.0191474877982797	0.0496434748697189	-0.0145574393567974	0.0897519857422646	0.0014673606831762	0.0366321230963962	0.071591758693529	0.0490572620505208	0.0292155747544326	0.00756450956434	-13.833266	-29.441542	15.1618	36.077595	-13.510967	-28.70135	15.407981	35.5947	1.671713	2.3079922	2.6343226	1.2297691
2016-03-02 22:00:00	2016-03-02 22:10:00	11.768957530232123	1.931613656075018	-9.223231081124927	-7.050371313083281	30.006	-4.865	2.157	3.775	0.0111776105949098	0.0291462524102312	-0.0107516503681513	0.088007129064303	0.0024253220500569	0.026957705435669	0.0667464265274136	-0.0115550533344675	0.0861206267445702	0.0021191339724596	0.0351250298934096	0.0712028091178849	0.0243900201056334	0.0155970208602321	0.0070534149574761	-17.591936	-38.465797	8.419077	43.55416	-17.549406	-38.853188	9.291812	43.21936	2.0623615	2.316152	5.50624	1.7164335
2016-03-04 19:50:00	2016-03-04 20:00:00	11.983943245517162	0.5243866835656164	-9.80516924713033	-6.869976631933487	23.333	0.788	1.817	4.22	-0.0127455032633061	-0.0094109547084259	-0.0016806095808791	0.0904319652505601	-0.0002531115924427	-0.0141699134805151	-0.0108741270905702	0.0050732639468514	0.0877171177555058	0.0009369929371231	0.0264509744952994	0.0835291567968346	0.019625529448559	0.0117402523193177	0.0028086208818269	-10.4293995	-31.803085	5.0899067	33.95549	-10.55033	-31.674059	4.7963185	33.891445	1.3888103	0.49124148	2.1813478	0.26229462
2016-03-04 21:40:00	2016-03-04 21:50:00	11.78833484910313	1.5118686957419545	-9.29747106185785	-7.087635594093929	22.936	0.208	1.683	3.943	-0.0120689492125084	-0.0784814407512355	-0.006192247423593	0.0796450877684167	-0.0037904809994999	-0.0120689492125084	-0.0784814407512355	-0.006192247423593	0.0796450877684167	-0.0037904809994999	0.0	0.0	0.0	0.0	0.0	-8.7353525	-32.443905	1.2551486	33.62274	-8.7353525	-32.443905	1.2551486	33.62274	0.0	0.0	0.0	0.0
2016-03-05 18:40:00	2016-03-05 18:50:00	11.922560505120332	-0.2426167956426924	-10.015331434700654	-6.463698423788941	39.566	-2.518	2.493	3.055	0.0287021111878509	0.0520677994063488	-0.0446286917371237	0.0762529993199939	0.007363331589008	0.0254325153120898	0.0568044280980013	-0.0389725566263747	0.0779505459066245	0.0053497073052652	0.0070709681449844	0.0124554964327152	0.0095111161327155	0.0027688363105344	0.006457996999009	-20.49289	-32.386936	8.449325	39.287174	-19.796295	-32.13892	7.993053	39.700005	0.9898374	1.0272503	1.2622834	0.6401105
2016-03-05 21:15:00	2016-03-05 21:25:00	11.84461846195101	1.166530455136939	-9.410021412676514	-7.0981742031865735	17.119	-3.023	1.252	4.173	0.0143711037120848	0.033564636151487	-0.0069151792926789	0.0919064276379991	0.0025398298920387	0.0268446543778781	0.0671655899619646	-0.0113502618385961	0.0846761069933267	0.0031060340883842	0.0383746743802365	0.0726356400048807	0.0252144176944736	0.0178454581822803	0.00899292580949	-19.675262	-36.876755	7.164862	42.613213	-20.047462	-36.56717	7.4764595	42.63797	2.2464688	1.797242	3.270227	1.196527
2016-03-05 22:00:00	2016-03-05 22:10:00	11.678852754987943	1.5634715638373138	-9.171005389807709	-7.059907836946683	22.687	-1.908	1.913	4.642	0.010873708879404	0.0115901250612198	0.0070440081878445	0.1054464463056983	0.0015915157323478	0.0161339262668895	0.0418781584132291	-0.0014403159766682	0.0963513841459221	0.0014308060509044	0.0607614663381496	0.0802439399255998	0.0437395083972352	0.0350346091423297	0.0096522799564162	-21.153696	-37.168755	10.4679785	44.100292	-21.589458	-37.333168	10.816984	44.822113	3.0311067	4.6458106	1.6388695	5.21488
2016-03-05 23:20:00	2016-03-05 23:30:00	11.218055181693176	2.2403125857077675	-8.696864421428707	-6.722253562605009	8.07	-1.787	0.725	5.185	-0.0044617778454199	-0.0115102313032127	0.0028603900472431	0.1039373982187887	0.0031576837821081	-0.0163354863825363	-0.0497378419460421	0.0019507903848701	0.0947316204593096	0.0034403865732875	0.0449560523341079	0.0872708123847967	0.0421541528780861	0.0277813950255407	0.009626145673184	-23.311817	-44.63743	12.898653	52.086994	-22.882044	-44.918766	12.636425	52.898823	1.8450997	3.1977499	2.463445	2.9932463
2016-03-11 21:15:00	2016-03-11 21:25:00	11.686260254803726	0.41910526228041	-9.289444554868773	-7.077967932935066	23.67	-0.155	2.273	5.362	0.0019090240421667	0.0148338018622424	0.0014386598694794	0.0884796413604004	-0.0006400176589552	0.0260963222580316	0.0474134379884775	0.0016481819581861	0.0847940665106281	0.0008047638097475	0.0563579872329758	0.0632746405852719	0.0282212099986267	0.0193248135145207	0.0095542804785088	-27.021372	-34.200382	7.93126	44.453587	-27.636906	-33.80039	7.6309824	44.864487	2.7262228	2.5469077	3.0217102	3.1070924
2016-03-12 23:50:00	2016-03-13 00:00:00	10.527417198233174	1.7009846425984598	-8.244753238570993	-6.321020375343191	20.431	-4.397	0.672	1.792	-0.0097807717449139	-0.0008829276202933	0.0056106494120172	0.086934859842692	-0.0035887971706795	-0.021728156335243	-0.0641948128844563	0.0065937826239928	0.0819620475562242	-0.0044255897489242	0.0190033517061288	0.0850669094290069	0.0068307468926903	0.0146430238354834	0.0063184713658999	-11.4044895	-49.50226	2.9024992	50.90987	-11.430114	-49.244743	3.108648	50.608685	0.97430754	1.624575	1.1930852	1.4686723
2016-03-13 00:20:00	2016-03-13 00:30:00	10.205524289891065	1.956764337597115	-7.999915540013876	-6.0268597432255335	26.537	-4.033	1.122	2.235	0.0055825281818256	-0.0021049132178775	-0.0003993593083195	0.0762039521826752	0.0032452817280891	0.0055825281818256	-0.0021049132178775	-0.0003993593083195	0.0762039521826752	0.0032452817280891	0.0194766596689193	0.0728145103203318	0.0095015923261333	0.000534679281463	0.0025942314169726	-11.636669	-51.11541	4.7615423	52.64143	-11.636669	-51.11541	4.7615423	52.64143	0.3037486	0.77276045	0.11717868	0.67261505
2016-03-13 21:25:00	2016-03-13 21:35:00	11.57373966886565	0.2723637100506895	-9.181950980847546	-7.040414867622254	13.341	-3.885	0.438	2.047	0.0104913351798201	0.0433742287353904	0.0050763512803139	0.0819855161181178	0.0007101172241384	0.0100702421606689	0.0668844783448519	0.0050353523304563	0.0735708960258645	-0.0024621252351706	0.0277859310864891	0.0649647261514754	0.006938168391886	0.0183343424295986	0.0052045821395966	-14.736441	-35.205647	0.5849465	38.2488	-14.3803	-35.633533	1.5894371	37.799496	1.8086271	1.1984729	2.0116706	1.6510792
2016-04-08 20:35:00	2016-04-08 20:45:00	10.576180162382904	-2.827259330229127	-8.360983990191032	-5.827028190353071	27.787	0.005	2.143	4.077	0.0087645932705943	0.0269842625137404	0.0041786187686964	0.0805271768507858	-0.0060515779730458	0.0301862344623675	0.0592026978106367	0.0060384226946876	0.0777609336336578	-0.0059114123412178	0.0362779971731912	0.0658579908706601	0.0088731331191651	0.0083608428782165	0.0017415342873568	-26.129984	-44.31917	-4.306481	51.636402	-26.027674	-44.19331	-4.081187	51.608047	0.20094351	0.32101664	0.84029585	0.20441858
2016-04-08 21:35:00	2016-04-08 21:45:00	9.905277333279123	-2.049127068144082	-7.895871645802033	-5.618610373804249	25.849	1.802	1.762	3.665	0.0192309719645562	0.0679996603384825	0.0030598396439861	0.0712898765854572	0.0045937895893061	0.0211819158122069	0.06840184464367	0.0027391153099425	0.0720531256359578	0.0016644067386359	0.0038372237083341	0.0021599497216646	0.007807300168986	0.0011152616035273	0.0058348170892121	-24.090118	-50.25548	-4.6897206	55.949066	-25.188671	-50.758656	-4.297214	56.970657	1.8186243	0.98778653	0.75892705	1.5817965
2016-04-10 20:20:00	2016-04-10 20:30:00	10.59079297088235	-3.1623699646831773	-8.34972773437112	-5.696003606328953	25.354	-1.777	2.91	6.147	0.0424676545194717	0.0618459095232794	-0.0165783695005642	0.0770985997633952	0.0008179504681669	0.0424676545194717	0.0618459095232794	-0.0165783695005642	0.0770985997633952	0.0008179504681669	0.0007699727871787	0.0063576327991504	0.0059481628397937	0.0059547837104662	0.0097314910283979	-23.565105	-39.31877	2.1948693	45.903526	-23.565105	-39.31877	2.1948693	45.903526	0.28127193	1.7310925	0.7067394	1.5933744
2016-05-18 16:55:00	2016-05-18 17:05:00	9.97702915892136	-7.399447529600997	-6.387943551530921	-1.995335879127192	29.076	-4.953	1.238	2.008	0.0796058663781833	-0.1049597194324684	0.0259404463050084	0.1353565154483306	-0.0647062397387913	0.077660076470357	-0.1109530362922031	0.0305572771938162	0.1343291682105444	-0.0659618749748541	0.0093257828146927	0.0151399054748592	0.007012743223449	0.0083977780254688	0.0027467289806598	-42.46011	-39.68542	3.6121197	58.23119	-42.478447	-39.651382	3.605689	58.23306	0.03852649	0.09082192	0.14753838	0.029177196
2016-05-19 03:45:00	2016-05-19 03:55:00	8.807398395923114	-8.725863950772949	0.1286014345281732	-1.1874681572159516	29.598	-3.66	1.275	2.378	0.084642485846045	-0.0070848588237397	-0.0362012042479549	0.0923313209249841	0.0053081195457028	0.084642485846045	-0.0070848588237397	-0.0362012042479549	0.0923313209249841	0.0053081195457028	0.0	0.0	0.0	0.0	0.0	-57.498596	8.823124	26.53391	63.937347	-57.498596	8.823124	26.53391	63.937347	0.0	0.0	0.0	0.0
