Start_str	Start_ind	Mgs#_avg	Clang_avg	Rmag_avg	Bx_avg(nT)	By_avg(nT)	Bz_avg(nT)	Bdeviat	Dtheta	End_ind	End_str
2020-09-04 11:55:00	1006	5.82	230.346	16.924	-1.595	-3.253	-2.697	0.03	3.61	1011	2020-09-04 12:20:00
2020-09-05 11:30:00	1287	5.78	278.429	17.76	-2.863	-3.333	0.495	0.09	16.08	1292	2020-09-05 11:55:00
2020-09-05 12:05:00	1294	5.88	280.664	18.234	-1.75	-4.168	0.778	0.02	15.71	1299	2020-09-05 12:30:00
2020-09-05 13:50:00	1315	5.7	306.456	19.565	-2.135	-3.267	2.45	0.05	28.62	1320	2020-09-05 14:15:00
2020-09-05 14:20:00	1321	5.73	289.126	19.921	-1.967	-3.955	1.37	0.05	23.20	1326	2020-09-05 14:45:00
2020-09-08 21:50:00	2275	6.35	278.573	16.542	0.887	-2.668	0.403	0.08	12.01	2280	2020-09-08 22:15:00
2020-09-09 02:15:00	2328	5.75	268.503	20.04	1.987	-3.14	-0.078	0.07	19.67	2333	2020-09-09 02:40:00
2020-09-09 03:25:00	2342	5.9	289.991	20.824	-1.453	-2.833	1.058	0.08	25.82	2347	2020-09-09 03:50:00
2020-09-09 03:55:00	2348	5.68	283.13	21.145	0.08	-3.583	0.817	0.06	15.66	2353	2020-09-09 04:20:00
2020-09-09 04:40:00	2357	5.22	281.79	21.609	1.842	-3.588	0.79	0.08	26.56	2362	2020-09-09 05:05:00
2020-09-09 05:35:00	2368	5.33	275.169	22.149	1.87	-3.012	0.302	0.04	26.94	2373	2020-09-09 06:00:00
2020-09-09 07:25:00	2390	5.43	300.793	23.148	0.877	-3.392	1.995	0.07	17.16	2395	2020-09-09 07:50:00
2020-09-11 05:15:00	2940	5.7	253.002	21.484	2.518	-2.368	-0.733	0.04	25.86	2945	2020-09-11 05:40:00
2020-09-11 05:45:00	2946	5.7	257.542	21.173	2.137	-2.545	-0.57	0.03	11.03	2951	2020-09-11 06:10:00
2020-09-11 06:25:00	2954	5.7	237.475	20.745	2.163	-2.237	-1.42	0.05	23.55	2959	2020-09-11 06:50:00
2020-09-11 09:10:00	2987	5.7	225.75	18.795	2.163	-1.585	-1.545	0.10	21.15	2992	2020-09-11 09:35:00
2020-09-18 04:40:00	4915	6.03	244.774	21.683	-2.7	-1.288	-0.622	0.07	25.65	4920	2020-09-18 05:05:00
2020-09-19 20:00:00	5362	5.92	237.799	23.612	-0.235	-1.052	-0.632	0.10	21.77	5367	2020-09-19 20:25:00
2020-09-19 20:35:00	5369	5.9	260.215	23.89	0.538	-1.473	-0.255	0.07	8.99	5374	2020-09-19 21:00:00
2020-09-21 16:25:00	5889	5.0	304.735	21.643	-0.132	-5.11	3.552	0.06	10.60	5894	2020-09-21 16:50:00
2020-09-21 18:25:00	5913	5.03	277.933	20.37	0.872	-7.62	1.073	0.09	8.11	5918	2020-09-21 18:50:00
2020-09-21 19:05:00	5921	5.08	289.069	19.912	-0.475	-7.925	2.765	0.09	12.07	5926	2020-09-21 19:30:00
2020-09-21 19:35:00	5927	5.07	284.86	19.558	1.3	-7.943	2.108	0.05	8.43	5932	2020-09-21 20:00:00
2020-09-21 20:15:00	5935	5.03	292.836	19.069	0.787	-6.867	2.892	0.07	4.51	5940	2020-09-21 20:40:00
2020-09-22 02:25:00	6009	5.4	268.859	13.488	1.917	-6.933	-0.16	0.05	27.30	6014	2020-09-22 02:50:00
2020-09-22 03:35:00	6022	5.2	301.33	12.155	-3.547	-6.095	3.687	0.08	20.16	6027	2020-09-22 04:00:00
2020-09-25 12:20:00	6920	6.95	278.749	15.684	2.933	-3.672	0.585	0.04	17.34	6925	2020-09-25 12:45:00
2020-09-25 12:50:00	6926	6.07	278.511	15.2	3.755	-4.282	0.665	0.09	14.73	6931	2020-09-25 13:15:00
2020-10-06 17:40:00	10065	6.53	271.942	12.306	-3.335	-3.445	0.095	0.07	17.66	10070	2020-10-06 18:05:00
2020-10-06 18:10:00	10071	6.42	284.3	12.883	-3.57	-3.405	0.872	0.08	14.52	10076	2020-10-06 18:35:00
2020-10-06 18:40:00	10077	6.5	295.201	13.441	-3.488	-2.98	1.403	0.04	4.98	10082	2020-10-06 19:05:00
2020-10-06 19:20:00	10085	6.43	290.688	14.154	-4.165	-3.262	1.23	0.07	17.00	10090	2020-10-06 19:45:00
2020-10-06 20:35:00	10100	6.57	298.862	15.41	-4.745	-2.24	1.213	0.09	8.10	10105	2020-10-06 21:00:00
2020-10-06 21:35:00	10112	6.03	313.025	16.345	-4.943	-3.333	3.107	0.04	6.65	10117	2020-10-06 22:00:00
2020-10-07 06:20:00	10216	5.35	307.455	22.557	-0.72	-5.05	3.928	0.09	28.41	10221	2020-10-07 06:45:00
2020-10-07 07:20:00	10228	5.23	306.66	23.088	1.605	-5.427	4.083	0.03	14.61	10233	2020-10-07 07:45:00
2020-10-09 00:35:00	10723	5.7	251.87	23.983	-0.107	-3.225	-1.075	0.10	23.47	10728	2020-10-09 01:00:00
2020-10-09 07:00:00	10800	5.58	262.926	20.381	2.73	-1.843	-0.208	0.08	24.28	10805	2020-10-09 07:25:00
2020-10-09 19:00:00	10944	5.12	311.367	8.441	0.827	-2.265	2.005	0.10	21.29	10949	2020-10-09 19:25:00
2020-10-10 02:00:00	11028	5.68	307.988	7.129	1.465	-2.062	1.598	0.04	29.08	11033	2020-10-10 02:25:00
2020-10-10 04:30:00	11058	5.45	292.822	10.75	2.493	-2.34	0.983	0.07	9.88	11063	2020-10-10 04:55:00
2020-10-10 05:00:00	11064	5.5	276.729	11.386	2.215	-2.785	0.32	0.04	15.84	11069	2020-10-10 05:25:00
2020-10-10 06:00:00	11076	5.52	270.784	12.585	2.472	-2.6	0.038	0.04	18.89	11081	2020-10-10 06:25:00
2020-10-10 06:30:00	11082	5.38	259.669	13.153	2.705	-2.597	-0.458	0.09	27.68	11087	2020-10-10 06:55:00
2020-10-10 07:10:00	11090	5.37	228.353	13.879	2.902	-1.895	-1.682	0.05	13.55	11095	2020-10-10 07:35:00
2020-10-10 07:40:00	11096	5.4	232.401	14.403	2.467	-2.132	-1.645	0.05	16.26	11101	2020-10-10 08:05:00
2020-10-10 10:35:00	11131	5.4	312.657	17.145	0.835	-2.75	2.532	0.03	26.52	11136	2020-10-10 11:00:00
2020-10-10 18:10:00	11222	6.3	295.922	22.416	0.93	-2.03	0.983	0.06	24.10	11227	2020-10-10 18:35:00
2020-10-10 18:55:00	11231	6.4	266.219	22.823	0.257	-2.077	-0.145	0.07	23.26	11236	2020-10-10 19:20:00
2020-10-10 19:40:00	11240	5.82	291.072	23.213	-0.268	-3.19	1.228	0.06	24.86	11245	2020-10-10 20:05:00
2020-10-10 20:10:00	11246	5.75	283.898	23.463	-0.06	-3.503	0.87	0.09	12.18	11251	2020-10-10 20:35:00
2020-10-10 20:40:00	11252	5.8	295.259	23.706	0.013	-3.217	1.518	0.02	13.59	11257	2020-10-10 21:05:00
2020-10-10 21:10:00	11258	5.65	302.05	23.942	0.258	-3.11	1.95	0.06	8.68	11263	2020-10-10 21:35:00
2020-10-12 13:05:00	11736	5.23	296.282	23.823	0.022	-5.365	2.648	0.07	12.04	11741	2020-10-12 13:30:00
2020-10-12 18:10:00	11796	5.12	311.499	21.028	0.095	-4.813	4.253	0.03	19.39	11801	2020-10-12 18:35:00
2020-10-12 18:40:00	11802	5.08	299.097	20.706	0.352	-5.742	3.193	0.06	12.53	11807	2020-10-12 19:05:00
2020-10-12 19:10:00	11808	5.15	280.437	20.375	0.395	-6.345	1.168	0.03	12.46	11813	2020-10-12 19:35:00
2020-10-12 22:55:00	11853	5.0	263.966	17.568	-1.27	-6.535	-0.688	0.06	14.71	11858	2020-10-12 23:20:00
2020-10-12 23:25:00	11859	5.17	258.569	17.145	-0.867	-6.368	-1.287	0.02	7.24	11864	2020-10-12 23:50:00
2020-10-12 23:55:00	11865	5.23	268.107	16.71	-1.367	-6.277	-0.212	0.02	14.08	11870	2020-10-13 00:20:00
2020-10-13 00:25:00	11871	5.55	274.47	16.261	-1.12	-6.035	0.47	0.02	8.98	11876	2020-10-13 00:50:00
2020-10-13 00:55:00	11877	5.7	270.547	15.798	-0.95	-5.982	0.052	0.07	10.84	11882	2020-10-13 01:20:00
2020-10-13 03:15:00	11905	5.73	274.082	13.432	0.415	-6.432	0.458	0.05	10.62	11910	2020-10-13 03:40:00
2020-10-13 04:20:00	11918	5.23	287.292	12.199	0.727	-6.92	2.158	0.05	10.93	11923	2020-10-13 04:45:00
2020-10-13 04:50:00	11924	5.15	291.237	11.596	1.128	-6.73	2.622	0.08	4.25	11929	2020-10-13 05:15:00
2020-10-13 05:20:00	11930	5.13	301.494	10.97	0.765	-6.085	3.715	0.08	9.75	11935	2020-10-13 05:45:00
2020-10-13 05:50:00	11936	5.1	307.826	10.318	0.32	-5.518	4.285	0.03	8.71	11941	2020-10-13 06:15:00
2020-10-13 19:50:00	12103	5.68	306.026	14.395	1.568	-2.905	2.113	0.04	29.05	12108	2020-10-13 20:15:00
2020-10-13 20:20:00	12109	5.67	291.215	14.902	1.363	-3.575	1.385	0.03	11.35	12114	2020-10-13 20:45:00
2020-10-13 20:50:00	12115	5.7	291.4	15.392	1.462	-3.425	1.342	0.03	10.73	12120	2020-10-13 21:15:00
2020-10-13 21:20:00	12121	5.63	292.28	15.867	2.027	-3.265	1.315	0.08	28.14	12126	2020-10-13 21:45:00
2020-10-13 21:50:00	12127	5.67	273.664	16.328	0.048	-4.418	0.282	0.08	12.36	12132	2020-10-13 22:15:00
2020-10-13 22:30:00	12135	5.55	296.001	16.92	2.545	-3.008	1.402	0.09	27.39	12140	2020-10-13 22:55:00
2020-10-13 23:30:00	12147	5.43	309.847	17.766	2.932	-2.218	1.807	0.10	15.01	12152	2020-10-13 23:55:00
2020-10-14 00:25:00	12158	5.37	314.229	18.498	3.16	-2.233	2.028	0.05	19.37	12163	2020-10-14 00:50:00
2020-10-14 04:20:00	12205	5.05	290.841	21.229	-2.327	-4.475	1.73	0.08	12.41	12210	2020-10-14 04:45:00
2020-10-14 04:55:00	12212	5.38	271.555	21.586	-3.025	-3.898	0.143	0.07	23.86	12217	2020-10-14 05:20:00
2020-10-14 06:30:00	12231	5.08	307.538	22.497	-1.677	-3.765	2.883	0.10	28.11	12236	2020-10-14 06:55:00
2020-10-14 07:00:00	12237	5.07	300.918	22.767	-1.388	-3.938	2.342	0.07	27.25	12242	2020-10-14 07:25:00
2020-10-14 07:30:00	12243	5.1	304.864	23.03	-2.827	-3.54	2.468	0.07	15.28	12248	2020-10-14 07:55:00
2020-10-14 08:50:00	12259	5.58	291.757	23.694	-2.995	-3.103	1.248	0.08	7.62	12264	2020-10-14 09:15:00
2020-10-14 09:20:00	12265	5.38	299.839	23.93	-1.552	-3.49	2.027	0.08	11.10	12270	2020-10-14 09:45:00
2020-10-16 02:20:00	12757	5.32	276.675	23.252	0.535	-5.83	0.677	0.03	20.59	12762	2020-10-16 02:45:00
2020-10-16 02:50:00	12763	5.37	284.28	22.996	0.553	-5.485	1.392	0.02	19.72	12768	2020-10-16 03:15:00
2020-10-17 07:35:00	13108	5.3	256.196	13.978	2.527	-4.927	-1.183	0.02	20.93	13113	2020-10-17 08:00:00
2020-10-17 08:20:00	13117	5.53	253.627	14.75	1.908	-4.928	-1.447	0.09	5.83	13122	2020-10-17 08:45:00
2020-10-17 09:40:00	13133	5.62	289.574	16.034	0.728	-4.872	1.733	0.06	14.20	13138	2020-10-17 10:05:00
2020-10-17 10:45:00	13146	5.32	264.764	17.002	2.855	-5.715	-0.532	0.05	7.00	13151	2020-10-17 11:10:00
2020-10-17 11:15:00	13152	5.4	272.795	17.428	1.693	-6.142	0.323	0.03	22.09	13157	2020-10-17 11:40:00
2020-10-17 12:15:00	13164	5.45	282.727	18.243	0.783	-7.838	1.797	0.06	17.99	13169	2020-10-17 12:40:00
2020-10-17 12:50:00	13171	5.1	279.813	18.696	2.487	-8.203	1.423	0.05	7.35	13176	2020-10-17 13:15:00
2020-10-17 13:20:00	13177	5.12	296.683	19.073	1.06	-7.618	3.828	0.04	18.94	13182	2020-10-17 13:45:00
2020-10-17 13:50:00	13183	5.27	297.171	19.44	0.635	-7.372	3.788	0.07	5.23	13188	2020-10-17 14:15:00
2020-10-17 15:05:00	13198	5.15	298.967	20.312	-0.542	-7.025	3.873	0.09	9.13	13203	2020-10-17 15:30:00
2020-10-17 16:00:00	13209	5.0	293.996	20.912	0.932	-7.042	3.14	0.08	6.06	13214	2020-10-17 16:25:00
2020-10-17 16:30:00	13215	5.13	294.257	21.227	0.23	-6.802	3.065	0.01	5.07	13220	2020-10-17 16:55:00
2020-10-17 17:00:00	13221	5.13	288.825	21.533	2.163	-6.22	2.122	0.03	9.05	13226	2020-10-17 17:25:00
2020-10-17 17:30:00	13227	5.02	282.059	21.831	3.395	-5.927	1.265	0.04	11.78	13232	2020-10-17 17:55:00
2020-10-17 18:00:00	13233	5.03	272.705	22.119	2.67	-6.315	0.23	0.08	28.39	13238	2020-10-17 18:25:00
2020-10-17 20:25:00	13262	5.0	281.824	23.403	-1.655	-6.113	1.273	0.06	11.64	13267	2020-10-17 20:50:00
2020-10-21 07:15:00	14252	5.25	243.627	22.822	2.148	-8.96	-4.47	0.04	15.41	14257	2020-10-21 07:40:00
2020-10-21 08:30:00	14267	5.13	252.358	23.459	2.272	-8.875	-2.84	0.09	9.82	14272	2020-10-21 08:55:00
2020-10-23 00:55:00	14746	5.32	273.009	23.955	1.322	-5.483	0.22	0.09	23.42	14751	2020-10-23 01:20:00
2020-10-23 02:45:00	14768	5.35	240.806	23.061	-3.993	-2.775	-1.537	0.03	13.72	14773	2020-10-23 03:10:00
2020-10-23 03:15:00	14774	5.52	262.448	22.8	-2.988	-3.975	-0.525	0.03	7.81	14779	2020-10-23 03:40:00
2020-10-23 03:45:00	14780	5.7	261.699	22.531	-3.58	-3.113	-0.37	0.03	25.86	14785	2020-10-23 04:10:00
2020-10-23 05:25:00	14800	6.22	267.142	21.575	-3.962	-3.007	-0.142	0.03	22.35	14805	2020-10-23 05:50:00
2020-10-23 05:55:00	14806	6.0	242.812	21.27	-4.172	-2.453	-1.275	0.03	22.38	14811	2020-10-23 06:20:00
2020-10-23 06:25:00	14812	6.0	237.161	20.957	-4.29	-2.327	-1.505	0.05	7.13	14817	2020-10-23 06:50:00
2020-10-23 06:55:00	14818	6.35	243.255	20.634	-4.368	-2.248	-1.135	0.03	8.35	14823	2020-10-23 07:20:00
2020-10-23 07:25:00	14824	6.35	246.371	20.301	-4.462	-2.078	-0.912	0.02	7.76	14829	2020-10-23 07:50:00
2020-10-31 11:00:00	17088	6.85	251.21	16.83	2.46	-3.832	-1.277	0.08	16.70	17093	2020-10-31 11:25:00
2020-10-31 13:15:00	17115	6.17	231.202	18.666	2.973	-4.16	-3.343	0.03	3.31	17120	2020-10-31 13:40:00
2020-10-31 13:50:00	17122	6.52	233.222	19.104	2.988	-3.893	-2.912	0.09	4.26	17127	2020-10-31 14:15:00
2020-10-31 15:35:00	17143	6.75	274.713	20.334	-1.033	-5.058	0.415	0.07	8.94	17148	2020-10-31 16:00:00
2020-10-31 16:20:00	17152	6.87	286.206	20.825	-1.547	-4.028	1.143	0.07	24.67	17157	2020-10-31 16:45:00
2020-10-31 16:50:00	17158	6.83	297.213	21.141	-2.578	-3.553	1.827	0.01	5.20	17163	2020-10-31 17:15:00
2020-10-31 17:20:00	17164	6.82	293.458	21.448	-2.383	-3.702	1.607	0.02	2.98	17169	2020-10-31 17:45:00
2020-10-31 17:50:00	17170	6.88	301.946	21.746	-2.77	-2.877	1.778	0.09	12.58	17175	2020-10-31 18:15:00
2020-10-31 18:20:00	17176	6.9	292.951	22.036	-2.21	-3.262	1.382	0.05	1.80	17181	2020-10-31 18:45:00
2020-10-31 19:05:00	17185	6.8	314.236	22.456	-2.928	-2.19	2.128	0.10	17.55	17190	2020-10-31 19:30:00
2020-10-31 19:35:00	17191	6.83	313.681	22.726	-2.86	-2.148	2.047	0.03	6.11	17196	2020-10-31 20:00:00
2020-10-31 20:05:00	17197	6.82	310.276	22.987	-2.598	-2.287	1.932	0.03	8.76	17202	2020-10-31 20:30:00
2020-10-31 20:35:00	17203	6.87	303.11	23.242	-2.252	-2.527	1.602	0.09	23.53	17208	2020-10-31 21:00:00
2020-10-31 21:55:00	17219	7.0	291.045	23.883	-0.193	-2.903	1.118	0.05	11.88	17224	2020-10-31 22:20:00
2020-11-03 22:50:00	17987	5.15	242.917	16.697	-2.128	-2.942	-1.495	0.04	4.96	17992	2020-11-03 23:15:00
2020-11-06 12:25:00	18684	5.25	282.868	16.734	4.263	-2.135	0.55	0.05	24.40	18689	2020-11-06 12:50:00
2020-11-07 04:45:00	18880	5.53	284.764	10.019	-0.405	-5.653	1.478	0.05	20.67	18885	2020-11-07 05:10:00
2020-11-07 15:20:00	19007	5.23	255.556	20.128	3.8	-1.432	-0.323	0.09	17.78	19012	2020-11-07 15:45:00
2020-11-07 15:50:00	19013	6.18	256.174	20.464	3.12	-2.138	-0.522	0.08	6.40	19018	2020-11-07 16:15:00
2020-11-07 17:20:00	19031	5.9	268.049	21.416	2.278	-4.682	-0.143	0.09	17.98	19036	2020-11-07 17:45:00
2020-11-07 17:55:00	19038	5.97	292.702	21.765	2.837	-3.048	1.277	0.10	23.65	19043	2020-11-07 18:20:00
2020-11-09 13:20:00	19559	6.07	290.134	23.984	1.273	-2.093	0.743	0.04	23.98	19564	2020-11-09 13:45:00
2020-11-09 13:50:00	19565	5.97	276.348	23.752	1.16	-2.42	0.27	0.05	9.46	19570	2020-11-09 14:15:00
2020-11-09 14:20:00	19571	5.92	263.977	23.513	1.115	-2.523	-0.26	0.04	26.86	19576	2020-11-09 14:45:00
2020-11-09 15:40:00	19587	6.12	269.583	22.839	0.877	-2.223	0.005	0.05	25.41	19592	2020-11-09 16:05:00
2020-11-10 00:25:00	19667	5.02	298.446	16.863	1.925	-4.07	2.208	0.05	14.52	19672	2020-11-10 00:50:00
2020-11-10 00:55:00	19673	5.18	294.066	16.421	1.622	-4.26	1.898	0.01	13.37	19678	2020-11-10 01:20:00
2020-11-10 01:25:00	19679	5.13	296.921	15.966	2.075	-3.895	1.963	0.02	13.61	19684	2020-11-10 01:50:00
2020-11-10 01:55:00	19685	5.18	298.554	15.496	2.005	-3.842	2.055	0.02	16.15	19690	2020-11-10 02:20:00
2020-11-10 02:25:00	19691	5.73	296.938	15.012	0.358	-4.247	2.155	0.05	6.15	19696	2020-11-10 02:50:00
2020-11-10 02:55:00	19697	5.47	291.516	14.512	1.29	-4.217	1.68	0.04	28.68	19702	2020-11-10 03:20:00
2020-11-10 03:25:00	19703	5.42	279.679	13.995	1.323	-4.332	0.737	0.04	5.87	19708	2020-11-10 03:50:00
2020-11-10 03:55:00	19709	5.52	285.947	13.461	1.165	-3.96	1.123	0.07	14.28	19714	2020-11-10 04:20:00
2020-11-10 04:25:00	19715	5.53	290.488	12.908	1.06	-3.955	1.48	0.03	9.79	19720	2020-11-10 04:50:00
2020-11-10 04:55:00	19721	5.43	285.6	12.335	0.798	-4.247	1.183	0.02	23.97	19726	2020-11-10 05:20:00
2020-11-10 05:55:00	19733	5.37	291.866	11.124	0.272	-4.15	1.665	0.02	22.63	19738	2020-11-10 06:20:00
2020-11-10 07:55:00	19757	5.1	288.89	8.39	-0.758	-4.1	1.398	0.06	14.52	19762	2020-11-10 08:20:00
2020-11-10 14:55:00	19841	5.43	304.528	7.096	3.473	-1.813	1.245	0.03	8.56	19846	2020-11-10 15:20:00
2020-11-10 15:30:00	19848	5.7	304.443	8.01	2.84	-1.995	1.37	0.06	4.12	19853	2020-11-10 15:55:00
2020-11-10 16:00:00	19854	5.7	298.908	8.755	2.588	-2.313	1.277	0.03	10.52	19859	2020-11-10 16:25:00
2020-11-10 16:30:00	19860	5.7	288.338	9.467	2.735	-2.285	0.783	0.02	23.28	19865	2020-11-10 16:55:00
2020-11-10 17:00:00	19866	5.92	296.709	10.15	2.443	-2.518	1.268	0.04	4.34	19871	2020-11-10 17:25:00
2020-11-10 17:30:00	19872	5.83	294.709	10.804	2.538	-2.47	1.147	0.05	25.20	19877	2020-11-10 17:55:00
2020-11-10 18:00:00	19878	5.73	285.107	11.433	2.727	-2.378	0.632	0.07	11.05	19883	2020-11-10 18:25:00
2020-11-10 18:45:00	19887	5.68	274.702	12.333	2.227	-3.023	0.248	0.09	11.86	19892	2020-11-10 19:10:00
2020-11-10 19:15:00	19893	5.23	283.406	12.905	2.883	-2.565	0.615	0.04	19.32	19898	2020-11-10 19:40:00
2020-11-10 19:45:00	19899	5.28	279.386	13.458	3.128	-2.315	0.383	0.07	6.58	19904	2020-11-10 20:10:00
2020-11-10 20:15:00	19905	5.25	291.784	13.992	3.297	-2.078	0.832	0.07	15.04	19910	2020-11-10 20:40:00
2020-11-10 20:45:00	19911	5.35	293.343	14.509	3.168	-1.953	0.842	0.05	19.36	19916	2020-11-10 21:10:00
2020-11-10 21:15:00	19917	5.4	290.113	15.009	3.173	-2.068	0.757	0.02	11.75	19922	2020-11-10 21:40:00
2020-11-10 21:45:00	19923	5.5	298.299	15.494	3.235	-1.793	0.963	0.01	12.79	19928	2020-11-10 22:10:00
2020-11-10 22:15:00	19929	5.47	302.645	15.963	3.237	-1.607	1.032	0.03	15.99	19934	2020-11-10 22:40:00
2020-11-10 22:45:00	19935	5.52	307.069	16.418	3.302	-1.417	1.072	0.02	15.67	19940	2020-11-10 23:10:00
2020-11-11 06:30:00	19944	5.45	225.55	22.01	3.495	-1.158	-1.128	0.03	11.65	19949	2020-11-11 06:55:00
2020-11-11 07:00:00	19950	5.62	227.387	22.292	3.405	-1.217	-1.117	0.07	5.79	19955	2020-11-11 07:25:00
2020-11-11 07:30:00	19956	5.7	238.552	22.567	3.293	-1.645	-1.0	0.03	14.78	19961	2020-11-11 07:55:00
2020-11-11 08:00:00	19962	5.85	259.646	22.833	2.998	-2.442	-0.452	0.09	10.09	19967	2020-11-11 08:25:00
2020-11-11 08:30:00	19968	6.05	265.582	23.092	3.155	-2.208	-0.15	0.10	16.15	19973	2020-11-11 08:55:00
2020-11-11 09:00:00	19974	5.67	274.86	23.343	1.415	-4.025	0.362	0.08	6.29	19979	2020-11-11 09:25:00
2020-11-11 09:30:00	19980	5.83	276.976	23.587	1.162	-4.302	0.528	0.05	3.95	19985	2020-11-11 09:55:00
2020-11-13 04:05:00	20491	5.97	231.075	22.647	-3.308	-1.853	-1.415	0.02	25.65	20496	2020-11-13 04:30:00
2020-11-13 06:50:00	20524	6.2	290.642	21.049	1.735	-1.885	0.725	0.10	25.19	20529	2020-11-13 07:15:00
2020-11-13 18:05:00	20607	6.13	237.127	11.01	-2.27	-1.733	-1.137	0.06	22.99	20612	2020-11-13 18:30:00
2020-11-14 03:40:00	20722	6.02	271.146	8.118	-2.377	-2.52	0.105	0.03	25.69	20727	2020-11-14 04:05:00
2020-11-14 04:10:00	20728	5.88	288.546	8.856	-1.917	-2.908	0.977	0.01	18.93	20733	2020-11-14 04:35:00
2020-11-14 04:40:00	20734	5.9	291.925	9.563	-1.975	-2.728	1.102	0.02	12.11	20739	2020-11-14 05:05:00
2020-11-16 14:00:00	21416	5.25	263.552	23.658	1.623	-2.642	-0.285	0.07	18.22	21421	2020-11-16 14:25:00
2020-11-16 14:35:00	21423	5.38	268.552	23.376	0.757	-2.937	-0.083	0.08	12.13	21428	2020-11-16 15:00:00
2020-11-16 15:05:00	21429	5.17	265.352	23.127	1.427	-3.26	-0.265	0.06	6.37	21434	2020-11-16 15:30:00
2020-11-16 15:35:00	21435	5.08	274.225	22.87	1.457	-3.525	0.26	0.09	22.76	21440	2020-11-16 16:00:00
2020-11-16 16:05:00	21441	5.23	259.04	22.605	0.777	-3.638	-0.705	0.02	7.59	21446	2020-11-16 16:30:00
2020-11-16 16:35:00	21447	5.13	274.408	22.332	0.778	-3.843	0.302	0.05	22.74	21452	2020-11-16 17:00:00
2020-11-16 17:05:00	21453	5.03	287.995	22.051	0.827	-3.822	1.243	0.02	14.26	21458	2020-11-16 17:30:00
2020-11-16 17:35:00	21459	5.18	296.217	21.762	0.055	-3.498	1.695	0.09	25.25	21464	2020-11-16 18:00:00
2020-11-21 03:05:00	22661	6.15	239.902	7.043	3.667	-2.683	-1.547	0.08	14.22	22666	2020-11-21 03:30:00
2020-11-28 21:20:00	24840	6.95	262.169	23.269	2.535	-3.94	-0.54	0.05	27.26	24845	2020-11-28 21:45:00
2020-11-28 21:50:00	24846	6.55	266.034	23.514	0.832	-4.317	-0.292	0.07	10.83	24851	2020-11-28 22:15:00
2020-12-01 03:00:00	25463	5.05	295.449	14.868	-0.71	-3.717	1.763	0.01	18.25	25468	2020-12-01 03:25:00
2020-12-05 22:50:00	26776	6.13	240.546	23.958	-1.903	-2.828	-1.587	0.04	16.76	26781	2020-12-05 23:15:00
2020-12-08 17:30:00	27561	5.65	259.624	9.848	3.917	-3.383	-0.645	0.07	18.01	27566	2020-12-08 17:55:00
2020-12-08 18:15:00	27570	5.65	286.819	10.838	3.877	-3.102	0.928	0.02	29.91	27575	2020-12-08 18:40:00
2020-12-08 18:55:00	27578	5.42	249.917	11.67	4.453	-2.637	-0.983	0.05	23.36	27583	2020-12-08 19:20:00
2020-12-08 19:25:00	27584	5.37	233.586	12.267	4.38	-2.423	-1.777	0.05	10.97	27589	2020-12-08 19:50:00
2020-12-08 19:55:00	27590	5.35	227.084	12.842	4.323	-2.122	-1.98	0.03	5.51	27595	2020-12-08 20:20:00
2020-12-08 20:25:00	27596	5.45	232.571	13.398	4.105	-2.45	-1.867	0.02	10.92	27601	2020-12-08 20:50:00
2020-12-09 08:45:00	27724	5.57	298.252	22.853	2.152	-4.36	2.362	0.06	28.71	27729	2020-12-09 09:10:00
2020-12-09 10:15:00	27742	5.13	263.456	23.606	0.993	-5.655	-0.65	0.07	14.35	27747	2020-12-09 10:40:00
2020-12-11 04:30:00	28172	6.53	235.782	22.821	-2.602	-4.093	-2.777	0.10	20.84	28177	2020-12-11 04:55:00
2020-12-11 05:55:00	28189	6.92	268.314	22.043	-0.772	-5.115	-0.147	0.07	14.59	28194	2020-12-11 06:20:00
2020-12-11 06:25:00	28195	6.77	275.052	21.753	-0.95	-5.118	0.45	0.02	9.08	28200	2020-12-11 06:50:00
2020-12-11 06:55:00	28201	6.18	274.185	21.454	-1.125	-5.217	0.378	0.04	5.38	28206	2020-12-11 07:20:00
2020-12-11 07:25:00	28207	5.63	273.653	21.147	-0.775	-5.532	0.353	0.02	3.17	28212	2020-12-11 07:50:00
2020-12-11 07:55:00	28213	6.23	273.221	20.831	-0.668	-5.392	0.303	0.01	1.74	28218	2020-12-11 08:20:00
2020-12-11 08:25:00	28219	5.7	270.361	20.506	-0.548	-5.548	0.033	0.03	4.90	28224	2020-12-11 08:50:00
2020-12-11 13:40:00	28282	5.78	287.447	16.467	3.515	-1.403	0.438	0.04	14.80	28287	2020-12-11 14:05:00
2020-12-11 21:00:00	28357	6.43	254.56	7.967	2.242	-3.397	-0.937	0.01	5.19	28362	2020-12-11 21:25:00
2020-12-11 21:30:00	28363	6.72	250.606	7.185	2.113	-3.407	-1.207	0.03	6.48	28368	2020-12-11 21:55:00
2020-12-12 03:40:00	28437	5.72	285.804	7.006	2.815	-4.268	1.215	0.03	14.07	28442	2020-12-12 04:05:00
2020-12-12 04:10:00	28443	5.42	270.798	7.796	2.927	-4.588	0.065	0.03	5.06	28448	2020-12-12 04:35:00
2020-12-12 04:40:00	28449	5.17	286.58	8.55	2.53	-4.753	1.422	0.04	10.13	28454	2020-12-12 05:05:00
2020-12-12 05:10:00	28455	5.12	283.993	9.271	2.598	-4.653	1.202	0.06	25.57	28460	2020-12-12 05:35:00
2020-12-12 06:25:00	28470	5.57	272.23	10.944	2.647	-4.532	0.178	0.05	20.30	28475	2020-12-12 06:50:00
2020-12-12 06:55:00	28476	5.23	276.394	11.567	2.897	-4.53	0.495	0.04	11.57	28481	2020-12-12 07:20:00
2020-12-12 07:30:00	28483	5.6	293.149	12.266	2.928	-3.927	1.67	0.07	17.56	28488	2020-12-12 07:55:00
2020-12-12 08:00:00	28489	5.37	301.534	12.841	2.835	-3.975	2.448	0.06	15.03	28494	2020-12-12 08:25:00
2020-12-12 11:35:00	28532	6.5	304.996	16.442	1.123	-3.883	2.722	0.07	14.06	28537	2020-12-12 12:00:00
2020-12-12 12:30:00	28543	6.25	270.027	17.24	0.893	-5.095	0.003	0.04	23.28	28548	2020-12-12 12:55:00
2020-12-12 13:00:00	28549	6.23	291.023	17.657	2.603	-3.84	1.4	0.03	25.11	28554	2020-12-12 13:25:00
2020-12-12 13:30:00	28555	6.47	269.588	18.063	2.497	-4.273	-0.028	0.05	6.51	28560	2020-12-12 13:55:00
2020-12-12 14:00:00	28561	6.72	270.604	18.457	2.567	-4.073	0.052	0.07	10.54	28566	2020-12-12 14:25:00
2020-12-12 14:30:00	28567	6.92	266.134	18.839	2.698	-3.74	-0.257	0.07	16.75	28572	2020-12-12 14:55:00
2020-12-12 15:45:00	28582	6.42	303.05	19.749	2.65	-3.635	2.367	0.05	6.25	28587	2020-12-12 16:10:00
2020-12-12 16:15:00	28588	6.82	296.791	20.095	2.428	-3.723	1.885	0.03	12.04	28593	2020-12-12 16:40:00
2020-12-12 16:45:00	28594	6.82	279.534	20.432	2.958	-3.522	0.592	0.04	25.88	28599	2020-12-12 17:10:00
2020-12-12 17:15:00	28600	6.92	292.095	20.759	2.99	-3.148	1.277	0.04	14.75	28605	2020-12-12 17:40:00
2020-12-12 19:00:00	28621	6.77	280.226	21.833	3.555	-2.16	0.423	0.10	24.33	28626	2020-12-12 19:25:00
2020-12-12 21:10:00	28647	6.4	266.087	23.022	3.542	-3.062	-0.252	0.06	22.05	28652	2020-12-12 21:35:00
2020-12-12 23:10:00	28671	6.12	269.9	23.991	2.943	-3.472	0.0	0.08	26.81	28676	2020-12-12 23:35:00
2020-12-25 03:35:00	32074	6.5	284.379	23.539	-3.88	-1.662	0.422	0.04	13.20	32079	2020-12-25 04:00:00
2020-12-28 15:15:00	33004	6.43	292.954	23.746	2.732	-2.755	1.178	0.06	17.90	33009	2020-12-28 15:40:00
2020-12-28 18:15:00	33040	6.67	271.185	22.192	-0.408	-2.685	-0.033	0.07	26.28	33045	2020-12-28 18:40:00
2020-12-29 02:50:00	33132	6.32	234.939	15.922	-2.96	-3.952	-2.683	0.08	25.75	33137	2020-12-29 03:15:00
2020-12-29 03:20:00	33138	5.63	265.932	15.449	0.177	-6.177	-0.452	0.09	23.11	33143	2020-12-29 03:45:00
2020-12-29 03:55:00	33145	5.6	286.327	14.879	1.355	-5.375	1.57	0.07	15.95	33150	2020-12-29 04:20:00
2020-12-29 04:25:00	33151	5.28	286.556	14.373	2.097	-5.477	1.613	0.07	17.95	33156	2020-12-29 04:50:00
2020-12-29 06:35:00	33177	6.23	258.633	11.97	-2.393	-4.415	-0.887	0.05	20.69	33182	2020-12-29 07:00:00
2020-12-29 07:05:00	33183	6.25	238.983	11.36	-3.545	-3.67	-2.205	0.02	7.02	33188	2020-12-29 07:30:00
2020-12-29 07:35:00	33189	6.3	235.55	10.725	-4.26	-3.008	-2.027	0.03	15.78	33194	2020-12-29 08:00:00
2020-12-29 08:05:00	33195	6.25	246.12	10.065	-3.678	-3.582	-1.517	0.02	29.13	33200	2020-12-29 08:30:00
2020-12-29 09:10:00	33208	5.27	293.828	8.533	4.3	-3.832	1.725	0.05	25.49	33213	2020-12-29 09:35:00
2020-12-29 16:50:00	33287	5.37	287.77	8.041	1.003	-5.975	1.918	0.06	23.91	33292	2020-12-29 17:15:00
2020-12-29 18:50:00	33310	5.82	266.283	10.842	2.718	-5.265	-0.318	0.04	18.91	33315	2020-12-29 19:15:00
2020-12-29 19:50:00	33322	5.93	306.194	12.077	3.242	-4.075	2.997	0.08	12.14	33327	2020-12-29 20:15:00
2020-12-29 21:40:00	33344	5.43	235.703	14.121	3.623	-4.493	-3.082	0.05	28.88	33349	2020-12-29 22:05:00
2020-12-29 22:30:00	33354	6.0	306.387	14.969	4.195	-3.443	2.587	0.06	17.35	33359	2020-12-29 22:55:00
2020-12-30 01:55:00	33395	6.02	238.812	18.02	2.237	-4.002	-2.49	0.05	14.99	33400	2020-12-30 02:20:00
2020-12-30 02:25:00	33401	5.98	231.692	18.416	-0.372	-4.595	-3.633	0.06	17.73	33406	2020-12-30 02:50:00
2020-12-30 03:35:00	33415	5.92	228.948	19.298	0.343	-4.255	-3.685	0.04	21.58	33420	2020-12-30 04:00:00
2020-12-30 04:45:00	33429	6.3	312.628	20.123	3.088	-3.238	2.89	0.02	29.08	33434	2020-12-30 05:10:00
2020-12-30 05:40:00	33440	6.23	307.838	20.734	3.747	-3.082	2.372	0.06	29.51	33445	2020-12-30 06:05:00
2020-12-30 08:45:00	33477	5.58	238.783	22.571	-1.298	-4.857	-2.955	0.05	25.03	33482	2020-12-30 09:10:00
2021-01-01 12:00:00	34070	6.45	291.987	18.49	0.152	-2.403	0.932	0.07	28.35	34075	2021-01-01 12:25:00
2021-01-01 16:20:00	34122	5.45	314.02	14.643	1.717	-2.373	2.295	0.08	17.11	34127	2021-01-01 16:45:00
2021-01-01 16:50:00	34128	5.6	313.578	14.128	1.76	-2.107	2.027	0.05	24.23	34133	2021-01-01 17:15:00
2021-01-02 05:35:00	34256	5.9	266.187	8.922	0.128	-3.24	-0.22	0.03	13.45	34261	2021-01-02 06:00:00
2021-01-02 06:05:00	34262	5.95	269.463	9.632	-0.075	-3.135	-0.032	0.05	9.38	34267	2021-01-02 06:30:00
2021-01-02 07:00:00	34273	5.93	297.548	10.856	1.815	-2.187	1.14	0.08	13.48	34278	2021-01-02 07:25:00
2021-01-02 17:20:00	34396	5.78	314.509	20.42	2.48	-1.022	1.058	0.07	20.49	34401	2021-01-02 17:45:00
2021-01-02 17:55:00	34403	5.87	286.29	20.804	1.015	-2.208	0.7	0.06	25.58	34408	2021-01-02 18:20:00
2021-01-02 23:15:00	34467	5.57	302.775	23.771	2.182	-2.115	1.34	0.03	25.85	34472	2021-01-02 23:40:00
2021-01-08 05:25:00	35965	5.88	313.971	22.892	3.42	-0.705	0.682	0.04	21.23	35970	2021-01-08 05:50:00
2021-01-08 09:20:00	36012	5.72	314.315	20.582	3.628	-1.177	1.138	0.08	16.18	36017	2021-01-08 09:45:00
2021-01-08 09:50:00	36018	5.82	291.64	20.248	3.338	-1.597	0.642	0.05	10.39	36023	2021-01-08 10:15:00
2021-01-08 11:15:00	36035	6.1	285.341	19.248	-2.713	-1.798	0.547	0.08	14.31	36040	2021-01-08 11:40:00
2021-01-08 11:45:00	36041	6.13	293.307	18.876	-1.985	-2.985	1.28	0.09	16.54	36046	2021-01-08 12:10:00
2021-01-08 12:15:00	36047	6.08	287.533	18.493	-2.492	-3.013	0.958	0.07	4.93	36052	2021-01-08 12:40:00
2021-01-08 12:45:00	36053	6.13	283.777	18.098	-2.623	-2.71	0.657	0.09	19.25	36058	2021-01-08 13:10:00
2021-01-08 13:35:00	36063	6.02	267.841	17.414	-3.337	-2.627	-0.09	0.03	21.94	36068	2021-01-08 14:00:00
2021-01-08 14:05:00	36069	6.0	259.906	16.988	-3.428	-2.653	-0.448	0.01	17.85	36074	2021-01-08 14:30:00
2021-01-08 14:35:00	36075	5.95	266.565	16.548	-3.052	-2.977	-0.18	0.03	8.78	36080	2021-01-08 15:00:00
2021-01-08 15:05:00	36081	5.77	258.383	16.095	-3.197	-3.14	-0.652	0.06	8.10	36086	2021-01-08 15:30:00
2021-01-08 15:45:00	36089	6.07	285.97	15.469	-1.087	-3.455	0.99	0.04	7.42	36094	2021-01-08 16:10:00
2021-01-08 16:15:00	36095	6.03	279.415	14.981	-3.257	-2.465	0.407	0.05	7.16	36100	2021-01-08 16:40:00
2021-01-08 16:45:00	36101	6.03	280.208	14.478	-2.952	-2.737	0.492	0.04	4.61	36106	2021-01-08 17:10:00
2021-01-08 17:15:00	36107	5.9	284.897	13.958	-2.742	-2.967	0.805	0.03	13.22	36112	2021-01-08 17:40:00
2021-01-08 19:25:00	36133	6.48	270.236	11.483	-2.403	-2.275	-0.01	0.09	9.72	36138	2021-01-08 19:50:00
2021-01-08 22:35:00	36167	5.37	245.212	7.0	3.753	-1.4	-0.652	0.01	17.74	36172	2021-01-08 23:00:00
2021-01-09 04:40:00	36239	5.33	254.521	7.109	-0.94	-4.632	-1.268	0.04	28.20	36244	2021-01-09 05:05:00
2021-01-09 06:25:00	36260	5.33	269.339	9.723	0.422	-4.432	-0.053	0.10	10.87	36265	2021-01-09 06:50:00
2021-01-09 07:25:00	36272	5.45	263.761	11.046	1.042	-4.177	-0.455	0.06	13.62	36277	2021-01-09 07:50:00
2021-01-09 08:00:00	36279	5.68	263.82	11.77	-0.095	-3.905	-0.422	0.05	20.38	36284	2021-01-09 08:25:00
2021-01-09 13:10:00	36341	5.68	260.708	17.046	-0.932	-4.142	-0.678	0.05	24.16	36346	2021-01-09 13:35:00
2021-01-09 13:40:00	36347	5.62	263.541	17.471	-0.445	-4.382	-0.497	0.01	7.92	36352	2021-01-09 14:05:00
2021-01-09 14:10:00	36353	5.6	272.097	17.884	0.68	-4.257	0.152	0.02	11.56	36358	2021-01-09 14:35:00
2021-01-09 14:45:00	36360	5.57	293.971	18.35	1.9	-3.497	1.507	0.02	29.53	36365	2021-01-09 15:10:00
2021-01-09 15:15:00	36366	5.58	309.578	18.738	2.37	-2.733	2.257	0.03	7.88	36371	2021-01-09 15:40:00
2021-01-09 17:10:00	36389	5.3	285.743	20.124	2.222	-3.05	0.85	0.03	14.40	36394	2021-01-09 17:35:00
2021-01-09 17:40:00	36395	5.2	284.4	20.461	2.722	-2.505	0.62	0.05	19.34	36400	2021-01-09 18:05:00
2021-01-09 18:25:00	36404	5.07	258.616	20.95	0.668	-3.873	-0.835	0.08	19.32	36409	2021-01-09 18:50:00
2021-01-09 18:55:00	36410	5.08	248.316	21.264	1.217	-3.452	-1.37	0.06	6.67	36415	2021-01-09 19:20:00
2021-01-09 21:55:00	36446	5.0	236.843	22.972	3.61	-1.678	-1.1	0.02	7.84	36451	2021-01-09 22:20:00
2021-01-09 22:35:00	36454	5.05	226.481	23.312	2.775	-1.862	-1.773	0.07	5.77	36459	2021-01-09 23:00:00
2021-01-09 23:05:00	36460	5.28	232.768	23.559	2.44	-2.233	-1.69	0.05	20.96	36465	2021-01-09 23:30:00
2021-01-09 23:35:00	36466	5.53	237.439	23.798	2.31	-2.372	-1.48	0.05	27.70	36471	2021-01-10 00:00:00
2021-01-12 04:35:00	36895	6.27	230.069	14.664	-2.792	-3.797	-3.152	0.09	28.61	36900	2021-01-12 05:00:00
2021-01-12 06:20:00	36916	5.83	273.077	12.784	-4.193	-2.97	0.133	0.06	18.78	36921	2021-01-12 06:45:00
2021-01-15 05:50:00	37555	6.5	309.404	22.959	0.465	-0.99	0.818	0.01	20.90	37560	2021-01-15 06:15:00
2021-01-15 06:55:00	37568	6.2	303.448	22.373	1.735	-1.415	0.935	0.06	3.60	37573	2021-01-15 07:20:00
2021-01-15 07:25:00	37574	6.22	309.704	22.089	1.843	-1.278	1.062	0.06	22.22	37579	2021-01-15 07:50:00
2021-01-15 08:15:00	37584	6.2	278.078	21.599	1.692	-1.805	0.255	0.06	12.16	37589	2021-01-15 08:40:00
2021-01-15 09:40:00	37601	5.97	307.336	20.709	1.67	-1.478	1.118	0.08	18.20	37606	2021-01-15 10:05:00
2021-01-15 10:10:00	37607	6.0	313.587	20.378	1.525	-1.317	1.262	0.06	25.89	37612	2021-01-15 10:35:00
2021-01-15 10:40:00	37613	6.1	282.37	20.037	1.037	-1.858	0.4	0.08	24.33	37618	2021-01-15 11:05:00
2021-01-15 11:10:00	37619	6.1	274.819	19.686	1.157	-1.792	0.145	0.02	17.20	37624	2021-01-15 11:35:00
2021-01-15 11:40:00	37625	6.1	271.438	19.325	1.018	-2.023	0.048	0.02	4.73	37630	2021-01-15 12:05:00
2021-01-15 12:10:00	37631	6.1	265.322	18.954	0.718	-2.218	-0.183	0.05	8.39	37636	2021-01-15 12:35:00
2021-01-15 13:25:00	37646	5.97	245.063	17.977	0.687	-2.35	-1.107	0.07	18.11	37651	2021-01-15 13:50:00
2021-01-15 18:55:00	37711	6.38	261.655	12.673	1.702	-2.72	-0.393	0.06	20.88	37716	2021-01-15 19:20:00
2021-01-15 19:45:00	37721	6.38	237.873	11.683	1.89	-1.882	-1.182	0.09	8.57	37726	2021-01-15 20:10:00
2021-01-15 20:25:00	37729	6.02	273.977	10.846	2.515	-2.98	0.19	0.05	22.48	37734	2021-01-15 20:50:00
2021-01-15 20:55:00	37735	5.98	266.932	10.187	2.757	-2.905	-0.163	0.02	14.88	37740	2021-01-15 21:20:00
2021-01-15 21:25:00	37741	6.02	269.049	9.5	2.557	-2.88	-0.053	0.10	6.84	37746	2021-01-15 21:50:00
2021-01-15 21:55:00	37747	6.0	280.163	8.782	2.412	-2.875	0.523	0.03	17.79	37752	2021-01-15 22:20:00
2021-01-15 22:25:00	37753	6.07	284.133	8.03	2.08	-2.867	0.73	0.07	17.87	37758	2021-01-15 22:50:00
2021-01-16 07:50:00	37866	5.68	289.09	11.017	0.32	-3.515	1.212	0.10	16.03	37871	2021-01-16 08:15:00
2021-01-16 11:25:00	37909	5.47	226.587	15.037	-0.678	-2.647	-2.483	0.07	13.16	37914	2021-01-16 11:50:00
2021-01-16 12:50:00	37926	5.5	311.461	16.378	2.595	-2.607	2.34	0.04	27.56	37931	2021-01-16 13:15:00
2021-01-16 14:15:00	37943	5.33	267.988	17.607	2.325	-3.165	-0.083	0.09	14.49	37948	2021-01-16 14:40:00
2021-01-16 18:00:00	37976	5.43	240.89	20.41	1.203	-3.433	-1.967	0.07	29.75	37981	2021-01-16 18:25:00
2021-01-16 18:30:00	37982	5.8	264.096	20.74	1.968	-3.023	-0.32	0.09	7.88	37987	2021-01-16 18:55:00
2021-01-16 19:10:00	37990	5.6	248.667	21.166	1.698	-3.245	-1.29	0.10	23.63	37995	2021-01-16 19:35:00
2021-01-16 19:40:00	37996	5.7	242.145	21.475	1.213	-3.163	-1.663	0.03	11.49	38001	2021-01-16 20:05:00
2021-01-16 20:10:00	38002	5.73	240.29	21.776	1.092	-3.095	-1.765	0.07	3.98	38007	2021-01-16 20:35:00
2021-01-16 20:40:00	38008	5.82	235.729	22.067	0.792	-2.837	-1.932	0.04	4.88	38013	2021-01-16 21:05:00
2021-01-16 21:10:00	38014	5.77	230.897	22.351	0.972	-2.64	-2.145	0.08	7.70	38019	2021-01-16 21:35:00
2021-01-16 23:05:00	38037	5.43	287.52	23.364	3.05	-2.537	0.792	0.06	15.41	38042	2021-01-16 23:30:00
2021-01-16 23:35:00	38043	5.37	274.534	23.61	3.365	-2.395	0.2	0.08	10.50	38048	2021-01-17 00:00:00
2021-01-17 00:10:00	38050	5.4	262.594	23.888	2.792	-2.852	-0.36	0.09	4.72	38055	2021-01-17 00:35:00
2021-01-22 03:50:00	39532	6.3	232.225	23.999	-1.488	-1.452	-1.153	0.04	29.57	39537	2021-01-22 04:15:00
2021-01-22 18:15:00	39705	6.02	240.769	13.583	-1.698	-3.958	-2.268	0.10	28.39	39710	2021-01-22 18:40:00
2021-01-25 23:55:00	40636	5.0	293.663	19.336	5.165	-6.375	2.805	0.07	16.67	40641	2021-01-26 00:20:00
2021-01-26 00:30:00	40643	5.15	306.013	18.903	3.148	-6.318	4.615	0.06	29.86	40648	2021-01-26 00:55:00
2021-01-26 06:40:00	40717	6.23	292.433	13.259	3.362	-2.16	0.888	0.09	12.69	40722	2021-01-26 07:05:00
2021-01-26 07:25:00	40726	6.0	255.866	12.405	3.053	-2.378	-0.607	0.03	11.13	40731	2021-01-26 07:50:00
2021-01-26 08:15:00	40736	6.25	250.975	11.399	3.112	-1.535	-0.523	0.07	6.94	40741	2021-01-26 08:40:00
2021-01-26 08:45:00	40742	5.93	240.23	10.764	2.942	-1.78	-1.017	0.09	11.25	40747	2021-01-26 09:10:00
2021-01-26 10:20:00	40761	6.82	241.838	8.567	1.835	-2.267	-1.202	0.07	13.72	40766	2021-01-26 10:45:00
2021-01-26 11:10:00	40771	6.93	233.002	7.277	1.812	-1.843	-1.408	0.10	20.00	40776	2021-01-26 11:35:00
2021-01-26 20:10:00	40879	6.48	247.485	11.085	3.233	-2.028	-0.823	0.09	14.02	40884	2021-01-26 20:35:00
2021-01-26 22:40:00	40909	5.9	254.888	13.981	4.185	-2.053	-0.555	0.05	21.08	40914	2021-01-26 23:05:00
2021-01-27 05:05:00	40986	5.47	308.617	19.58	4.587	-1.925	1.523	0.03	18.44	40991	2021-01-27 05:30:00
2021-01-27 05:40:00	40993	5.83	274.795	19.991	2.723	-3.983	0.263	0.06	22.69	40998	2021-01-27 06:05:00
2021-01-27 07:30:00	41015	5.93	285.782	21.2	3.787	-2.675	0.817	0.06	19.86	41020	2021-01-27 07:55:00
2021-01-27 08:00:00	41021	5.98	258.603	21.509	2.658	-3.3	-0.783	0.04	26.45	41026	2021-01-27 08:25:00
2021-01-27 08:45:00	41030	6.18	261.616	21.955	2.18	-3.605	-0.648	0.07	24.80	41035	2021-01-27 09:10:00
2021-01-27 10:50:00	41055	6.08	243.164	23.098	2.875	-2.987	-1.622	0.06	23.64	41060	2021-01-27 11:15:00
2021-01-27 11:45:00	41066	6.22	254.305	23.558	2.802	-3.193	-0.898	0.07	14.70	41071	2021-01-27 12:10:00
2021-01-27 12:15:00	41072	6.33	245.497	23.799	2.607	-2.567	-1.148	0.02	16.45	41077	2021-01-27 12:40:00
2021-01-29 09:50:00	41618	6.47	256.253	20.914	1.567	-2.01	-0.493	0.05	22.51	41623	2021-01-29 10:15:00
2021-01-29 10:20:00	41624	6.52	240.282	20.589	1.055	-2.158	-1.242	0.05	18.67	41629	2021-01-29 10:45:00
2021-01-29 10:50:00	41630	6.62	249.08	20.254	-0.283	-2.593	-0.99	0.05	11.56	41635	2021-01-29 11:15:00
2021-01-29 11:20:00	41636	6.6	257.246	19.909	-0.292	-2.73	-0.618	0.06	6.10	41641	2021-01-29 11:45:00
2021-01-29 11:50:00	41642	6.5	257.609	19.554	-0.003	-2.715	-0.597	0.05	3.99	41647	2021-01-29 12:15:00
2021-01-29 12:20:00	41648	6.45	253.512	19.189	0.075	-2.695	-0.797	0.09	25.79	41653	2021-01-29 12:45:00
2021-01-29 12:50:00	41654	6.55	253.416	18.814	0.602	-2.517	-0.738	0.09	14.21	41659	2021-01-29 13:15:00
2021-01-29 13:20:00	41660	6.6	252.59	18.428	-0.352	-2.848	-0.9	0.07	12.73	41665	2021-01-29 13:45:00
2021-01-29 13:50:00	41666	6.48	257.737	18.03	0.62	-2.692	-0.598	0.06	27.36	41671	2021-01-29 14:15:00
2021-01-29 15:50:00	41690	6.58	236.98	16.316	-2.042	-1.862	-1.183	0.09	22.27	41695	2021-01-29 16:15:00
2021-01-29 17:15:00	41707	6.27	236.216	14.969	-2.322	-1.923	-1.268	0.05	24.90	41712	2021-01-29 17:40:00
2021-01-29 18:00:00	41716	6.38	238.879	14.204	-1.25	-2.07	-1.227	0.06	26.59	41721	2021-01-29 18:25:00
2021-01-29 19:50:00	41738	6.17	230.839	12.163	0.42	-1.912	-1.548	0.09	19.63	41743	2021-01-29 20:15:00
2021-01-29 20:55:00	41751	6.25	235.367	10.82	-0.817	-2.45	-1.697	0.06	9.85	41756	2021-01-29 21:20:00
2021-01-29 21:25:00	41757	6.13	245.808	10.16	0.167	-2.508	-1.148	0.03	24.85	41762	2021-01-29 21:50:00
2021-01-30 05:35:00	41855	5.6	259.826	7.083	1.082	-3.128	-0.562	0.05	12.64	41860	2021-01-30 06:00:00
2021-01-30 06:25:00	41865	5.7	264.725	8.39	0.958	-3.073	-0.293	0.03	12.92	41870	2021-01-30 06:50:00
2021-01-30 06:55:00	41871	5.77	255.244	9.126	0.257	-3.083	-0.813	0.06	6.76	41876	2021-01-30 07:20:00
2021-01-30 07:40:00	41880	5.58	257.486	10.169	0.922	-3.395	-0.748	0.10	18.13	41885	2021-01-30 08:05:00
2021-01-30 08:10:00	41886	5.53	274.515	10.828	1.605	-3.192	0.235	0.04	23.12	41891	2021-01-30 08:35:00
2021-01-30 09:10:00	41898	5.98	236.645	12.071	-2.568	-1.828	-1.165	0.04	29.81	41903	2021-01-30 09:35:00
2021-01-30 09:50:00	41906	5.85	259.917	12.848	-1.47	-3.045	-0.525	0.05	13.67	41911	2021-01-30 10:15:00
2021-01-30 10:20:00	41912	6.0	264.994	13.408	-1.433	-3.04	-0.263	0.01	10.43	41917	2021-01-30 10:45:00
2021-01-30 11:00:00	41920	5.9	258.716	14.124	-0.64	-3.217	-0.643	0.05	29.45	41925	2021-01-30 11:25:00
2021-01-30 11:30:00	41926	6.08	239.041	14.64	-0.925	-2.703	-1.612	0.02	16.67	41931	2021-01-30 11:55:00
2021-01-30 13:05:00	41945	5.92	254.702	16.169	0.508	-2.998	-0.828	0.07	22.18	41950	2021-01-30 13:30:00
2021-01-30 13:35:00	41951	5.85	252.949	16.621	0.97	-2.835	-0.867	0.06	29.27	41956	2021-01-30 14:00:00
2021-01-30 14:50:00	41966	6.03	230.577	17.694	-1.9	-2.202	-1.828	0.10	18.63	41971	2021-01-30 15:15:00
2021-01-30 16:45:00	41989	5.68	244.043	19.194	0.813	-3.127	-1.525	0.04	19.46	41994	2021-01-30 17:10:00
2021-01-30 17:50:00	42002	5.55	245.384	19.971	0.52	-3.268	-1.508	0.07	13.78	42007	2021-01-30 18:15:00
2021-01-30 18:20:00	42008	5.6	256.335	20.314	1.092	-3.157	-0.79	0.03	12.68	42013	2021-01-30 18:45:00
2021-01-30 18:50:00	42014	5.52	264.205	20.647	2.013	-2.895	-0.295	0.05	3.75	42019	2021-01-30 19:15:00
2021-01-30 19:20:00	42020	5.6	261.647	20.971	1.027	-3.393	-0.5	0.08	5.18	42025	2021-01-30 19:45:00
2021-01-30 19:50:00	42026	5.68	257.771	21.286	0.457	-3.28	-0.713	0.06	12.62	42031	2021-01-30 20:15:00
2021-01-30 20:20:00	42032	5.82	249.097	21.592	-0.378	-3.228	-1.233	0.03	6.38	42037	2021-01-30 20:45:00
2021-01-30 20:50:00	42038	5.8	254.903	21.889	0.103	-3.417	-0.918	0.03	9.20	42043	2021-01-30 21:15:00
2021-01-30 21:20:00	42044	5.87	225.747	22.178	-0.383	-2.425	-2.36	0.07	10.96	42049	2021-01-30 21:45:00
2021-01-30 21:50:00	42050	5.9	239.129	22.459	0.512	-2.783	-1.663	0.02	13.89	42055	2021-01-30 22:15:00
2021-01-30 22:20:00	42056	5.82	248.185	22.732	1.227	-2.953	-1.202	0.10	16.02	42061	2021-01-30 22:45:00
2021-01-30 22:50:00	42062	5.88	250.932	22.997	0.493	-3.065	-1.073	0.06	15.10	42067	2021-01-30 23:15:00
2021-01-30 23:40:00	42072	6.05	249.501	23.421	-0.35	-3.017	-1.125	0.10	6.97	42077	2021-01-31 00:05:00
2021-01-31 00:10:00	42078	6.07	250.368	23.666	-0.093	-3.108	-1.11	0.06	11.06	42083	2021-01-31 00:35:00
2021-02-02 19:20:00	42858	5.32	301.562	9.435	4.22	-4.617	2.857	0.09	27.88	42863	2021-02-02 19:45:00
2021-02-02 19:50:00	42864	5.18	291.749	10.124	2.798	-5.66	2.325	0.09	24.68	42869	2021-02-02 20:15:00
2021-02-02 22:35:00	42897	5.5	301.666	13.46	5.735	-3.633	2.218	0.09	17.51	42902	2021-02-02 23:00:00
2021-02-03 03:00:00	42950	5.35	251.256	17.662	3.617	-6.715	-2.275	0.04	9.41	42955	2021-02-03 03:25:00
2021-02-03 03:30:00	42956	5.52	266.612	18.07	1.983	-7.11	-0.388	0.07	15.99	42961	2021-02-03 03:55:00
2021-02-03 05:25:00	42979	5.55	269.55	19.529	2.267	-7.767	-0.06	0.07	7.23	42984	2021-02-03 05:50:00
2021-02-03 05:55:00	42985	5.83	267.647	19.883	1.735	-7.085	-0.31	0.07	11.82	42990	2021-02-03 06:20:00
2021-02-03 06:25:00	42991	6.05	267.198	20.228	0.968	-6.542	-0.312	0.06	28.32	42996	2021-02-03 06:50:00
2021-02-03 07:35:00	43005	5.73	257.906	20.996	2.687	-6.983	-1.525	0.07	17.74	43010	2021-02-03 08:00:00
2021-02-03 09:20:00	43026	5.52	291.334	22.056	5.575	-4.5	1.755	0.04	20.51	43031	2021-02-03 09:45:00
2021-02-03 10:30:00	43040	5.47	298.164	22.706	5.158	-4.932	2.537	0.07	22.82	43045	2021-02-03 10:55:00
2021-02-05 20:35:00	43729	5.77	226.768	11.543	3.008	-1.865	-1.673	0.06	24.68	43734	2021-02-05 21:00:00
2021-02-05 21:05:00	43735	6.23	227.446	10.914	1.903	-2.337	-2.123	0.04	22.07	43740	2021-02-05 21:30:00
2021-02-05 22:15:00	43749	6.45	252.029	9.342	0.7	-3.408	-1.095	0.09	15.17	43754	2021-02-05 22:40:00
2021-02-06 05:50:00	43840	5.5	292.926	7.068	3.25	-2.388	1.02	0.02	18.47	43845	2021-02-06 06:15:00
2021-02-13 12:15:00	45920	5.73	260.44	14.569	-5.132	-4.645	-0.71	0.10	28.29	45925	2021-02-13 12:40:00
2021-02-13 19:05:00	45995	6.85	241.235	20.264	4.823	-1.485	-0.775	0.08	18.24	46000	2021-02-13 19:30:00
2021-02-17 08:35:00	47016	5.98	262.1	21.146	3.343	-2.768	-0.363	0.02	26.38	47021	2021-02-17 09:00:00
2021-02-17 10:00:00	47032	6.02	242.811	21.999	3.165	-2.52	-1.312	0.07	16.63	47037	2021-02-17 10:25:00
2021-02-17 10:30:00	47038	5.98	263.816	22.284	3.627	-2.283	-0.245	0.02	14.87	47043	2021-02-17 10:55:00
2021-02-17 11:00:00	47044	6.42	281.359	22.561	1.965	-3.228	0.68	0.10	28.82	47049	2021-02-17 11:25:00
2021-02-17 13:20:00	47072	6.42	253.399	23.749	0.17	-3.843	-1.148	0.04	11.53	47077	2021-02-17 13:45:00
2021-02-17 13:50:00	47078	5.9	247.898	23.983	3.377	-2.718	-1.098	0.04	10.37	47083	2021-02-17 14:15:00
2021-02-19 07:40:00	47579	6.57	266.647	22.722	1.562	-4.55	-0.27	0.06	21.85	47584	2021-02-19 08:05:00
2021-02-19 10:25:00	47612	6.25	226.052	21.125	1.655	-3.737	-3.833	0.10	29.22	47617	2021-02-19 10:50:00
2021-02-19 23:35:00	47770	5.25	303.272	8.433	6.118	-6.908	4.557	0.06	19.80	47775	2021-02-20 00:00:00
2021-02-20 08:45:00	47880	6.38	304.075	10.302	4.872	-3.302	2.132	0.05	28.16	47885	2021-02-20 09:10:00
2021-02-20 12:25:00	47924	5.78	249.01	14.561	5.563	-6.343	-2.43	0.03	24.80	47929	2021-02-20 12:50:00
2021-02-20 13:40:00	47939	5.5	252.077	15.784	5.242	-7.078	-2.318	0.06	16.90	47944	2021-02-20 14:05:00
2021-02-20 14:25:00	47948	5.58	281.022	16.473	3.467	-8.262	1.637	0.05	28.91	47953	2021-02-20 14:50:00
2021-02-20 17:20:00	47983	6.42	261.17	18.877	4.158	-3.807	-0.497	0.09	29.19	47988	2021-02-20 17:45:00
2021-02-20 18:40:00	47999	6.35	233.302	19.848	2.907	-4.27	-3.217	0.03	29.16	48004	2021-02-20 19:05:00
2021-02-21 00:45:00	48072	5.93	268.005	23.449	4.875	-4.05	-0.133	0.05	25.00	48077	2021-02-21 01:10:00
2021-02-23 00:35:00	48646	6.53	235.408	19.778	2.795	-2.982	-1.945	0.06	20.25	48651	2021-02-23 01:00:00
2021-02-23 04:20:00	48691	6.95	305.125	16.827	2.982	-2.988	2.107	0.09	27.32	48696	2021-02-23 04:45:00
2021-02-23 06:15:00	48714	6.9	259.912	15.044	-1.772	-5.605	-1.017	0.04	22.82	48719	2021-02-23 06:40:00
2021-02-23 09:00:00	48747	6.75	256.588	12.061	-0.812	-5.895	-1.413	0.06	17.80	48752	2021-02-23 09:25:00
2021-02-23 09:30:00	48753	6.42	252.952	11.453	-0.723	-5.852	-1.792	0.03	11.46	48758	2021-02-23 09:55:00
2021-02-23 10:00:00	48759	6.35	255.409	10.82	-0.627	-6.028	-1.568	0.03	17.88	48764	2021-02-23 10:25:00
2021-02-24 09:35:00	49042	6.33	236.703	21.661	1.635	-5.528	-3.627	0.04	12.24	49047	2021-02-24 10:00:00
2021-02-24 10:05:00	49048	6.17	239.683	21.956	2.147	-5.832	-3.405	0.02	11.39	49053	2021-02-24 10:30:00
2021-02-24 11:00:00	49059	6.6	244.705	22.475	1.127	-6.18	-2.938	0.08	21.55	49064	2021-02-24 11:25:00
2021-02-24 11:45:00	49068	5.25	284.391	22.879	5.038	-6.392	1.633	0.05	24.71	49073	2021-02-24 12:10:00
2021-02-26 06:00:00	49574	6.2	246.548	23.747	2.897	-1.795	-0.755	0.02	27.24	49579	2021-02-26 06:25:00
2021-02-26 06:30:00	49580	6.28	243.037	23.506	2.687	-2.142	-1.072	0.01	21.04	49585	2021-02-26 06:55:00
2021-02-26 07:00:00	49586	6.22	244.761	23.257	2.887	-2.043	-0.963	0.06	3.98	49591	2021-02-26 07:25:00
2021-02-27 14:25:00	49959	6.77	305.474	16.163	-0.637	-2.417	1.683	0.04	20.23	49964	2021-02-27 14:50:00
2021-03-01 20:50:00	50608	5.98	240.741	22.356	3.493	-3.09	-1.757	0.09	25.37	50613	2021-03-01 21:15:00
2021-03-02 22:25:00	50913	6.87	231.851	11.751	2.697	-4.642	-3.663	0.09	5.93	50918	2021-03-02 22:50:00
2021-03-03 12:45:00	51085	6.92	288.818	23.17	4.56	-2.272	0.76	0.08	20.44	51090	2021-03-03 13:10:00
2021-03-05 05:35:00	51571	6.1	233.99	23.992	4.355	-1.153	-0.837	0.06	19.33	51576	2021-03-05 06:00:00
2021-03-05 06:05:00	51577	6.32	250.604	23.76	4.238	-1.485	-0.513	0.04	21.75	51582	2021-03-05 06:30:00
2021-03-05 13:50:00	51670	6.35	285.19	19.129	4.142	-1.317	0.353	0.08	18.55	51675	2021-03-05 14:15:00
2021-03-05 19:30:00	51737	6.32	235.649	14.148	3.705	-1.872	-1.277	0.08	14.94	51742	2021-03-05 19:55:00
2021-03-05 20:00:00	51743	6.32	225.551	13.617	3.72	-2.058	-2.02	0.02	13.55	51748	2021-03-05 20:25:00
2021-03-06 08:45:00	51896	6.77	289.369	9.556	-4.857	-3.14	1.132	0.04	25.84	51901	2021-03-06 09:10:00
2021-03-06 12:05:00	51936	6.45	283.019	13.628	-2.887	-3.667	0.803	0.07	14.94	51941	2021-03-06 12:30:00
2021-03-06 13:15:00	51950	6.02	294.87	14.839	-5.247	-3.618	1.562	0.07	22.60	51955	2021-03-06 13:40:00
2021-03-08 18:00:00	52568	6.68	226.379	23.865	-2.955	-0.937	-0.902	0.06	16.09	52573	2021-03-08 18:25:00
2021-03-09 19:20:00	52865	6.07	257.846	7.306	-3.815	-1.6	-0.355	0.08	11.95	52870	2021-03-09 19:45:00
2021-03-12 15:35:00	53683	6.05	239.219	18.212	1.99	-2.917	-1.757	0.08	21.33	53688	2021-03-12 16:00:00
2021-03-12 23:20:00	53776	5.98	227.688	10.297	-1.518	-6.887	-6.253	0.09	9.96	53781	2021-03-12 23:45:00
2021-03-13 01:10:00	53798	5.03	292.158	7.658	4.323	-9.17	3.723	0.07	15.20	53803	2021-03-13 01:35:00
2021-03-13 13:25:00	53945	5.42	296.084	14.44	4.458	-7.568	3.5	0.05	23.34	53950	2021-03-13 13:50:00
2021-03-16 09:20:00	54608	6.42	280.342	12.785	2.528	-1.687	0.307	0.02	8.86	54613	2021-03-16 09:45:00
2021-03-16 10:30:00	54622	6.73	260.916	11.404	2.168	-1.577	-0.225	0.05	29.13	54627	2021-03-16 10:55:00
2021-03-16 11:00:00	54628	6.88	260.476	10.774	2.003	-1.55	-0.252	0.09	15.32	54633	2021-03-16 11:25:00
2021-03-17 01:50:00	54801	6.52	298.692	14.784	-2.548	-1.237	0.718	0.07	24.10	54806	2021-03-17 02:15:00
2021-03-19 06:15:00	55430	5.58	225.593	23.943	3.907	-1.863	-1.83	0.06	27.94	55435	2021-03-19 06:40:00
2021-03-19 08:20:00	55455	5.42	227.943	22.925	3.868	-2.147	-1.935	0.02	16.49	55460	2021-03-19 08:45:00
2021-03-19 10:00:00	55475	6.1	232.163	22.015	2.792	-1.81	-1.387	0.08	16.23	55480	2021-03-19 10:25:00
2021-03-19 10:30:00	55481	6.08	230.671	21.724	2.155	-2.115	-1.692	0.06	20.04	55486	2021-03-19 10:55:00
2021-03-19 22:30:00	55625	6.25	227.935	11.447	2.597	-1.913	-1.695	0.04	25.36	55630	2021-03-19 22:55:00
2021-03-20 21:45:00	55904	6.8	271.168	21.05	1.17	-4.132	0.128	0.02	25.14	55909	2021-03-20 22:10:00
2021-03-27 18:50:00	57769	5.28	304.773	18.813	2.983	-4.408	3.033	0.08	19.02	57774	2021-03-27 19:15:00
2021-03-28 03:15:00	57870	5.0	280.625	23.852	-0.853	-5.447	1.037	0.08	14.61	57875	2021-03-28 03:40:00
2021-03-29 18:30:00	58340	6.1	247.768	23.997	2.787	-2.467	-1.01	0.08	5.07	58345	2021-03-29 18:55:00
2021-03-29 20:15:00	58361	6.18	256.047	23.159	2.307	-2.422	-0.588	0.04	17.74	58366	2021-03-29 20:40:00
2021-03-29 21:00:00	58370	6.3	268.808	22.772	0.863	-3.037	-0.043	0.06	24.25	58375	2021-03-29 21:25:00
2021-03-29 21:30:00	58376	6.2	266.046	22.505	1.318	-2.932	-0.2	0.02	9.41	58381	2021-03-29 21:55:00
2021-03-30 00:05:00	58407	5.52	231.147	20.992	2.887	-0.883	-0.692	0.08	27.36	58412	2021-03-30 00:30:00
2021-03-30 00:55:00	58417	5.83	284.865	20.454	2.778	-1.308	0.353	0.04	16.46	58422	2021-03-30 01:20:00
2021-03-30 01:25:00	58423	5.87	281.094	20.119	2.355	-2.025	0.39	0.06	9.01	58428	2021-03-30 01:50:00
2021-03-30 01:55:00	58429	5.55	291.635	19.775	2.567	-2.185	0.89	0.07	25.45	58434	2021-03-30 02:20:00
2021-03-30 03:40:00	58450	6.28	255.3	18.489	2.542	-2.065	-0.54	0.04	24.21	58455	2021-03-30 04:05:00
2021-03-30 04:50:00	58464	6.02	248.782	17.557	3.54	-2.17	-0.827	0.04	17.62	58469	2021-03-30 05:15:00
2021-03-30 05:20:00	58470	5.95	269.71	17.138	2.943	-3.008	0.095	0.06	27.18	58475	2021-03-30 05:45:00
2021-03-30 05:50:00	58476	5.78	279.022	16.706	2.585	-3.637	0.583	0.06	6.38	58481	2021-03-30 06:15:00
2021-03-30 06:20:00	58482	5.82	276.748	16.261	2.725	-3.408	0.402	0.04	6.06	58487	2021-03-30 06:45:00
2021-03-30 06:50:00	58488	5.68	278.524	15.802	3.105	-3.21	0.483	0.06	3.83	58493	2021-03-30 07:15:00
2021-03-30 07:20:00	58494	5.72	279.694	15.329	2.905	-3.445	0.592	0.04	5.33	58499	2021-03-30 07:45:00
2021-03-30 07:50:00	58500	5.7	281.182	14.84	3.017	-3.292	0.652	0.04	2.82	58505	2021-03-30 08:15:00
2021-03-30 09:50:00	58524	5.65	291.81	12.718	3.187	-3.368	1.35	0.10	6.97	58529	2021-03-30 10:15:00
2021-03-30 10:40:00	58534	5.38	297.914	11.743	2.947	-3.918	2.077	0.02	3.80	58539	2021-03-30 11:05:00
2021-03-30 12:05:00	58551	6.0	284.156	9.938	2.678	-3.133	0.778	0.06	11.48	58556	2021-03-30 12:30:00
2021-03-30 12:35:00	58557	6.17	266.215	9.249	1.415	-3.882	-0.257	0.08	10.95	58562	2021-03-30 13:00:00
2021-03-30 13:05:00	58563	6.13	268.592	8.53	1.89	-3.215	-0.083	0.07	8.95	58568	2021-03-30 13:30:00
2021-03-30 13:35:00	58569	6.07	274.402	7.778	2.282	-3.125	0.235	0.08	5.33	58574	2021-03-30 14:00:00
2021-03-31 11:40:00	58834	5.52	266.593	21.908	2.053	-6.232	-0.35	0.05	17.72	58839	2021-03-31 12:05:00
2021-03-31 12:10:00	58840	5.28	242.122	22.193	3.42	-4.905	-2.563	0.05	29.15	58845	2021-03-31 12:35:00
2021-03-31 12:40:00	58846	5.28	241.008	22.469	3.597	-4.133	-2.29	0.06	8.36	58851	2021-03-31 13:05:00
2021-04-02 06:25:00	59346	5.98	266.215	23.999	2.233	-3.215	-0.207	0.02	8.19	59351	2021-04-02 06:50:00
2021-04-02 07:10:00	59355	5.7	293.377	23.653	3.347	-1.883	0.882	0.03	21.57	59360	2021-04-02 07:35:00
2021-04-02 07:55:00	59364	5.78	291.128	23.289	2.907	-2.725	1.01	0.04	28.27	59369	2021-04-02 08:20:00
2021-04-02 08:25:00	59370	5.77	287.129	23.038	2.593	-3.262	1.015	0.02	8.93	59375	2021-04-02 08:50:00
2021-04-02 08:55:00	59376	5.83	284.61	22.779	2.035	-3.613	0.948	0.03	12.78	59381	2021-04-02 09:20:00
2021-04-02 09:25:00	59382	5.65	270.064	22.512	2.08	-3.938	-0.002	0.04	27.34	59387	2021-04-02 09:50:00
2021-04-02 10:05:00	59390	5.72	275.941	22.145	2.027	-3.85	0.377	0.05	25.44	59395	2021-04-02 10:30:00
2021-04-02 10:50:00	59399	5.37	254.486	21.713	0.563	-4.688	-1.313	0.04	11.25	59404	2021-04-02 11:15:00
2021-04-02 11:20:00	59405	5.33	249.541	21.415	0.965	-4.647	-1.72	0.05	11.94	59410	2021-04-02 11:45:00
2021-04-02 11:50:00	59411	5.3	249.28	21.109	1.532	-4.745	-1.815	0.03	17.81	59416	2021-04-02 12:15:00
2021-04-02 12:55:00	59424	5.33	242.402	20.414	0.09	-5.342	-2.795	0.07	18.52	59429	2021-04-02 13:20:00
2021-04-02 13:25:00	59430	5.32	245.216	20.078	0.282	-5.782	-2.668	0.04	13.90	59435	2021-04-02 13:50:00
2021-04-02 13:55:00	59436	5.33	269.205	19.733	0.422	-6.252	-0.088	0.06	19.23	59441	2021-04-02 14:20:00
2021-04-02 15:10:00	59451	5.35	245.242	18.826	0.485	-6.578	-3.078	0.07	28.00	59456	2021-04-02 15:35:00
2021-04-02 17:05:00	59474	5.35	255.122	17.302	1.717	-7.833	-2.113	0.04	22.59	59479	2021-04-02 17:30:00
2021-04-02 17:35:00	59480	5.28	246.484	16.876	1.213	-7.642	-3.352	0.06	25.17	59485	2021-04-02 18:00:00
2021-04-03 00:55:00	59568	5.3	227.446	8.704	3.108	-3.127	-2.858	0.10	11.05	59573	2021-04-03 01:20:00
2021-04-03 18:40:00	59781	6.03	281.797	18.598	-0.7	-2.615	0.543	0.06	10.57	59786	2021-04-03 19:05:00
2021-04-03 19:15:00	59788	6.05	244.304	19.037	-0.235	-2.378	-1.143	0.04	14.24	59793	2021-04-03 19:40:00
2021-04-03 20:00:00	59797	6.1	231.166	19.58	-1.288	-1.848	-1.488	0.05	15.33	59802	2021-04-03 20:25:00
2021-04-03 21:20:00	59813	5.73	249.587	20.491	1.153	-2.108	-0.79	0.08	28.67	59818	2021-04-03 21:45:00
2021-04-03 23:45:00	59842	5.48	249.214	21.976	2.295	-1.447	-0.593	0.03	28.34	59847	2021-04-04 00:10:00
2021-04-04 02:00:00	59869	5.53	255.61	23.185	2.687	-1.118	-0.27	0.09	26.07	59874	2021-04-04 02:25:00
2021-04-04 02:35:00	59876	5.22	245.128	23.473	2.698	-0.868	-0.365	0.04	29.10	59881	2021-04-04 03:00:00
2021-04-09 09:10:00	61183	6.43	253.229	22.891	-2.262	-2.387	-0.717	0.07	18.00	61188	2021-04-09 09:35:00
2021-04-09 10:25:00	61198	6.32	262.284	22.217	0.093	-3.423	-0.473	0.08	26.66	61203	2021-04-09 10:50:00
2021-04-09 13:15:00	61232	6.13	254.134	20.499	-2.978	-1.085	-0.283	0.10	19.27	61237	2021-04-09 13:40:00
2021-04-09 14:30:00	61247	5.6	241.518	19.649	-2.608	-2.643	-1.432	0.02	6.93	61252	2021-04-09 14:55:00
2021-04-12 18:50:00	62160	6.47	257.434	23.986	1.773	-2.623	-0.605	0.09	14.84	62165	2021-04-12 19:15:00
2021-04-12 20:15:00	62177	6.17	270.47	23.319	2.633	-3.147	0.015	0.02	13.33	62182	2021-04-12 20:40:00
2021-04-12 21:00:00	62186	6.08	264.051	22.942	2.257	-3.597	-0.375	0.08	18.56	62191	2021-04-12 21:25:00
2021-04-12 21:30:00	62192	6.27	259.815	22.681	2.078	-3.403	-0.617	0.05	17.95	62197	2021-04-12 21:55:00
2021-04-12 22:15:00	62201	6.77	283.231	22.275	3.553	-1.42	0.333	0.09	21.52	62206	2021-04-12 22:40:00
2021-04-13 08:30:00	62324	6.12	249.328	14.551	0.028	-3.743	-1.413	0.07	17.76	62329	2021-04-13 08:55:00
2021-04-16 06:50:00	63168	5.58	235.015	23.988	3.912	-4.302	-3.012	0.04	6.45	63173	2021-04-16 07:15:00
2021-04-16 07:20:00	63174	6.02	233.175	23.759	4.15	-4.005	-3.027	0.07	7.68	63179	2021-04-16 07:45:00
2021-04-16 08:15:00	63185	5.75	271.25	23.321	5.8	-3.285	0.067	0.03	28.51	63190	2021-04-16 08:40:00
2021-04-16 10:10:00	63208	5.43	262.543	22.325	5.92	-3.295	-0.427	0.08	16.47	63213	2021-04-16 10:35:00
2021-04-16 10:40:00	63214	5.53	271.111	22.046	6.103	-3.15	0.035	0.06	23.18	63219	2021-04-16 11:05:00
2021-04-17 02:15:00	63401	5.42	248.852	7.382	3.6	-5.748	-2.2	0.06	24.19	63406	2021-04-17 02:40:00
2021-04-17 16:35:00	63573	5.67	237.376	16.46	2.365	-4.678	-3.032	0.09	26.39	63578	2021-04-17 17:00:00
2021-04-17 18:20:00	63594	6.2	253.275	17.936	4.47	-3.525	-1.05	0.08	11.72	63599	2021-04-17 18:45:00
2021-04-18 00:20:00	63666	6.73	247.322	22.005	2.512	-4.372	-1.815	0.04	25.42	63671	2021-04-18 00:45:00
2021-04-18 00:50:00	63672	6.87	227.878	22.285	0.505	-4.06	-3.667	0.03	23.72	63677	2021-04-18 01:15:00
2021-04-20 01:55:00	64261	6.98	274.903	20.095	2.583	-4.03	0.298	0.06	23.81	64266	2021-04-20 02:20:00
2021-04-21 10:20:00	64650	6.77	274.282	20.74	2.948	-3.23	0.233	0.07	24.23	64655	2021-04-21 10:45:00
2021-04-23 11:55:00	65175	6.67	254.023	21.456	-2.043	-1.917	-0.545	0.07	19.84	65180	2021-04-23 12:20:00
2021-04-23 15:05:00	65213	6.18	227.824	19.374	2.077	-3.022	-2.63	0.05	27.22	65218	2021-04-23 15:30:00
2021-04-23 16:30:00	65230	5.48	249.938	18.314	5.683	-2.912	-1.105	0.06	22.33	65235	2021-04-23 16:55:00
2021-04-23 18:05:00	65249	5.2	270.659	17.023	6.622	-2.522	0.063	0.08	24.22	65254	2021-04-23 18:30:00
2021-04-23 18:55:00	65259	5.62	240.665	16.293	5.578	-4.287	-2.427	0.08	24.92	65264	2021-04-23 19:20:00
2021-04-23 19:30:00	65266	5.92	247.921	15.76	4.278	-5.552	-2.263	0.08	29.47	65271	2021-04-23 19:55:00
2021-04-23 20:35:00	65279	5.18	261.984	14.718	4.682	-8.075	-1.145	0.10	15.01	65284	2021-04-23 21:00:00
2021-04-24 15:15:00	65503	6.73	255.343	14.984	1.733	-2.742	-0.758	0.03	23.71	65508	2021-04-24 15:40:00
2021-04-24 15:45:00	65509	6.68	271.04	15.465	1.178	-3.215	0.04	0.01	20.55	65514	2021-04-24 16:10:00
2021-04-24 16:50:00	65522	6.35	290.836	16.459	2.597	-2.345	0.933	0.06	29.00	65527	2021-04-24 17:15:00
2021-04-24 19:25:00	65553	5.9	235.274	18.585	2.513	-2.24	-1.525	0.02	16.55	65558	2021-04-24 19:50:00
2021-04-24 20:40:00	65568	6.27	227.969	19.505	1.487	-2.888	-2.638	0.05	24.69	65573	2021-04-24 21:05:00
2021-04-24 21:10:00	65574	6.12	254.52	19.855	1.932	-3.913	-1.068	0.01	27.09	65579	2021-04-24 21:35:00
2021-04-24 21:40:00	65580	6.1	255.519	20.195	1.83	-4.208	-1.108	0.06	15.63	65585	2021-04-24 22:05:00
2021-04-24 22:10:00	65586	6.3	268.915	20.526	2.002	-4.17	-0.053	0.07	19.46	65591	2021-04-24 22:35:00
2021-04-26 22:30:00	66166	5.5	242.246	22.279	0.327	-3.802	-1.987	0.04	19.15	66171	2021-04-26 22:55:00
2021-04-26 23:25:00	66177	5.05	237.78	21.76	0.673	-4.173	-2.632	0.04	8.52	66182	2021-04-26 23:50:00
2021-04-27 03:25:00	66225	6.0	234.737	19.149	1.727	-2.878	-1.952	0.07	28.71	66230	2021-04-27 03:50:00
2021-04-27 05:35:00	66251	6.28	229.563	17.465	2.733	-2.363	-2.018	0.06	5.80	66256	2021-04-27 06:00:00
2021-04-27 06:05:00	66257	5.98	238.913	17.046	2.263	-2.847	-1.717	0.03	6.36	66262	2021-04-27 06:30:00
2021-04-27 06:35:00	66263	5.93	236.398	16.614	2.173	-2.648	-1.77	0.04	26.82	66268	2021-04-27 07:00:00
2021-04-27 08:35:00	66287	6.68	232.729	14.749	2.742	-2.175	-1.668	0.03	19.43	66292	2021-04-27 09:00:00
2021-04-27 09:05:00	66293	6.43	238.954	14.244	3.32	-1.893	-1.13	0.03	15.96	66298	2021-04-27 09:30:00
2021-04-27 11:35:00	66323	6.97	261.274	11.451	2.073	-2.673	-0.425	0.03	22.66	66328	2021-04-27 12:00:00
2021-04-28 02:15:00	66499	6.58	255.734	13.899	0.798	-2.142	-0.528	0.07	17.38	66504	2021-04-28 02:40:00
2021-04-28 02:45:00	66505	6.62	252.208	14.414	1.447	-1.847	-0.588	0.09	11.37	66510	2021-04-28 03:10:00
2021-04-28 03:35:00	66515	5.97	266.45	15.236	2.107	-1.748	-0.1	0.06	8.30	66520	2021-04-28 04:00:00
2021-04-28 04:05:00	66521	6.05	271.809	15.709	1.077	-2.475	0.077	0.05	6.26	66526	2021-04-28 04:30:00
2021-04-28 06:55:00	66555	5.73	261.984	18.137	0.593	-2.713	-0.383	0.09	27.76	66560	2021-04-28 07:20:00
2021-04-28 07:45:00	66565	5.6	269.559	18.777	1.153	-2.477	-0.015	0.06	15.28	66570	2021-04-28 08:10:00
2021-04-28 09:30:00	66586	5.77	238.038	20.027	-0.93	-2.315	-1.435	0.04	19.60	66591	2021-04-28 09:55:00
2021-04-28 10:00:00	66592	5.78	284.494	20.362	0.395	-2.845	0.73	0.04	24.10	66597	2021-04-28 10:25:00
2021-04-28 10:30:00	66598	5.5	288.444	20.687	1.032	-2.748	0.912	0.07	22.07	66603	2021-04-28 10:55:00
2021-04-28 11:15:00	66607	6.27	265.872	21.159	0.808	-2.412	-0.175	0.07	29.11	66612	2021-04-28 11:40:00
2021-04-28 12:55:00	66627	6.4	257.871	22.136	0.11	-2.788	-0.59	0.04	26.26	66632	2021-04-28 13:20:00
2021-04-28 13:35:00	66635	6.37	280.055	22.502	1.088	-2.657	0.477	0.05	9.41	66640	2021-04-28 14:00:00
2021-04-28 14:05:00	66641	6.25	302.493	22.767	1.55	-2.177	1.39	0.05	24.38	66646	2021-04-28 14:30:00
2021-04-28 14:50:00	66650	6.53	294.334	23.15	-0.308	-2.602	1.173	0.05	12.35	66655	2021-04-28 15:15:00
2021-04-30 09:35:00	67144	5.13	277.176	22.721	-4.452	-5.837	0.662	0.04	21.51	67149	2021-04-30 10:00:00
2021-05-01 15:25:00	67502	5.03	290.003	15.167	1.672	-6.495	2.437	0.09	29.29	67507	2021-05-01 15:50:00
2021-05-01 15:55:00	67508	5.22	295.91	15.643	1.415	-6.602	3.215	0.09	7.32	67513	2021-05-01 16:20:00
2021-05-01 16:45:00	67518	5.05	290.344	16.403	2.027	-6.758	2.607	0.06	28.96	67523	2021-05-01 17:10:00
2021-05-01 17:15:00	67524	5.4	268.307	16.842	3.238	-6.483	-0.198	0.03	19.22	67529	2021-05-01 17:40:00
2021-05-01 17:45:00	67530	5.62	268.501	17.267	2.56	-6.687	-0.175	0.04	1.56	67535	2021-05-01 18:10:00
2021-05-01 18:30:00	67539	5.55	263.568	17.883	0.49	-7.618	-0.832	0.07	17.44	67544	2021-05-01 18:55:00
2021-05-01 19:00:00	67545	5.68	276.383	18.278	2.1	-7.338	0.818	0.02	8.03	67550	2021-05-01 19:25:00
2021-05-01 19:30:00	67551	5.77	281.585	18.662	1.268	-7.175	1.478	0.07	7.09	67556	2021-05-01 19:55:00
2021-05-01 20:00:00	67557	5.57	283.869	19.036	1.012	-7.428	1.833	0.02	14.42	67562	2021-05-01 20:25:00
2021-05-01 20:30:00	67563	5.52	275.131	19.399	0.215	-7.78	0.702	0.06	4.00	67568	2021-05-01 20:55:00
2021-05-01 21:00:00	67569	5.8	275.902	19.752	0.668	-7.24	0.745	0.07	10.72	67574	2021-05-01 21:25:00
2021-05-01 21:30:00	67575	5.75	279.364	20.095	1.135	-7.197	1.188	0.06	1.67	67580	2021-05-01 21:55:00
2021-05-01 22:00:00	67581	5.42	280.735	20.428	1.298	-7.273	1.378	0.01	2.66	67586	2021-05-01 22:25:00
2021-05-01 22:30:00	67587	5.37	277.108	20.752	1.387	-7.217	0.9	0.02	6.79	67592	2021-05-01 22:55:00
2021-05-01 23:00:00	67593	5.47	271.487	21.067	1.538	-6.912	0.187	0.04	9.06	67598	2021-05-01 23:25:00
2021-05-01 23:30:00	67599	5.32	280.401	21.374	1.885	-6.787	1.257	0.07	14.27	67604	2021-05-01 23:55:00
2021-05-02 00:00:00	67605	5.07	283.094	21.671	1.502	-6.995	1.627	0.03	5.82	67610	2021-05-02 00:25:00
2021-05-14 09:20:00	71166	6.15	289.311	23.033	1.837	-3.807	1.348	0.01	29.67	71171	2021-05-14 09:45:00
2021-05-14 13:35:00	71217	6.2	295.607	20.593	2.72	-3.368	1.615	0.08	18.37	71222	2021-05-14 14:00:00
2021-05-14 14:20:00	71226	6.13	311.905	20.098	3.773	-1.918	1.727	0.04	14.00	71231	2021-05-14 14:45:00
2021-05-14 18:45:00	71279	6.23	245.523	16.706	1.632	-3.465	-1.55	0.07	20.46	71284	2021-05-14 19:10:00
2021-05-15 09:55:00	71461	5.7	277.384	8.164	2.475	-4.5	0.633	0.08	23.24	71466	2021-05-15 10:20:00
2021-05-15 20:05:00	71583	6.78	256.112	18.822	1.653	-2.337	-0.577	0.03	14.25	71588	2021-05-15 20:30:00
2021-05-15 21:00:00	71594	6.82	301.431	19.49	1.447	-2.063	1.27	0.02	11.28	71599	2021-05-15 21:25:00
2021-05-15 21:30:00	71600	6.9	299.156	19.84	1.532	-1.992	1.13	0.02	15.12	71605	2021-05-15 21:55:00
2021-05-15 22:55:00	71617	6.63	307.59	20.779	1.188	-2.058	1.603	0.02	21.13	71622	2021-05-15 23:20:00
2021-05-15 23:25:00	71623	6.55	305.854	21.093	1.435	-2.005	1.437	0.03	17.97	71628	2021-05-15 23:50:00
2021-05-16 03:00:00	71666	5.88	313.474	23.098	2.358	-1.257	1.222	0.08	27.71	71671	2021-05-16 03:25:00
2021-05-18 06:20:00	72231	6.77	231.392	17.148	1.757	-4.15	-3.308	0.08	9.64	72236	2021-05-18 06:45:00
2021-05-18 08:20:00	72255	6.85	252.568	15.352	3.107	-3.922	-1.237	0.09	20.08	72260	2021-05-18 08:45:00
2021-05-18 11:10:00	72289	6.4	279.193	12.382	1.647	-6.133	0.992	0.10	4.62	72294	2021-05-18 11:35:00
2021-05-18 14:55:00	72334	6.92	263.939	7.359	3.268	-3.717	-0.372	0.10	12.52	72339	2021-05-18 15:20:00
2021-05-18 22:55:00	72430	6.47	279.072	9.478	3.912	-3.21	0.525	0.01	16.52	72435	2021-05-18 23:20:00
2021-05-18 23:50:00	72441	6.58	283.226	10.695	4.168	-2.622	0.617	0.02	16.91	72446	2021-05-19 00:15:00
2021-05-19 00:45:00	72452	6.45	284.041	11.828	4.227	-2.452	0.617	0.04	20.91	72457	2021-05-19 01:10:00
2021-05-19 01:15:00	72458	6.43	286.027	12.413	4.32	-2.267	0.657	0.03	9.56	72463	2021-05-19 01:40:00
2021-05-19 12:20:00	72591	5.58	295.251	21.603	4.777	-4.498	2.095	0.09	18.31	72596	2021-05-19 12:45:00
2021-05-21 11:10:00	73149	6.92	226.702	22.176	2.335	-1.517	-1.423	0.05	28.37	73154	2021-05-21 11:35:00
2021-05-22 18:25:00	73311	6.62	241.796	17.349	-0.512	-2.508	-1.337	0.04	22.41	73316	2021-05-22 18:50:00
2021-05-22 18:55:00	73317	6.47	236.618	17.76	0.132	-2.538	-1.672	0.06	16.34	73322	2021-05-22 19:20:00
2021-05-22 19:30:00	73324	6.25	255.202	18.224	1.325	-2.387	-0.648	0.05	25.66	73329	2021-05-22 19:55:00
2021-05-22 21:50:00	73352	6.18	250.291	19.932	1.423	-2.993	-1.082	0.09	17.55	73357	2021-05-22 22:15:00
2021-05-22 22:35:00	73361	6.07	257.871	20.435	2.645	-2.258	-0.492	0.02	9.63	73366	2021-05-22 23:00:00
2021-05-22 23:05:00	73367	5.9	263.44	20.758	2.99	-2.012	-0.245	0.01	13.38	73372	2021-05-22 23:30:00
2021-05-22 23:35:00	73373	6.02	256.949	21.073	3.218	-1.702	-0.395	0.01	8.44	73378	2021-05-23 00:00:00
2021-05-23 00:50:00	73388	5.98	275.601	21.821	3.327	-0.992	0.078	0.02	25.72	73393	2021-05-23 01:15:00
2021-05-23 01:40:00	73398	6.07	241.332	22.29	1.983	-2.388	-1.328	0.08	18.21	73403	2021-05-23 02:05:00
2021-05-23 04:40:00	73434	6.02	238.465	23.802	1.383	-2.855	-1.75	0.01	12.03	73439	2021-05-23 05:05:00
2021-05-25 01:15:00	73844	6.28	312.641	20.933	1.122	-1.45	1.355	0.07	14.23	73849	2021-05-25 01:40:00
2021-05-25 02:20:00	73857	5.98	268.427	20.232	-0.222	-2.63	-0.077	0.06	22.17	73862	2021-05-25 02:45:00
2021-05-25 04:05:00	73878	5.47	247.123	19.004	2.397	-2.58	-1.107	0.01	21.69	73883	2021-05-25 04:30:00
2021-05-25 04:35:00	73884	5.45	243.779	18.63	2.603	-2.427	-1.19	0.02	12.13	73889	2021-05-25 05:00:00
2021-05-25 05:05:00	73890	5.28	244.915	18.246	2.69	-2.615	-1.212	0.08	18.17	73895	2021-05-25 05:30:00
2021-05-25 06:00:00	73901	5.02	258.843	17.511	3.385	-2.428	-0.483	0.04	4.92	73906	2021-05-25 06:25:00
2021-05-25 07:30:00	73919	6.1	255.216	16.22	-0.413	-3.25	-0.858	0.02	9.09	73924	2021-05-25 07:55:00
2021-05-25 08:00:00	73925	6.05	252.575	15.763	-0.56	-3.228	-1.013	0.03	28.19	73930	2021-05-25 08:25:00
2021-05-25 08:30:00	73931	5.93	253.799	15.292	-0.682	-3.382	-0.987	0.06	26.26	73936	2021-05-25 08:55:00
2021-05-25 09:00:00	73937	6.08	249.302	14.806	-0.758	-3.178	-1.2	0.05	5.11	73942	2021-05-25 09:25:00
2021-05-25 10:20:00	73953	6.12	225.993	13.43	-1.757	-2.172	-2.117	0.09	10.48	73958	2021-05-25 10:45:00
2021-05-25 10:50:00	73959	5.9	228.091	12.882	-1.203	-2.527	-2.26	0.08	5.29	73964	2021-05-25 11:15:00
2021-05-25 12:00:00	73973	5.8	269.12	11.525	0.857	-3.748	-0.07	0.06	16.75	73978	2021-05-25 12:25:00
2021-05-25 12:40:00	73981	6.4	286.236	10.695	1.723	-2.167	0.625	0.02	10.34	73986	2021-05-25 13:05:00
2021-05-25 21:55:00	74089	5.92	228.189	7.845	0.762	-2.085	-1.87	0.10	11.83	74094	2021-05-25 22:20:00
2021-05-26 01:55:00	74137	6.68	235.48	13.013	1.132	-1.71	-1.178	0.08	5.03	74142	2021-05-26 02:20:00
2021-05-30 00:35:00	75273	5.58	307.561	21.742	3.385	-3.318	2.555	0.04	4.51	75278	2021-05-30 01:00:00
