Start_str	Start_ind	Mgs#_avg	Clang_avg	Rmag_avg	Bx_avg(nT)	By_avg(nT)	Bz_avg(nT)	Bdeviat	Dtheta	End_ind	End_str
2016-09-08 16:00:00	1935	6.93	254.787	9.922	-1.043	-4.162	-1.125	0.04	19.62	1940	2016-09-08 16:25:00
2016-09-11 22:15:00	2854	5.65	240.055	11.952	-2.332	-4.287	-2.442	0.02	13.50	2859	2016-09-11 22:40:00
2016-09-11 22:45:00	2860	5.72	237.653	11.897	-4.373	-3.188	-2.063	0.07	22.09	2865	2016-09-11 23:10:00
2016-09-16 13:40:00	4191	5.03	305.148	8.705	2.902	-4.585	3.21	0.05	17.18	4196	2016-09-16 14:05:00
2016-09-17 17:25:00	4524	5.6	302.025	11.303	2.752	-2.783	1.733	0.05	7.31	4529	2016-09-17 17:50:00
2016-09-17 17:55:00	4530	5.6	294.22	11.487	3.303	-2.345	1.02	0.03	23.60	4535	2016-09-17 18:20:00
2016-09-17 19:00:00	4543	5.62	272.722	11.783	2.772	-2.867	0.132	0.05	12.77	4548	2016-09-17 19:25:00
2016-09-17 19:30:00	4549	5.6	263.791	11.873	2.967	-2.698	-0.328	0.07	28.24	4554	2016-09-17 19:55:00
2016-09-17 20:15:00	4558	5.38	261.257	11.955	3.622	-2.797	-0.43	0.03	17.18	4563	2016-09-17 20:40:00
2016-09-17 21:00:00	4567	5.43	266.216	11.972	3.417	-2.558	-0.177	0.07	13.45	4572	2016-09-17 21:25:00
2016-09-18 18:15:00	4822	5.52	251.184	11.629	3.487	-2.657	-0.827	0.06	26.39	4827	2016-09-18 18:40:00
2016-09-18 22:25:00	4872	5.05	286.083	11.81	3.807	-4.54	1.308	0.07	26.35	4877	2016-09-18 22:50:00
2016-09-18 22:55:00	4878	5.13	279.961	11.698	2.937	-5.745	1.005	0.07	16.54	4883	2016-09-18 23:20:00
2016-09-18 23:25:00	4884	5.08	284.101	11.557	3.035	-5.865	1.472	0.04	11.56	4889	2016-09-18 23:50:00
2016-09-19 01:15:00	4906	5.02	295.327	10.774	4.353	-5.57	2.637	0.05	16.87	4911	2016-09-19 01:40:00
2016-09-19 02:20:00	4919	5.0	288.879	10.1	4.457	-5.633	1.923	0.03	13.31	4924	2016-09-19 02:45:00
2016-09-19 12:20:00	5039	5.07	252.076	7.643	1.947	-7.903	-2.598	0.08	21.13	5044	2016-09-19 12:45:00
2016-09-19 14:15:00	5062	5.08	282.835	9.552	1.603	-9.682	2.168	0.08	24.94	5067	2016-09-19 14:40:00
2016-09-19 15:00:00	5071	5.37	263.223	10.119	3.21	-10.633	-1.235	0.06	28.33	5076	2016-09-19 15:25:00
2016-09-20 18:00:00	5395	6.8	304.617	11.627	2.858	-3.025	2.158	0.07	29.38	5400	2016-09-20 18:25:00
2016-09-21 02:50:00	5501	6.8	269.949	9.545	1.502	-4.662	-0.003	0.05	19.21	5506	2016-09-21 03:15:00
2016-09-22 12:05:00	5832	6.03	276.629	7.762	3.183	-3.072	0.312	0.06	23.70	5837	2016-09-22 12:30:00
2016-09-23 17:05:00	6146	6.05	313.363	11.446	-3.04	-3.473	3.277	0.02	5.73	6151	2016-09-23 17:30:00
2016-09-23 18:05:00	6158	6.25	298.518	11.74	-3.133	-3.692	2.015	0.06	17.38	6163	2016-09-23 18:30:00
2016-09-23 22:15:00	6208	5.3	313.458	11.723	-0.402	-4.912	4.67	0.10	8.46	6213	2016-09-23 22:40:00
2016-09-24 13:25:00	6390	6.23	282.042	9.34	-0.072	-5.427	1.167	0.07	26.16	6395	2016-09-24 13:50:00
2016-09-24 13:55:00	6396	6.23	289.441	9.749	0.143	-5.383	1.895	0.07	8.66	6401	2016-09-24 14:20:00
2016-09-24 14:25:00	6402	5.48	278.812	10.118	-1.787	-6.142	0.958	0.06	7.49	6407	2016-09-24 14:50:00
2016-09-24 14:55:00	6408	5.4	282.273	10.448	-2.663	-6.052	1.315	0.05	10.98	6413	2016-09-24 15:20:00
2016-09-24 15:25:00	6414	5.43	289.006	10.743	-2.475	-5.912	2.025	0.08	17.36	6419	2016-09-24 15:50:00
2016-09-24 15:55:00	6420	5.43	290.574	11.003	-1.347	-6.02	2.255	0.07	19.05	6425	2016-09-24 16:20:00
2016-09-24 16:25:00	6426	5.07	294.756	11.231	-0.397	-6.432	2.965	0.04	6.97	6431	2016-09-24 16:50:00
2016-09-24 16:55:00	6432	5.12	285.015	11.427	0.822	-7.073	1.905	0.03	19.42	6437	2016-09-24 17:20:00
2016-09-24 17:25:00	6438	5.17	269.799	11.592	1.56	-7.558	-0.025	0.02	5.63	6443	2016-09-24 17:50:00
2016-09-24 17:55:00	6444	5.05	252.658	11.727	0.632	-7.318	-2.287	0.01	14.97	6449	2016-09-24 18:20:00
2016-09-24 18:25:00	6450	5.03	245.631	11.833	0.52	-6.912	-3.125	0.03	10.95	6455	2016-09-24 18:50:00
2016-09-24 18:55:00	6456	5.23	236.127	11.909	-0.412	-6.023	-4.04	0.05	5.52	6461	2016-09-24 19:20:00
2016-09-24 19:25:00	6462	5.27	235.422	11.958	0.565	-5.803	-4.0	0.01	2.09	6467	2016-09-24 19:50:00
2016-09-24 19:55:00	6468	5.2	234.96	11.977	1.31	-5.732	-4.018	0.01	3.92	6473	2016-09-24 20:20:00
2016-09-24 20:25:00	6474	5.2	235.106	11.969	0.228	-5.825	-4.063	0.01	2.37	6479	2016-09-24 20:50:00
2016-09-24 20:55:00	6480	5.27	233.372	11.932	-0.092	-5.653	-4.195	0.03	12.98	6485	2016-09-24 21:20:00
2016-09-24 21:40:00	6489	5.17	233.137	11.824	0.822	-6.702	-5.023	0.04	17.82	6494	2016-09-24 22:05:00
2016-09-24 22:10:00	6495	5.27	234.81	11.715	1.412	-6.688	-4.72	0.02	11.44	6500	2016-09-24 22:35:00
2016-09-25 03:10:00	6555	5.92	233.883	8.841	0.218	-5.27	-3.847	0.09	6.18	6560	2016-09-25 03:35:00
2016-10-07 09:45:00	10071	6.48	291.378	7.037	-3.062	-2.035	0.815	0.05	17.78	10076	2016-10-07 10:10:00
2016-10-10 22:40:00	11086	5.85	291.861	10.792	4.0	-4.89	1.962	0.07	26.43	11091	2016-10-10 23:05:00
2016-10-10 23:20:00	11094	6.08	304.273	10.399	3.83	-4.72	3.223	0.06	10.99	11099	2016-10-10 23:45:00
2016-10-10 23:50:00	11100	6.27	308.199	10.063	4.277	-3.958	3.007	0.05	24.79	11105	2016-10-11 00:15:00
2016-10-11 18:15:00	11321	5.18	296.057	11.975	4.932	-3.382	1.647	0.08	11.10	11326	2016-10-11 18:40:00
2016-10-11 19:05:00	11331	5.22	291.151	11.915	4.188	-3.845	1.502	0.07	20.36	11336	2016-10-11 19:30:00
2016-10-11 23:40:00	11384	6.02	291.313	10.097	-0.858	-4.15	1.602	0.04	25.46	11389	2016-10-12 00:05:00
2016-10-12 10:55:00	11519	6.52	306.464	8.975	0.765	-2.802	2.062	0.04	18.50	11524	2016-10-12 11:20:00
2016-10-12 15:45:00	11577	6.45	238.631	11.707	2.398	-1.912	-1.17	0.08	21.58	11582	2016-10-12 16:10:00
2016-10-12 18:05:00	11605	6.6	266.499	11.974	2.715	-0.638	-0.037	0.05	28.71	11610	2016-10-12 18:30:00
2016-10-12 18:50:00	11614	6.68	291.037	11.929	2.492	-1.093	0.417	0.02	11.51	11619	2016-10-12 19:15:00
2016-10-12 20:45:00	11637	6.22	233.59	11.518	2.997	-0.753	-0.57	0.08	28.33	11642	2016-10-12 21:10:00
2016-10-13 00:50:00	11686	5.83	306.343	9.06	4.73	-5.978	4.358	0.04	14.67	11691	2016-10-13 01:15:00
2016-10-13 01:20:00	11692	5.95	311.953	8.578	3.5	-5.858	5.282	0.10	6.20	11697	2016-10-13 01:45:00
2016-10-15 13:50:00	12418	5.03	301.825	11.172	0.498	-6.41	3.968	0.03	21.39	12423	2016-10-15 14:15:00
2016-10-15 20:00:00	12492	5.0	276.363	11.637	3.958	-6.852	0.782	0.01	24.71	12497	2016-10-15 20:25:00
2016-10-15 21:50:00	12514	5.05	244.34	10.917	2.452	-5.62	-2.787	0.05	28.59	12519	2016-10-15 22:15:00
2016-10-16 10:40:00	12668	5.48	287.528	9.182	5.882	-5.513	1.597	0.08	22.97	12673	2016-10-16 11:05:00
2016-10-16 17:40:00	12752	6.83	274.055	11.975	4.67	-3.33	0.292	0.02	20.33	12757	2016-10-16 18:05:00
2016-10-19 08:55:00	13500	6.95	233.443	7.745	3.078	-0.973	-0.703	0.04	22.28	13505	2016-10-19 09:20:00
2016-10-19 16:30:00	13591	6.47	270.653	11.962	2.753	-3.012	0.062	0.09	11.91	13596	2016-10-19 16:55:00
2016-10-19 17:00:00	13597	6.53	276.591	11.981	2.157	-3.637	0.418	0.01	6.03	13602	2016-10-19 17:25:00
2016-10-19 19:05:00	13622	6.92	289.699	11.758	-1.928	-3.172	1.128	0.06	10.78	13627	2016-10-19 19:30:00
2016-10-19 20:05:00	13634	6.92	276.832	11.471	-0.982	-3.612	0.425	0.10	17.16	13639	2016-10-19 20:30:00
2016-10-19 20:50:00	13643	6.58	279.784	11.176	0.005	-4.163	0.72	0.08	19.14	13648	2016-10-19 21:15:00
2016-10-19 21:25:00	13650	6.93	290.857	10.898	-0.115	-3.327	1.247	0.08	29.47	13655	2016-10-19 21:50:00
2016-10-20 01:25:00	13698	6.55	299.336	7.58	-1.313	-3.538	1.992	0.04	10.41	13703	2016-10-20 01:50:00
2016-10-20 15:10:00	13863	6.5	309.978	11.795	-0.27	-2.822	2.367	0.02	4.25	13868	2016-10-20 15:35:00
2016-10-20 15:40:00	13869	6.32	306.561	11.884	0.288	-2.955	2.198	0.03	24.47	13874	2016-10-20 16:05:00
2016-10-21 08:10:00	14067	6.37	283.339	7.098	-0.828	-3.21	0.765	0.06	14.21	14072	2016-10-21 08:35:00
2016-10-21 08:40:00	14073	6.55	286.584	7.721	0.4	-2.88	0.838	0.10	21.08	14078	2016-10-21 09:05:00
2016-10-21 09:10:00	14079	6.35	288.513	8.284	1.343	-3.05	1.018	0.09	15.22	14084	2016-10-21 09:35:00
2016-10-21 14:10:00	14139	6.38	313.704	11.565	0.65	-2.338	2.233	0.07	8.79	14144	2016-10-21 14:35:00
2016-10-21 19:25:00	14202	6.03	299.34	11.612	-0.353	-3.212	1.803	0.06	23.23	14207	2016-10-21 19:50:00
2016-10-21 19:55:00	14208	5.87	294.283	11.45	-0.102	-3.467	1.565	0.05	21.85	14213	2016-10-21 20:20:00
2016-10-21 23:00:00	14245	5.53	295.096	9.73	-0.567	-4.512	2.113	0.03	8.13	14250	2016-10-21 23:25:00
2016-10-22 00:05:00	14258	5.7	272.935	8.782	-0.79	-4.652	0.23	0.03	25.41	14263	2016-10-22 00:30:00
2016-10-22 09:35:00	14365	6.9	230.559	8.825	-0.832	-3.17	-2.613	0.06	8.85	14370	2016-10-22 10:00:00
2016-10-22 19:10:00	14479	6.7	239.182	11.65	2.048	-2.445	-1.567	0.06	29.85	14484	2016-10-22 19:35:00
2016-10-23 11:35:00	14676	5.68	263.067	10.481	-4.225	-2.915	-0.343	0.10	16.10	14681	2016-10-23 12:00:00
2016-10-27 22:40:00	15878	6.62	252.59	9.428	-3.007	-4.582	-1.432	0.06	10.76	15883	2016-10-27 23:05:00
2016-10-28 00:05:00	15895	6.07	236.369	8.047	-5.497	-2.11	-1.333	0.03	19.29	15900	2016-10-28 00:30:00
2016-11-02 14:15:00	17436	5.68	251.49	11.904	0.977	-6.687	-2.252	0.08	17.02	17441	2016-11-02 14:40:00
2016-11-02 14:45:00	17442	5.02	251.547	11.959	0.858	-6.705	-2.235	0.05	10.35	17447	2016-11-02 15:10:00
2016-11-02 15:20:00	17449	5.0	257.987	11.987	1.112	-6.928	-1.452	0.07	14.88	17454	2016-11-02 15:45:00
2016-11-02 15:50:00	17455	5.17	260.706	11.98	2.115	-6.788	-1.128	0.04	17.96	17460	2016-11-02 16:15:00
2016-11-02 16:25:00	17462	5.0	256.127	11.936	4.232	-6.18	-1.522	0.07	24.13	17467	2016-11-02 16:50:00
2016-11-02 17:05:00	17470	5.02	240.469	11.839	6.025	-4.542	-2.487	0.05	18.24	17475	2016-11-02 17:30:00
2016-11-02 23:40:00	17549	6.32	253.669	7.725	1.513	-6.0	-1.748	0.05	20.35	17554	2016-11-03 00:05:00
2016-11-04 18:20:00	18040	5.0	304.166	11.44	-4.283	-2.753	1.855	0.01	15.72	18045	2016-11-04 18:45:00
2016-11-06 22:25:00	18650	5.77	225.668	8.596	-2.128	-2.727	-2.668	0.07	24.44	18655	2016-11-06 22:50:00
2016-11-07 17:35:00	18879	5.48	314.638	11.575	3.493	-1.013	0.997	0.10	20.43	18884	2016-11-07 18:00:00
2016-11-07 20:50:00	18918	5.48	305.07	9.881	1.382	-2.622	1.837	0.05	9.31	18923	2016-11-07 21:15:00
2016-11-07 21:20:00	18924	5.52	293.061	9.486	0.235	-3.387	1.448	0.06	15.78	18929	2016-11-07 21:45:00
2016-11-07 21:50:00	18930	5.45	282.948	9.047	0.08	-3.78	0.858	0.02	22.45	18935	2016-11-07 22:15:00
2016-11-07 22:30:00	18938	5.5	270.687	8.39	0.355	-3.552	0.038	0.09	23.21	18943	2016-11-07 22:55:00
2016-11-07 23:00:00	18944	5.52	253.659	7.837	-0.143	-3.112	-0.883	0.08	23.10	18949	2016-11-07 23:25:00
2016-11-08 06:00:00	19026	5.53	284.536	7.002	-0.39	-3.713	0.958	0.03	19.89	19031	2016-11-08 06:25:00
2016-11-08 12:40:00	19105	5.57	227.779	11.734	-0.445	-2.917	-2.668	0.05	29.03	19110	2016-11-08 13:05:00
2016-11-08 14:10:00	19123	5.53	301.14	11.966	-1.033	-3.095	1.887	0.08	16.94	19128	2016-11-08 14:35:00
2016-11-08 17:10:00	19159	5.73	287.782	11.662	0.318	-2.515	0.778	0.09	18.86	19164	2016-11-08 17:35:00
2016-11-08 17:45:00	19166	5.53	306.726	11.481	1.18	-2.538	1.862	0.09	15.00	19171	2016-11-08 18:10:00
2016-11-08 20:20:00	19197	5.5	231.746	10.157	-1.892	-2.81	-2.205	0.08	17.40	19202	2016-11-08 20:45:00
2016-11-08 21:10:00	19207	5.73	275.687	9.526	1.448	-3.095	0.28	0.10	26.02	19212	2016-11-08 21:35:00
2016-11-08 21:45:00	19214	5.48	270.104	9.015	1.838	-3.583	0.013	0.07	21.92	19219	2016-11-08 22:10:00
2016-11-08 22:15:00	19220	5.57	283.348	8.527	0.895	-3.848	0.917	0.04	7.94	19225	2016-11-08 22:40:00
2016-11-08 22:45:00	19226	5.58	285.517	7.989	1.003	-3.76	1.047	0.04	13.15	19231	2016-11-08 23:10:00
2016-11-08 23:15:00	19232	5.73	271.734	7.393	1.013	-3.69	0.112	0.07	9.30	19237	2016-11-08 23:40:00
2016-11-09 23:15:00	19489	5.07	290.134	7.243	3.627	-8.283	3.002	0.07	29.25	19494	2016-11-09 23:40:00
2016-11-11 06:05:00	19830	5.02	271.35	7.559	3.82	-8.365	0.19	0.02	11.91	19835	2016-11-11 06:30:00
2016-11-11 07:10:00	19843	5.15	294.929	8.746	5.167	-5.163	2.632	0.03	24.91	19848	2016-11-11 07:35:00
2016-11-11 12:20:00	19893	5.0	311.654	11.739	2.328	-6.462	5.772	0.04	29.06	19898	2016-11-11 12:45:00
2016-11-11 14:30:00	19919	5.0	298.2	11.987	2.302	-7.66	4.082	0.03	29.40	19924	2016-11-11 14:55:00
2016-11-11 19:25:00	19977	5.23	299.234	10.521	2.445	-7.172	4.07	0.04	17.99	19982	2016-11-11 19:50:00
2016-11-11 19:55:00	19983	5.28	303.354	10.198	1.51	-7.592	4.997	0.04	6.59	19988	2016-11-11 20:20:00
2016-11-12 07:20:00	20117	6.27	310.538	9.019	5.675	-2.368	1.985	0.06	28.87	20122	2016-11-12 07:45:00
2016-11-12 16:40:00	20183	6.6	278.863	11.669	4.558	-4.997	0.793	0.04	27.63	20188	2016-11-12 17:05:00
2016-11-13 14:25:00	20424	6.95	297.214	11.987	2.892	-3.032	1.533	0.03	24.07	20429	2016-11-13 14:50:00
2016-11-13 18:10:00	20457	6.88	305.637	11.072	1.578	-3.758	2.722	0.02	22.33	20462	2016-11-13 18:35:00
2016-11-14 09:00:00	20610	6.77	291.692	10.481	0.632	-4.782	1.862	0.05	22.47	20615	2016-11-14 09:25:00
2016-11-14 10:10:00	20624	6.82	285.065	11.111	0.57	-4.675	1.268	0.06	22.72	20629	2016-11-14 10:35:00
2016-11-14 18:40:00	20707	6.85	309.561	10.758	2.668	-2.287	1.85	0.07	28.24	20712	2016-11-14 19:05:00
2016-11-15 06:20:00	20807	6.48	292.488	8.382	3.625	-1.662	0.772	0.02	25.32	20812	2016-11-15 06:45:00
2016-11-15 06:50:00	20813	6.58	296.929	8.884	3.555	-2.158	1.13	0.02	15.87	20818	2016-11-15 07:15:00
2016-11-15 11:05:00	20864	6.67	275.661	11.522	-3.74	-2.992	0.292	0.06	17.68	20869	2016-11-15 11:30:00
2016-11-15 17:30:00	20941	6.45	308.696	11.269	2.108	-2.772	2.223	0.08	8.52	20946	2016-11-15 17:55:00
2016-11-15 18:20:00	20951	6.4	307.861	10.877	2.197	-2.848	2.218	0.10	7.44	20956	2016-11-15 18:45:00
2016-11-15 18:55:00	20958	6.78	296.908	10.548	2.19	-2.43	1.23	0.09	19.33	20963	2016-11-15 19:20:00
2016-11-15 21:10:00	20985	6.75	311.435	8.793	2.888	-1.195	1.033	0.09	18.59	20990	2016-11-15 21:35:00
2016-11-16 07:25:00	21108	6.43	282.585	9.507	2.232	-3.515	0.788	0.08	7.78	21113	2016-11-16 07:50:00
2016-11-16 07:55:00	21114	6.5	284.376	9.902	1.603	-3.917	1.003	0.03	12.56	21119	2016-11-16 08:20:00
2016-11-16 08:25:00	21120	6.77	297.482	10.257	0.928	-3.553	1.835	0.09	18.55	21125	2016-11-16 08:50:00
2016-11-16 14:20:00	21191	7.0	296.215	11.981	-0.897	-3.403	1.685	0.06	13.31	21196	2016-11-16 14:45:00
2016-11-16 14:50:00	21197	7.0	296.623	11.939	-1.067	-3.217	1.618	0.05	16.36	21202	2016-11-16 15:15:00
2016-11-16 15:55:00	21210	6.85	304.366	11.749	0.87	-2.777	1.885	0.09	24.10	21215	2016-11-16 16:20:00
2016-11-16 16:25:00	21216	6.85	300.971	11.615	1.882	-2.422	1.407	0.09	21.03	21221	2016-11-16 16:50:00
2016-11-17 07:40:00	21380	5.8	286.885	9.799	-1.01	-3.578	1.073	0.05	27.84	21385	2016-11-17 08:05:00
2016-11-17 12:30:00	21437	6.4	295.239	11.911	-0.727	-2.997	1.407	0.05	22.53	21442	2016-11-17 12:55:00
2016-11-17 13:00:00	21443	6.35	295.576	11.966	-0.335	-3.17	1.502	0.09	18.33	21448	2016-11-17 13:25:00
2016-11-17 14:25:00	21460	5.75	242.212	11.968	-1.788	-3.27	-1.703	0.03	20.40	21465	2016-11-17 14:50:00
2016-11-17 14:55:00	21466	5.93	255.971	11.915	-0.918	-3.532	-0.855	0.07	25.20	21471	2016-11-17 15:20:00
2016-11-18 05:05:00	21636	6.3	301.474	7.335	0.802	-3.323	2.047	0.05	14.43	21641	2016-11-18 05:30:00
2016-11-18 05:35:00	21642	6.35	293.091	7.937	1.127	-3.438	1.468	0.06	25.01	21647	2016-11-18 06:00:00
2016-11-18 06:05:00	21648	6.17	308.69	8.481	1.758	-2.81	2.227	0.04	29.72	21653	2016-11-18 06:30:00
2016-11-18 08:50:00	21681	6.03	296.37	10.661	3.613	-1.273	0.625	0.05	15.39	21686	2016-11-18 09:15:00
2016-11-18 09:20:00	21687	6.37	289.557	10.933	1.867	-2.697	0.972	0.03	14.33	21692	2016-11-18 09:45:00
2016-11-18 10:25:00	21700	6.3	280.748	11.41	1.455	-2.728	0.448	0.08	20.84	21705	2016-11-18 10:50:00
2016-11-18 11:25:00	21712	6.27	273.606	11.722	1.463	-3.088	0.19	0.03	18.14	21717	2016-11-18 11:50:00
2016-11-18 11:55:00	21718	6.33	271.21	11.833	0.933	-3.163	0.093	0.05	19.65	21723	2016-11-18 12:20:00
2016-11-18 12:25:00	21724	6.18	278.142	11.915	2.055	-2.755	0.385	0.04	8.19	21729	2016-11-18 12:50:00
2016-11-18 12:55:00	21730	6.08	269.064	11.969	1.575	-3.077	-0.028	0.06	16.58	21735	2016-11-18 13:20:00
2016-11-18 13:35:00	21738	6.23	271.84	11.996	0.815	-3.155	0.085	0.04	24.05	21743	2016-11-18 14:00:00
2016-11-18 14:05:00	21744	6.23	261.215	11.983	1.075	-3.293	-0.502	0.03	14.39	21749	2016-11-18 14:30:00
2016-11-18 17:30:00	21785	5.9	259.803	11.12	2.49	-3.328	-0.615	0.09	20.82	21790	2016-11-18 17:55:00
2016-11-18 18:00:00	21791	5.77	267.754	10.874	1.803	-4.262	-0.145	0.08	16.00	21796	2016-11-18 18:25:00
2016-11-18 18:30:00	21797	5.77	269.616	10.594	1.413	-4.207	0.065	0.04	23.14	21802	2016-11-18 18:55:00
2016-11-18 19:40:00	21811	5.73	273.049	9.8	0.178	-4.517	0.237	0.08	5.73	21816	2016-11-18 20:05:00
2016-11-18 20:10:00	21817	5.98	276.902	9.394	-0.125	-4.232	0.512	0.05	8.47	21822	2016-11-18 20:35:00
2016-11-18 20:40:00	21823	6.2	275.843	8.945	0.53	-3.873	0.387	0.09	13.60	21828	2016-11-18 21:05:00
2016-11-18 21:10:00	21829	6.47	276.904	8.449	0.768	-3.408	0.413	0.08	6.89	21834	2016-11-18 21:35:00
2016-11-18 21:50:00	21837	5.9	279.832	7.707	2.762	-2.603	0.455	0.09	7.52	21842	2016-11-18 22:15:00
2016-11-19 04:45:00	21903	5.87	251.452	7.052	3.155	-1.765	-0.59	0.04	10.10	21908	2016-11-19 05:10:00
2016-11-19 05:15:00	21909	5.72	253.874	7.681	3.28	-1.872	-0.54	0.09	22.13	21914	2016-11-19 05:40:00
2016-11-19 05:45:00	21915	5.5	252.598	8.25	3.508	-2.002	-0.627	0.02	20.16	21920	2016-11-19 06:10:00
2016-11-19 06:15:00	21921	5.48	256.784	8.765	3.675	-1.893	-0.438	0.02	17.51	21926	2016-11-19 06:40:00
2016-11-19 07:55:00	21941	5.92	309.737	10.15	0.778	-2.178	1.743	0.03	18.26	21946	2016-11-19 08:20:00
2016-11-19 08:25:00	21947	6.25	310.767	10.479	-1.078	-2.39	2.06	0.09	2.03	21952	2016-11-19 08:50:00
2016-11-19 08:55:00	21953	6.37	299.547	10.773	-1.512	-3.042	1.715	0.10	11.10	21958	2016-11-19 09:20:00
2016-11-19 09:25:00	21959	6.32	303.808	11.031	-0.942	-3.072	2.032	0.05	21.11	21964	2016-11-19 09:50:00
2016-11-19 11:10:00	21980	6.07	285.83	11.686	-0.635	-4.448	1.283	0.03	22.23	21985	2016-11-19 11:35:00
2016-11-19 12:10:00	21992	5.78	294.532	11.895	-1.05	-4.962	2.263	0.09	19.44	21997	2016-11-19 12:35:00
2016-11-19 12:45:00	21999	5.83	273.359	11.964	-0.708	-5.247	0.325	0.06	22.03	22004	2016-11-19 13:10:00
2016-11-19 13:15:00	22005	5.88	282.743	11.992	-1.312	-5.085	1.14	0.02	16.43	22010	2016-11-19 13:40:00
2016-11-19 13:50:00	22012	5.62	241.768	11.989	2.608	-4.27	-2.277	0.02	26.71	22017	2016-11-19 14:15:00
2016-11-19 16:10:00	22040	6.15	264.004	11.587	1.202	-4.56	-0.472	0.06	19.13	22045	2016-11-19 16:35:00
2016-11-19 16:45:00	22047	6.13	255.891	11.387	1.227	-4.143	-1.038	0.06	5.66	22052	2016-11-19 17:10:00
2016-11-19 17:15:00	22053	5.95	254.551	11.181	1.643	-4.237	-1.167	0.07	13.70	22058	2016-11-19 17:40:00
2016-11-19 17:50:00	22060	5.92	256.067	10.901	1.542	-4.238	-1.038	0.03	23.42	22065	2016-11-19 18:15:00
2016-11-19 18:25:00	22067	6.08	257.61	10.575	1.805	-3.498	-0.758	0.06	14.99	22072	2016-11-19 18:50:00
2016-11-19 18:55:00	22073	6.02	282.758	10.257	1.262	-3.805	0.868	0.09	25.19	22078	2016-11-19 19:20:00
2016-11-19 20:15:00	22087	6.0	277.107	9.221	0.182	-4.318	0.527	0.09	14.81	22092	2016-11-19 20:40:00
2016-11-19 20:45:00	22093	6.02	286.336	8.754	0.185	-4.292	1.25	0.03	27.62	22098	2016-11-19 21:10:00
2016-11-19 21:15:00	22099	6.17	292.085	8.238	0.885	-4.118	1.673	0.09	25.20	22104	2016-11-19 21:40:00
2016-11-19 22:15:00	22111	5.43	302.019	7.038	2.257	-4.293	2.663	0.06	19.23	22116	2016-11-19 22:40:00
2016-11-28 12:55:00	24476	6.1	293.954	11.986	-4.388	-1.805	0.793	0.07	16.29	24481	2016-11-28 13:20:00
2016-11-28 13:25:00	24482	6.1	276.62	11.945	-4.317	-2.123	0.248	0.10	28.39	24487	2016-11-28 13:50:00
2016-11-29 13:50:00	24765	6.45	269.124	11.871	-3.695	-1.642	-0.06	0.05	18.39	24770	2016-11-29 14:15:00
2016-11-29 15:20:00	24783	6.12	292.027	11.481	-3.232	-2.053	0.853	0.05	20.80	24788	2016-11-29 15:45:00
2016-11-29 15:50:00	24789	6.12	299.909	11.291	-2.905	-2.307	1.352	0.07	19.95	24794	2016-11-29 16:15:00
2016-11-29 16:20:00	24795	6.22	299.523	11.069	-2.738	-2.228	1.237	0.08	15.48	24800	2016-11-29 16:45:00
2016-11-30 12:10:00	25013	5.02	227.143	12.002	-4.888	-1.795	-1.66	0.01	11.39	25018	2016-11-30 12:35:00
2016-12-05 05:25:00	26315	5.02	291.08	9.676	0.138	-5.027	1.932	0.08	16.10	26320	2016-12-05 05:50:00
2016-12-05 06:40:00	26330	5.0	313.499	10.551	0.637	-4.708	4.473	0.05	12.94	26335	2016-12-05 07:05:00
2016-12-05 07:25:00	26339	5.0	307.127	10.966	1.358	-4.943	3.743	0.07	12.86	26344	2016-12-05 07:50:00
2016-12-05 07:55:00	26345	5.07	303.079	11.202	0.925	-4.683	3.068	0.04	20.76	26350	2016-12-05 08:20:00
2016-12-05 09:05:00	26359	5.18	294.494	11.629	1.06	-4.703	2.132	0.04	29.95	26364	2016-12-05 09:30:00
2016-12-06 09:05:00	26647	5.23	297.626	11.661	6.267	-4.455	2.402	0.08	22.40	26652	2016-12-06 09:30:00
2016-12-08 16:35:00	27313	6.2	254.222	10.343	4.943	-2.998	-0.873	0.08	20.17	27318	2016-12-08 17:00:00
2016-12-08 17:20:00	27322	6.0	272.434	9.81	5.272	-3.493	0.137	0.06	26.46	27327	2016-12-08 17:45:00
2016-12-09 03:40:00	27446	5.53	314.731	8.511	6.427	-2.772	2.745	0.05	22.18	27451	2016-12-09 04:05:00
2016-12-09 07:30:00	27492	6.23	307.862	11.224	1.295	-4.84	3.848	0.07	18.11	27497	2016-12-09 07:55:00
2016-12-09 08:00:00	27498	5.82	274.233	11.424	4.355	-5.58	0.388	0.08	23.79	27503	2016-12-09 08:25:00
2016-12-09 10:00:00	27522	6.07	298.955	11.923	5.085	-2.868	1.478	0.06	26.06	27527	2016-12-09 10:25:00
2016-12-09 11:40:00	27542	5.32	306.027	11.986	4.182	-6.293	4.752	0.08	22.52	27547	2016-12-09 12:05:00
2016-12-09 13:30:00	27564	5.15	310.702	11.69	6.87	-5.385	4.688	0.04	28.03	27569	2016-12-09 13:55:00
2016-12-10 15:25:00	27875	6.75	268.545	10.891	2.493	-4.528	-0.103	0.08	24.07	27880	2016-12-10 15:50:00
2016-12-10 16:30:00	27888	6.42	280.216	10.243	3.737	-4.653	0.817	0.06	18.51	27893	2016-12-10 16:55:00
2016-12-12 16:40:00	28466	6.38	303.813	9.964	-0.423	-5.26	3.575	0.05	28.68	28471	2016-12-12 17:05:00
2016-12-12 17:30:00	28476	6.82	296.415	9.293	-1.535	-4.247	2.05	0.09	22.29	28481	2016-12-12 17:55:00
2016-12-13 03:20:00	28594	6.75	311.04	8.653	4.238	-1.343	1.157	0.08	17.97	28599	2016-12-13 03:45:00
2016-12-13 09:00:00	28655	6.18	285.852	11.842	3.253	-2.475	0.645	0.04	23.36	28660	2016-12-13 09:25:00
2016-12-14 13:00:00	28989	6.32	299.935	11.675	3.357	-1.295	0.743	0.08	26.94	28994	2016-12-14 13:25:00
2016-12-14 17:00:00	29037	6.95	243.807	9.527	-1.675	-2.702	-1.315	0.07	14.69	29042	2016-12-14 17:25:00
2016-12-15 01:55:00	29144	5.65	307.826	7.307	4.048	-0.695	0.542	0.05	22.44	29149	2016-12-15 02:20:00
2016-12-15 03:05:00	29158	5.47	252.477	8.632	4.207	-1.548	-0.507	0.04	17.58	29163	2016-12-15 03:30:00
2016-12-15 05:50:00	29191	6.83	307.016	10.75	0.715	-2.65	1.995	0.08	22.99	29196	2016-12-15 06:15:00
2016-12-15 07:00:00	29205	6.87	269.506	11.313	-3.137	-1.977	0.0	0.08	23.84	29210	2016-12-15 07:25:00
2016-12-15 07:30:00	29211	6.73	299.536	11.501	-2.3	-2.827	1.632	0.10	25.72	29216	2016-12-15 07:55:00
2016-12-15 12:55:00	29276	6.87	313.332	11.667	-0.58	-2.097	1.985	0.09	21.33	29281	2016-12-15 13:20:00
2016-12-15 16:10:00	29315	6.47	281.347	10.081	1.56	-2.39	0.472	0.07	13.72	29320	2016-12-15 16:35:00
2016-12-16 07:10:00	29495	6.53	276.192	11.422	-1.723	-3.008	0.332	0.07	16.68	29500	2016-12-16 07:35:00
2016-12-16 09:45:00	29526	6.55	294.037	11.986	-1.953	-2.66	1.202	0.06	23.83	29531	2016-12-16 10:10:00
2016-12-16 11:40:00	29549	6.95	299.605	11.91	-1.747	-2.032	1.137	0.05	22.15	29554	2016-12-16 12:05:00
2016-12-16 16:30:00	29607	6.93	275.889	9.746	-0.607	-2.943	0.275	0.04	27.24	29612	2016-12-16 16:55:00
2016-12-16 17:50:00	29623	7.0	286.085	8.546	-0.175	-2.638	0.765	0.10	12.08	29628	2016-12-16 18:15:00
2016-12-16 19:00:00	29637	6.95	276.524	7.199	-0.233	-2.663	0.302	0.08	11.29	29642	2016-12-16 19:25:00
2016-12-17 03:25:00	29738	6.63	267.522	9.167	2.535	-2.137	-0.103	0.08	16.90	29743	2016-12-17 03:50:00
2016-12-17 04:10:00	29747	6.62	244.242	9.794	2.573	-1.688	-0.785	0.09	19.72	29752	2016-12-17 04:35:00
2016-12-17 04:40:00	29753	6.78	262.55	10.161	2.263	-2.045	-0.252	0.06	19.74	29758	2016-12-17 05:05:00
2016-12-17 05:30:00	29763	6.85	247.712	10.69	1.925	-2.237	-0.948	0.10	28.96	29768	2016-12-17 05:55:00
2017-01-03 14:00:00	34500	5.55	279.037	10.058	5.68	-4.905	0.828	0.08	28.06	34505	2017-01-03 14:25:00
2017-01-03 15:30:00	34518	5.62	268.504	8.796	5.44	-5.005	-0.172	0.06	21.94	34523	2017-01-03 15:55:00
2017-01-03 23:25:00	34587	5.43	274.694	7.059	5.012	-5.717	0.46	0.05	27.16	34592	2017-01-03 23:50:00
2017-01-03 23:55:00	34593	5.57	274.438	7.689	3.91	-6.273	0.503	0.03	12.74	34598	2017-01-04 00:20:00
2017-01-04 00:25:00	34599	5.77	270.208	8.258	3.062	-6.818	0.03	0.05	22.00	34604	2017-01-04 00:50:00
2017-01-04 01:15:00	34609	5.9	283.933	9.089	4.57	-5.702	1.417	0.07	22.38	34614	2017-01-04 01:40:00
2017-01-04 02:05:00	34619	5.87	284.107	9.792	4.162	-6.005	1.488	0.07	25.14	34624	2017-01-04 02:30:00
2017-01-04 02:40:00	34626	5.45	286.988	10.217	3.56	-7.243	2.192	0.02	22.63	34631	2017-01-04 03:05:00
2017-01-04 14:40:00	34744	5.08	270.278	9.446	6.833	-4.907	0.002	0.10	24.43	34749	2017-01-04 15:05:00
2017-01-04 15:35:00	34755	5.18	289.753	8.595	5.848	-5.122	1.962	0.09	26.72	34760	2017-01-04 16:00:00
2017-01-04 23:20:00	34848	5.05	251.435	7.105	3.905	-7.558	-2.542	0.06	17.41	34853	2017-01-04 23:45:00
2017-01-05 00:10:00	34857	5.42	236.158	8.113	2.277	-6.39	-4.228	0.09	24.43	34862	2017-01-05 00:35:00
2017-01-05 03:00:00	34872	5.62	245.553	10.51	7.31	-5.083	-2.308	0.09	13.85	34877	2017-01-05 03:25:00
2017-01-05 03:30:00	34878	5.62	286.805	10.8	7.352	-5.987	1.855	0.04	27.83	34883	2017-01-05 03:55:00
2017-01-09 14:15:00	35963	6.68	256.946	9.308	0.54	-4.802	-1.097	0.04	11.57	35968	2017-01-09 14:40:00
2017-01-09 14:45:00	35969	6.58	264.093	8.848	0.913	-5.093	-0.527	0.04	20.96	35974	2017-01-09 15:10:00
2017-01-09 15:15:00	35975	6.82	261.611	8.341	0.382	-5.195	-0.778	0.02	15.03	35980	2017-01-09 15:40:00
2017-01-09 15:45:00	35981	6.72	262.38	7.78	1.063	-5.115	-0.69	0.02	19.50	35986	2017-01-09 16:10:00
2017-01-10 00:25:00	36085	6.82	291.691	8.967	3.928	-1.665	0.643	0.07	22.72	36090	2017-01-10 00:50:00
2017-01-10 01:30:00	36098	6.6	309.533	9.883	4.307	-1.367	1.112	0.09	13.28	36103	2017-01-10 01:55:00
2017-01-10 02:00:00	36104	6.77	308.522	10.242	3.748	-2.025	1.598	0.06	5.59	36109	2017-01-10 02:25:00
2017-01-10 04:15:00	36131	6.63	258.4	11.416	2.618	-3.193	-0.623	0.08	26.52	36136	2017-01-10 04:40:00
2017-01-12 02:50:00	36683	6.98	249.244	10.88	0.29	-3.125	-1.18	0.04	17.26	36688	2017-01-12 03:15:00
2017-01-12 03:20:00	36689	6.93	261.64	11.127	-0.548	-3.473	-0.517	0.06	12.64	36694	2017-01-12 03:45:00
2017-01-12 12:25:00	36798	6.82	272.159	10.433	-2.927	-2.268	0.1	0.08	13.60	36803	2017-01-12 12:50:00
2017-01-12 14:55:00	36828	6.58	314.86	8.338	0.595	-2.598	2.587	0.04	3.03	36833	2017-01-12 15:20:00
2017-01-12 15:25:00	36834	6.65	313.17	7.777	0.793	-2.603	2.442	0.06	10.61	36839	2017-01-12 15:50:00
2017-01-12 15:55:00	36840	6.48	309.824	7.157	1.287	-2.873	2.395	0.09	11.57	36845	2017-01-12 16:20:00
2017-01-12 22:50:00	36923	6.62	235.324	7.634	-1.8	-3.045	-2.133	0.04	15.71	36928	2017-01-12 23:15:00
2017-01-12 23:25:00	36930	6.58	240.034	8.299	-2.117	-3.045	-1.73	0.07	15.41	36935	2017-01-12 23:50:00
2017-01-13 00:45:00	36946	6.75	232.614	9.558	-3.082	-1.732	-1.317	0.04	29.16	36951	2017-01-13 01:10:00
2017-01-13 01:45:00	36958	6.32	284.789	10.301	-2.592	-3.945	1.047	0.08	9.62	36963	2017-01-13 02:10:00
2017-01-13 04:35:00	36992	6.48	256.753	11.64	-3.227	-1.92	-0.397	0.09	25.87	36997	2017-01-13 05:00:00
2017-01-13 05:05:00	36998	6.42	262.989	11.772	-2.107	-3.168	-0.38	0.05	9.42	37003	2017-01-13 05:30:00
2017-01-13 09:40:00	37023	5.67	267.007	11.642	1.308	-5.322	-0.263	0.06	20.47	37028	2017-01-13 10:05:00
2017-01-13 13:05:00	37064	6.38	275.622	9.891	0.318	-5.037	0.482	0.07	17.74	37069	2017-01-13 13:30:00
2017-01-13 14:00:00	37075	6.45	271.755	9.13	1.108	-4.952	0.143	0.07	7.85	37080	2017-01-13 14:25:00
2017-01-13 14:30:00	37081	6.28	256.771	8.652	0.448	-4.903	-1.162	0.05	27.02	37086	2017-01-13 14:55:00
2017-01-14 00:10:00	37169	5.87	272.793	9.151	3.585	-3.413	0.153	0.02	20.11	37174	2017-01-14 00:35:00
2017-01-14 04:00:00	37215	6.37	289.599	11.488	3.13	-2.152	0.74	0.04	26.49	37220	2017-01-14 04:25:00
2017-01-14 07:15:00	37253	6.23	264.858	12.005	2.888	-2.917	-0.283	0.03	22.21	37258	2017-01-14 07:40:00
2017-01-15 11:25:00	37582	6.3	225.528	10.818	-0.108	-2.808	-2.768	0.07	13.88	37587	2017-01-15 11:50:00
2017-01-16 05:45:00	37798	6.03	314.045	11.945	-2.212	-2.215	2.08	0.09	28.82	37803	2017-01-16 06:10:00
2017-01-20 14:00:00	39044	6.78	241.114	8.326	-2.747	-3.068	-1.697	0.07	6.91	39049	2017-01-20 14:25:00
2017-01-24 02:05:00	39993	5.37	237.698	11.182	-2.232	-3.07	-1.948	0.04	10.74	39998	2017-01-24 02:30:00
2017-01-30 23:10:00	41712	6.05	244.182	9.914	6.162	-1.925	-0.938	0.06	26.36	41717	2017-01-30 23:35:00
2017-01-31 07:30:00	41779	5.05	299.23	11.667	9.372	-7.938	4.48	0.09	13.73	41784	2017-01-31 07:55:00
2017-01-31 10:40:00	41817	5.4	287.423	10.149	9.067	-4.675	1.493	0.10	26.60	41822	2017-01-31 11:05:00
2017-02-01 12:50:00	42131	6.43	271.825	8.118	4.992	-3.305	0.083	0.04	17.03	42136	2017-02-01 13:15:00
2017-02-01 13:20:00	42137	6.32	271.685	7.535	5.352	-3.292	-0.065	0.08	24.53	42142	2017-02-01 13:45:00
2017-02-02 05:10:00	42327	6.52	277.105	11.998	3.883	-4.03	0.422	0.04	18.24	42332	2017-02-02 05:35:00
2017-02-03 09:10:00	42661	6.78	270.162	10.864	3.545	-2.303	-0.108	0.04	27.22	42666	2017-02-03 09:35:00
2017-02-04 23:55:00	43101	7.0	230.753	10.77	-1.247	-3.952	-3.222	0.05	12.44	43106	2017-02-05 00:20:00
2017-02-05 04:10:00	43119	6.45	236.341	11.998	1.112	-5.057	-3.365	0.04	11.53	43124	2017-02-05 04:35:00
2017-02-05 06:40:00	43134	5.82	266.643	11.742	4.49	-5.363	-0.382	0.05	26.08	43139	2017-02-05 07:05:00
2017-02-05 10:40:00	43178	6.45	257.88	9.737	0.797	-6.018	-1.317	0.09	15.91	43183	2017-02-05 11:05:00
2017-02-05 13:10:00	43208	6.17	287.62	7.186	5.223	-3.822	1.105	0.03	26.04	43213	2017-02-05 13:35:00
2017-02-06 07:20:00	43324	6.87	281.178	11.515	3.487	-2.117	0.378	0.02	28.34	43329	2017-02-06 07:45:00
2017-02-06 09:35:00	43351	6.55	276.105	10.427	3.715	-2.323	0.207	0.04	28.35	43356	2017-02-06 10:00:00
2017-02-06 10:10:00	43358	6.68	252.816	10.031	2.82	-3.225	-0.957	0.06	18.52	43363	2017-02-06 10:35:00
2017-02-07 12:35:00	43621	6.77	236.993	7.641	1.047	-1.647	-1.098	0.09	16.63	43626	2017-02-07 13:00:00
2017-02-09 04:40:00	44064	6.07	245.011	11.986	3.94	-3.008	-1.498	0.06	15.93	44069	2017-02-09 05:05:00
2017-02-09 05:45:00	44077	5.97	249.185	11.846	4.655	-2.5	-0.883	0.04	24.22	44082	2017-02-09 06:10:00
2017-02-09 06:15:00	44083	5.97	268.931	11.736	4.652	-2.732	-0.053	0.04	12.75	44088	2017-02-09 06:40:00
2017-02-09 08:30:00	44110	6.88	257.378	10.866	-1.805	-4.227	-0.945	0.05	5.08	44115	2017-02-09 08:55:00
2017-02-09 09:00:00	44116	6.98	269.02	10.584	-1.903	-4.38	-0.073	0.05	9.06	44121	2017-02-09 09:25:00
2017-02-09 21:45:00	44268	5.9	287.548	9.93	4.342	-2.652	0.83	0.07	6.20	44273	2017-02-09 22:10:00
2017-02-09 22:35:00	44278	5.8	289.84	10.594	4.892	-1.115	0.412	0.01	15.69	44283	2017-02-09 23:00:00
2017-02-09 23:05:00	44284	5.77	273.02	10.945	4.822	-1.327	0.073	0.02	24.64	44289	2017-02-09 23:30:00
2017-02-10 00:00:00	44295	6.25	248.445	11.503	3.047	-2.858	-1.13	0.07	8.08	44300	2017-02-10 00:25:00
2017-02-10 01:10:00	44309	6.02	255.369	12.066	3.94	-1.772	-0.41	0.03	25.47	44314	2017-02-10 01:35:00
2017-02-10 02:05:00	44320	6.23	233.99	12.401	3.91	-1.095	-0.76	0.05	25.06	44325	2017-02-10 02:30:00
2017-02-10 03:00:00	44331	6.5	292.577	12.646	3.76	-0.875	0.372	0.03	19.07	44336	2017-02-10 03:25:00
2017-02-10 03:40:00	44339	6.45	287.296	12.77	3.548	-1.123	0.305	0.09	29.56	44344	2017-02-10 04:05:00
2017-02-10 07:15:00	44382	6.9	306.343	12.67	2.058	-1.375	1.063	0.07	27.73	44387	2017-02-10 07:40:00
2017-02-10 09:15:00	44406	6.95	242.119	12.043	1.24	-1.802	-1.003	0.05	29.17	44411	2017-02-10 09:40:00
2017-02-10 10:40:00	44423	6.57	242.947	11.329	1.19	-3.553	-1.808	0.08	28.73	44428	2017-02-10 11:05:00
2017-02-10 11:10:00	44429	6.42	248.087	11.019	2.862	-3.143	-1.247	0.06	10.78	44434	2017-02-10 11:35:00
2017-02-10 12:15:00	44442	6.9	232.227	10.231	-0.208	-3.36	-2.612	0.04	24.50	44447	2017-02-10 12:40:00
2017-02-10 23:05:00	44572	6.17	267.522	9.0	1.497	-3.752	-0.19	0.07	14.78	44577	2017-02-10 23:30:00
2017-02-10 23:35:00	44578	5.97	246.718	9.491	-0.803	-4.26	-1.822	0.04	24.08	44583	2017-02-11 00:00:00
2017-02-11 00:05:00	44584	5.97	246.173	9.941	-0.148	-3.747	-1.682	0.06	19.54	44589	2017-02-11 00:30:00
2017-02-11 00:35:00	44590	5.83	268.57	10.35	0.632	-4.217	-0.078	0.07	18.08	44595	2017-02-11 01:00:00
2017-02-11 01:20:00	44599	6.05	275.882	10.897	1.437	-4.398	0.453	0.03	9.33	44604	2017-02-11 01:45:00
2017-02-11 06:55:00	44666	6.85	297.172	12.865	2.43	-1.325	0.675	0.09	20.06	44671	2017-02-11 07:20:00
2017-02-11 07:55:00	44678	6.42	284.645	12.873	2.958	-1.158	0.302	0.06	10.40	44683	2017-02-11 08:20:00
2017-02-11 09:30:00	44697	6.85	280.12	12.682	2.41	-1.142	0.195	0.07	20.99	44702	2017-02-11 09:55:00
2017-02-11 11:00:00	44715	6.73	267.236	12.263	2.452	-1.408	-0.07	0.03	10.99	44720	2017-02-11 11:25:00
2017-02-11 14:30:00	44757	6.97	312.108	10.284	2.188	-0.75	0.682	0.02	21.02	44762	2017-02-11 14:55:00
2017-02-12 08:25:00	44972	6.75	265.366	12.782	1.535	-2.732	-0.222	0.06	3.94	44977	2017-02-12 08:50:00
2017-02-12 08:55:00	44978	6.77	268.104	12.84	1.858	-2.438	-0.087	0.04	7.98	44983	2017-02-12 09:20:00
2017-02-12 09:25:00	44984	6.73	272.307	12.872	1.887	-2.422	0.098	0.03	2.81	44989	2017-02-12 09:50:00
2017-02-12 10:15:00	44994	6.63	260.524	12.871	0.87	-2.968	-0.515	0.03	14.51	44999	2017-02-12 10:40:00
2017-02-12 10:45:00	45000	6.5	263.753	12.836	1.243	-3.005	-0.332	0.06	11.83	45005	2017-02-12 11:10:00
2017-02-12 11:15:00	45006	6.4	279.247	12.777	2.083	-2.283	0.323	0.04	23.42	45011	2017-02-12 11:40:00
2017-02-12 12:20:00	45019	6.23	277.543	12.562	2.037	-2.627	0.343	0.02	28.77	45024	2017-02-12 12:45:00
2017-02-12 13:15:00	45030	6.28	240.472	12.285	-0.593	-2.878	-1.63	0.04	16.81	45035	2017-02-12 13:40:00
2017-02-12 13:45:00	45036	6.32	253.507	12.095	0.123	-2.967	-0.875	0.05	11.55	45041	2017-02-12 14:10:00
2017-02-12 14:15:00	45042	6.4	248.268	11.878	2.318	-2.115	-0.815	0.10	10.82	45047	2017-02-12 14:40:00
2017-02-12 14:45:00	45048	6.33	235.71	11.632	2.643	-1.78	-1.207	0.03	14.52	45053	2017-02-12 15:10:00
2017-02-12 15:40:00	45059	6.43	257.113	11.102	2.375	-2.19	-0.498	0.07	16.05	45064	2017-02-12 16:05:00
2017-02-12 16:10:00	45065	6.58	237.38	10.768	2.568	-1.59	-1.037	0.07	15.11	45070	2017-02-12 16:35:00
2017-02-12 16:40:00	45071	6.65	233.625	10.4	2.568	-1.337	-0.987	0.05	13.32	45076	2017-02-12 17:05:00
2017-02-12 17:25:00	45080	6.47	243.225	9.778	2.415	-1.953	-0.965	0.06	28.56	45085	2017-02-12 17:50:00
2017-02-12 19:25:00	45104	5.93	261.235	7.639	3.835	-2.307	-0.367	0.07	19.74	45109	2017-02-12 19:50:00
2017-02-13 09:15:00	45263	6.72	233.189	12.46	1.45	-0.802	-0.563	0.09	19.64	45268	2017-02-13 09:40:00
2017-02-13 10:00:00	45272	6.8	247.626	12.65	1.422	-0.658	-0.272	0.09	15.76	45277	2017-02-13 10:25:00
2017-02-13 14:55:00	45331	6.65	235.147	12.489	-0.967	-1.307	-0.903	0.08	9.88	45336	2017-02-13 15:20:00
2017-02-19 03:15:00	46800	6.78	241.364	13.412	-5.065	-2.125	-1.145	0.07	13.27	46805	2017-02-19 03:40:00
2017-02-19 03:45:00	46806	6.75	246.117	13.292	-5.168	-2.332	-1.037	0.02	7.48	46811	2017-02-19 04:10:00
2017-02-19 04:15:00	46812	6.73	230.484	13.148	-5.267	-1.618	-1.252	0.02	22.56	46817	2017-02-19 04:40:00
2017-02-20 07:05:00	47131	6.02	241.22	13.55	-4.207	-2.632	-1.45	0.05	13.58	47136	2017-02-20 07:30:00
2017-02-20 07:35:00	47137	6.15	242.418	13.464	-4.408	-2.2	-1.155	0.06	17.81	47142	2017-02-20 08:00:00
2017-02-20 08:05:00	47143	6.33	265.284	13.355	-4.577	-2.04	-0.187	0.04	25.08	47148	2017-02-20 08:30:00
2017-02-20 08:40:00	47150	6.2	301.883	13.199	-4.472	-1.493	0.897	0.04	27.22	47155	2017-02-20 09:05:00
2017-02-23 02:30:00	47862	6.28	282.877	10.372	4.823	-4.098	0.94	0.06	8.32	47867	2017-02-23 02:55:00
2017-02-27 21:00:00	49110	6.83	230.055	14.45	3.608	-2.492	-2.098	0.09	11.50	49115	2017-02-27 21:25:00
2017-02-27 21:30:00	49116	6.98	244.315	14.558	3.418	-2.863	-1.387	0.08	20.41	49121	2017-02-27 21:55:00
2017-02-27 22:00:00	49122	6.18	229.156	14.647	3.462	-3.193	-2.818	0.04	26.65	49127	2017-02-27 22:25:00
2017-02-27 22:30:00	49128	5.83	236.648	14.715	3.432	-3.55	-2.378	0.08	23.43	49133	2017-02-27 22:55:00
2017-02-28 00:05:00	49147	5.2	271.15	14.805	4.037	-5.452	0.11	0.04	17.00	49152	2017-02-28 00:30:00
2017-02-28 02:10:00	49172	5.45	230.63	14.627	4.303	-3.453	-2.832	0.03	7.40	49177	2017-02-28 02:35:00
2017-02-28 02:40:00	49178	5.38	240.666	14.534	4.992	-3.197	-1.793	0.03	6.32	49183	2017-02-28 03:05:00
2017-02-28 03:10:00	49184	5.38	240.96	14.421	5.365	-2.792	-1.537	0.02	27.82	49189	2017-02-28 03:35:00
2017-02-28 03:40:00	49190	5.5	266.504	14.288	5.338	-3.277	-0.203	0.03	21.55	49195	2017-02-28 04:05:00
2017-02-28 04:10:00	49196	5.55	275.529	14.134	5.428	-3.733	0.358	0.02	13.56	49201	2017-02-28 04:35:00
2017-02-28 04:40:00	49202	5.48	264.586	13.959	6.002	-3.315	-0.32	0.04	28.79	49207	2017-02-28 05:05:00
2017-02-28 05:10:00	49208	5.6	265.316	13.763	5.437	-4.07	-0.358	0.04	12.99	49213	2017-02-28 05:35:00
2017-02-28 05:40:00	49214	5.28	281.364	13.544	6.232	-3.192	0.562	0.04	28.44	49219	2017-02-28 06:05:00
2017-02-28 06:10:00	49220	5.33	295.533	13.303	6.218	-2.683	1.195	0.05	21.14	49225	2017-02-28 06:35:00
2017-02-28 07:15:00	49233	5.45	251.193	12.7	4.917	-3.895	-1.463	0.06	23.82	49238	2017-02-28 07:40:00
2017-02-28 07:45:00	49239	5.52	269.429	12.382	4.613	-4.673	-0.057	0.07	11.97	49244	2017-02-28 08:10:00
2017-03-01 01:40:00	49454	5.73	279.498	13.228	7.508	-1.58	0.26	0.07	22.15	49459	2017-03-01 02:05:00
2017-03-03 01:55:00	50001	7.0	252.721	13.452	2.915	-3.405	-1.077	0.05	29.61	50006	2017-03-03 02:20:00
2017-03-07 03:30:00	51146	6.27	260.043	15.92	3.443	-3.452	-0.573	0.02	28.89	51151	2017-03-07 03:55:00
2017-03-07 04:30:00	51158	6.27	270.478	15.888	3.083	-3.722	-0.013	0.04	20.73	51163	2017-03-07 04:55:00
2017-03-07 06:00:00	51176	6.65	310.456	15.714	3.912	-2.607	2.198	0.05	29.31	51181	2017-03-07 06:25:00
2017-03-07 07:15:00	51191	6.8	241.588	15.45	1.267	-3.783	-2.068	0.08	24.64	51196	2017-03-07 07:40:00
2017-03-08 13:25:00	51553	5.98	261.97	15.849	4.887	-2.735	-0.375	0.02	17.90	51558	2017-03-08 13:50:00
2017-03-08 13:55:00	51559	6.15	271.586	15.889	4.253	-3.555	0.098	0.02	17.32	51564	2017-03-08 14:20:00
2017-03-08 16:35:00	51591	6.25	307.424	15.818	4.893	-1.772	1.353	0.07	28.70	51596	2017-03-08 17:00:00
2017-03-09 00:55:00	51691	5.55	279.676	12.24	4.902	-2.808	0.467	0.03	9.45	51696	2017-03-09 01:20:00
2017-03-09 01:25:00	51697	5.73	272.608	11.83	4.77	-2.903	0.113	0.02	14.19	51702	2017-03-09 01:50:00
2017-03-09 01:55:00	51703	5.65	264.171	11.391	4.83	-2.742	-0.3	0.02	26.03	51708	2017-03-09 02:20:00
2017-03-09 02:25:00	51709	5.68	247.235	10.921	4.353	-3.175	-1.37	0.02	20.47	51714	2017-03-09 02:50:00
2017-03-09 02:55:00	51715	5.83	245.684	10.418	3.945	-3.45	-1.565	0.02	11.09	51720	2017-03-09 03:20:00
2017-03-09 04:10:00	51730	5.82	254.928	8.995	4.378	-2.397	-0.608	0.04	25.70	51735	2017-03-09 04:35:00
2017-03-09 04:55:00	51739	6.13	274.932	8.008	3.987	-2.458	0.222	0.06	16.14	51744	2017-03-09 05:20:00
2017-03-09 05:30:00	51746	6.52	259.781	7.154	3.563	-2.495	-0.465	0.10	27.38	51751	2017-03-09 05:55:00
2017-03-09 14:20:00	51852	6.7	228.404	10.907	-1.627	-3.22	-2.812	0.07	23.45	51857	2017-03-09 14:45:00
2017-03-10 21:55:00	52223	6.92	244.277	7.777	-2.703	-1.895	-0.91	0.08	14.42	52228	2017-03-10 22:20:00
2017-03-11 12:15:00	52395	6.58	314.644	15.046	3.327	-1.213	1.17	0.07	26.08	52400	2017-03-11 12:40:00
2017-03-11 12:45:00	52401	6.45	297.876	15.325	3.353	-1.685	0.87	0.04	21.60	52406	2017-03-11 13:10:00
2017-03-11 13:15:00	52407	6.53	277.911	15.586	3.2	-1.825	0.258	0.02	11.16	52412	2017-03-11 13:40:00
2017-03-11 14:40:00	52424	6.32	233.694	16.233	3.013	-2.167	-1.625	0.06	29.51	52429	2017-03-11 15:05:00
2017-03-11 19:15:00	52479	6.52	235.313	17.464	0.64	-3.437	-2.363	0.08	27.67	52484	2017-03-11 19:40:00
2017-03-12 03:50:00	52580	5.63	229.008	16.533	0.882	-4.143	-3.603	0.07	6.26	52585	2017-03-12 04:15:00
2017-03-12 04:20:00	52586	5.65	233.69	16.345	1.143	-4.268	-3.138	0.08	4.58	52591	2017-03-12 04:45:00
2017-03-12 04:50:00	52592	5.57	238.683	16.142	0.78	-4.668	-2.84	0.02	5.85	52597	2017-03-12 05:15:00
2017-03-12 05:40:00	52602	6.18	226.76	15.766	-1.453	-2.985	-2.802	0.08	6.80	52607	2017-03-12 06:05:00
2017-03-12 07:15:00	52621	5.82	237.915	14.918	1.328	-3.887	-2.428	0.09	10.28	52626	2017-03-12 07:40:00
2017-03-12 07:45:00	52627	5.7	247.459	14.612	1.898	-4.302	-1.785	0.05	10.75	52632	2017-03-12 08:10:00
2017-03-12 08:45:00	52639	5.97	259.616	13.94	1.468	-3.908	-0.712	0.04	6.43	52644	2017-03-12 09:10:00
2017-03-12 09:40:00	52650	6.08	257.999	13.248	1.762	-3.425	-0.728	0.04	11.11	52655	2017-03-12 10:05:00
2017-03-12 10:40:00	52662	6.05	259.081	12.404	1.79	-4.232	-0.818	0.08	8.73	52667	2017-03-12 11:05:00
2017-03-12 11:45:00	52675	5.83	253.254	11.369	1.858	-4.685	-1.417	0.08	9.65	52680	2017-03-12 12:10:00
2017-03-12 13:10:00	52692	5.95	234.752	9.793	2.508	-3.553	-2.51	0.05	3.40	52697	2017-03-12 13:35:00
2017-03-12 14:40:00	52710	5.92	228.855	7.769	2.858	-2.65	-2.338	0.04	14.18	52715	2017-03-12 15:05:00
2017-03-13 01:20:00	52838	7.0	246.625	12.374	1.925	-0.787	-0.32	0.04	22.77	52843	2017-03-13 01:45:00
2017-03-13 03:00:00	52858	6.98	259.921	13.733	2.053	-1.238	-0.222	0.05	9.29	52863	2017-03-13 03:25:00
2017-03-13 04:50:00	52880	6.65	259.558	14.947	1.187	-2.937	-0.537	0.09	22.86	52885	2017-03-13 05:15:00
2017-03-13 19:55:00	53061	5.72	301.824	16.752	3.347	-1.848	1.14	0.03	8.14	53066	2017-03-13 20:20:00
2017-03-13 20:25:00	53067	5.7	287.595	16.585	3.112	-2.203	0.695	0.04	9.00	53072	2017-03-13 20:50:00
2017-03-13 20:55:00	53073	5.72	287.354	16.402	3.138	-2.003	0.612	0.06	14.45	53078	2017-03-13 21:20:00
2017-03-13 21:25:00	53079	5.8	269.572	16.204	2.793	-2.32	-0.02	0.05	20.70	53084	2017-03-13 21:50:00
2017-03-13 22:30:00	53092	5.98	282.751	15.717	2.797	-1.815	0.402	0.09	8.27	53097	2017-03-13 22:55:00
2017-03-14 22:50:00	53384	6.25	227.626	15.628	2.15	-1.82	-1.662	0.05	27.03	53389	2017-03-14 23:15:00
2017-03-15 21:35:00	53657	6.3	233.297	10.995	0.407	-4.018	-3.005	0.06	17.41	53662	2017-03-15 22:00:00
2017-03-16 09:20:00	53798	5.05	305.291	11.131	-2.907	-3.523	2.37	0.04	24.56	53803	2017-03-16 09:45:00
2017-03-17 08:30:00	54076	6.67	295.587	18.434	-2.1	-1.358	0.667	0.07	23.08	54081	2017-03-17 08:55:00
2017-03-17 22:15:00	54241	6.53	259.547	8.013	-2.188	-1.97	-0.378	0.07	25.40	54246	2017-03-17 22:40:00
2017-03-23 16:10:00	55892	5.15	285.632	9.151	-4.085	-5.815	1.513	0.08	27.20	55897	2017-03-23 16:35:00
2017-03-27 02:05:00	56874	6.13	244.129	17.559	4.823	-5.402	-2.618	0.07	18.42	56879	2017-03-27 02:30:00
2017-03-27 20:00:00	57089	5.97	264.939	7.736	5.198	-6.2	-0.445	0.09	17.44	57094	2017-03-27 20:25:00
2017-03-29 10:00:00	57545	6.97	309.338	19.01	3.95	-1.433	1.182	0.02	18.35	57550	2017-03-29 10:25:00
2017-03-30 08:25:00	57814	6.87	275.899	12.895	3.01	-4.07	0.482	0.08	26.61	57819	2017-03-30 08:50:00
2017-04-01 21:25:00	58546	7.0	241.584	17.4	1.868	-2.69	-1.515	0.05	28.71	58551	2017-04-01 21:50:00
2017-04-01 22:15:00	58556	6.88	283.89	18.034	2.308	-2.985	0.748	0.05	22.78	58561	2017-04-01 22:40:00
2017-04-01 22:45:00	58562	6.62	248.427	18.397	2.055	-3.063	-1.258	0.06	24.06	58567	2017-04-01 23:10:00
2017-04-01 23:15:00	58568	6.45	242.607	18.747	2.28	-2.483	-1.297	0.02	11.95	58573	2017-04-01 23:40:00
2017-04-01 23:45:00	58574	6.77	240.811	19.085	1.177	-3.088	-1.725	0.04	5.08	58579	2017-04-02 00:10:00
2017-04-02 00:15:00	58580	6.73	248.858	19.41	1.523	-3.023	-1.167	0.03	9.90	58585	2017-04-02 00:40:00
2017-04-02 08:10:00	58675	6.63	307.239	23.195	3.378	-1.56	1.192	0.09	18.36	58680	2017-04-02 08:35:00
2017-04-02 08:40:00	58681	6.58	286.971	23.358	3.62	-1.737	0.537	0.07	23.52	58686	2017-04-02 09:05:00
2017-04-02 09:45:00	58694	6.12	308.757	23.682	4.717	-1.385	1.093	0.07	25.07	58699	2017-04-02 10:10:00
2017-04-03 14:00:00	58947	6.97	234.573	19.476	-3.652	-1.89	-1.338	0.05	28.22	58952	2017-04-03 14:25:00
2017-04-05 04:20:00	59405	6.05	307.704	23.611	-3.127	-4.533	3.487	0.09	16.64	59410	2017-04-05 04:45:00
2017-04-06 03:25:00	59682	5.38	306.948	22.291	4.125	-3.337	2.45	0.09	23.79	59687	2017-04-06 03:50:00
2017-04-06 07:15:00	59728	6.12	273.263	20.416	2.567	-4.16	0.242	0.08	24.55	59733	2017-04-06 07:40:00
2017-04-06 09:25:00	59754	6.27	249.149	19.087	2.727	-2.71	-1.068	0.04	16.94	59759	2017-04-06 09:50:00
2017-04-06 12:25:00	59790	6.18	225.418	16.867	1.432	-3.237	-3.208	0.01	25.54	59795	2017-04-06 12:50:00
2017-04-07 02:10:00	59955	6.97	236.064	7.086	3.025	-1.083	-0.737	0.06	20.34	59960	2017-04-07 02:35:00
2017-04-07 03:30:00	59971	7.0	228.486	9.255	2.737	-1.7	-1.503	0.06	20.76	59976	2017-04-07 03:55:00
2017-04-07 23:45:00	60214	6.52	276.829	23.769	4.398	-6.228	0.758	0.09	9.19	60219	2017-04-08 00:10:00
2017-04-08 00:15:00	60220	6.05	292.182	23.9	6.723	-5.36	2.185	0.03	10.54	60225	2017-04-08 00:40:00
2017-04-11 14:45:00	61247	6.15	247.758	23.104	4.26	-3.195	-1.382	0.03	28.96	61252	2017-04-11 15:10:00
2017-04-11 15:20:00	61254	5.47	291.657	22.899	5.948	-3.31	1.333	0.04	25.12	61259	2017-04-11 15:45:00
2017-04-11 15:50:00	61260	5.35	285.806	22.715	5.983	-3.617	1.007	0.03	25.77	61265	2017-04-11 16:15:00
2017-04-12 09:35:00	61472	6.97	256.552	8.091	2.785	-2.67	-0.653	0.02	18.93	61477	2017-04-12 10:00:00
2017-04-12 10:05:00	61478	6.7	249.282	7.244	3.052	-2.255	-0.843	0.02	20.29	61483	2017-04-12 10:30:00
2017-04-13 02:20:00	61570	5.82	257.778	18.678	3.188	-2.677	-0.6	0.02	16.92	61575	2017-04-13 02:45:00
2017-04-13 02:50:00	61576	5.77	260.465	19.018	3.2	-2.555	-0.463	0.03	15.56	61581	2017-04-13 03:15:00
2017-04-13 03:20:00	61582	5.85	270.296	19.345	3.397	-2.033	0.005	0.04	13.40	61587	2017-04-13 03:45:00
2017-04-13 03:50:00	61588	5.9	251.095	19.661	3.15	-2.215	-0.763	0.02	11.16	61593	2017-04-13 04:15:00
2017-04-13 04:20:00	61594	5.9	243.872	19.966	3.057	-2.287	-1.122	0.01	7.21	61599	2017-04-13 04:45:00
2017-04-13 04:50:00	61600	5.9	245.467	20.26	3.075	-2.328	-1.098	0.02	16.66	61605	2017-04-13 05:15:00
2017-04-13 09:45:00	61659	5.53	287.524	22.614	3.213	-1.133	0.35	0.03	28.15	61664	2017-04-13 10:10:00
2017-04-13 12:00:00	61686	6.22	250.145	23.4	2.325	-1.928	-0.692	0.07	29.64	61691	2017-04-13 12:25:00
2017-04-13 13:05:00	61699	6.42	239.467	23.718	1.913	-1.893	-1.095	0.04	27.00	61704	2017-04-13 13:30:00
2017-04-15 04:00:00	62161	5.52	230.897	8.656	2.102	-2.717	-2.142	0.09	24.49	62166	2017-04-15 04:25:00
2017-04-15 10:25:00	62238	5.33	296.56	7.045	4.563	-1.277	0.622	0.04	24.16	62243	2017-04-15 10:50:00
2017-04-15 16:45:00	62314	5.98	238.429	15.158	2.752	-2.305	-1.425	0.10	28.66	62319	2017-04-15 17:10:00
2017-04-15 17:15:00	62320	5.82	244.618	15.625	3.112	-2.462	-1.163	0.02	14.60	62325	2017-04-15 17:40:00
2017-04-15 17:45:00	62326	5.83	234.236	16.074	3.013	-2.232	-1.605	0.02	17.96	62331	2017-04-15 18:10:00
2017-04-15 18:15:00	62332	5.53	238.772	16.508	3.308	-2.437	-1.483	0.02	14.01	62337	2017-04-15 18:40:00
2017-04-15 18:45:00	62338	5.38	252.011	16.925	3.622	-2.535	-0.83	0.01	22.83	62343	2017-04-15 19:10:00
2017-04-15 19:15:00	62344	5.23	248.838	17.328	3.55	-2.613	-1.037	0.02	23.69	62349	2017-04-15 19:40:00
2017-04-15 19:45:00	62350	5.25	254.61	17.716	3.783	-2.305	-0.632	0.02	8.19	62355	2017-04-15 20:10:00
2017-04-15 20:15:00	62356	5.3	276.603	18.091	3.46	-2.752	0.317	0.03	20.26	62361	2017-04-15 20:40:00
2017-04-15 20:45:00	62362	5.08	279.708	18.452	3.71	-2.453	0.417	0.02	17.58	62367	2017-04-15 21:10:00
2017-04-15 21:15:00	62368	5.1	287.467	18.8	3.632	-2.542	0.807	0.02	13.11	62373	2017-04-15 21:40:00
2017-04-15 21:45:00	62374	5.02	251.135	19.136	4.098	-2.075	-0.713	0.05	9.98	62379	2017-04-15 22:10:00
2017-04-15 22:15:00	62380	5.03	246.433	19.461	4.073	-1.848	-0.803	0.00	5.45	62385	2017-04-15 22:40:00
2017-04-16 02:30:00	62428	6.4	226.03	21.78	2.525	-1.215	-1.195	0.04	24.07	62433	2017-04-16 02:55:00
2017-04-16 04:25:00	62451	6.53	295.997	22.595	2.262	-1.58	0.763	0.02	27.19	62456	2017-04-16 04:50:00
2017-04-17 01:30:00	62695	5.88	257.097	23.994	2.703	-3.05	-0.698	0.10	6.17	62700	2017-04-17 01:55:00
2017-04-17 02:00:00	62701	5.95	261.17	23.868	2.713	-2.893	-0.447	0.09	5.05	62706	2017-04-17 02:25:00
2017-04-17 02:30:00	62707	5.93	263.986	23.733	2.688	-2.967	-0.312	0.05	4.28	62712	2017-04-17 02:55:00
2017-04-17 03:00:00	62713	5.75	272.82	23.59	2.58	-3.67	0.208	0.10	11.70	62718	2017-04-17 03:25:00
2017-04-17 04:10:00	62727	5.73	276.292	23.226	2.377	-3.835	0.422	0.04	8.58	62732	2017-04-17 04:35:00
2017-04-17 05:35:00	62744	5.07	230.8	22.724	-2.495	-3.875	-3.14	0.03	14.62	62749	2017-04-17 06:00:00
2017-04-17 06:25:00	62754	5.63	235.663	22.396	-1.488	-3.613	-2.465	0.08	7.01	62759	2017-04-17 06:50:00
2017-04-21 09:40:00	63901	5.98	303.624	17.408	-3.942	-1.478	0.955	0.05	23.70	63906	2017-04-21 10:05:00
2017-04-21 18:15:00	64004	5.5	264.961	22.387	4.78	-7.503	-0.693	0.07	28.76	64009	2017-04-21 18:40:00
2017-04-23 08:20:00	64459	6.23	255.68	14.707	4.292	-5.572	-1.463	0.07	18.92	64464	2017-04-23 08:45:00
2017-04-23 10:20:00	64483	6.92	301.402	12.576	1.722	-4.913	2.993	0.07	28.84	64488	2017-04-23 10:45:00
2017-04-25 18:00:00	65080	6.73	276.322	21.365	3.562	-3.137	0.293	0.03	27.53	65085	2017-04-25 18:25:00
2017-04-25 18:55:00	65091	6.65	282.755	20.899	2.278	-3.563	0.982	0.02	27.19	65096	2017-04-25 19:20:00
2017-04-25 19:25:00	65097	6.43	274.521	20.63	3.023	-3.615	0.293	0.02	26.28	65102	2017-04-25 19:50:00
2017-04-25 19:55:00	65103	6.22	255.372	20.351	3.837	-2.708	-0.773	0.05	25.14	65108	2017-04-25 20:20:00
2017-04-25 21:10:00	65118	6.17	245.298	19.606	3.563	-2.963	-1.313	0.03	16.53	65123	2017-04-25 21:35:00
2017-04-25 21:40:00	65124	6.25	257.706	19.289	2.065	-4.41	-1.003	0.05	10.82	65129	2017-04-25 22:05:00
2017-04-25 22:10:00	65130	6.58	269.373	18.959	0.795	-4.783	0.015	0.05	25.95	65135	2017-04-25 22:35:00
2017-04-25 22:40:00	65136	6.05	256.679	18.618	2.7	-4.232	-0.955	0.05	18.52	65141	2017-04-25 23:05:00
2017-04-26 01:50:00	65174	6.0	259.516	16.147	2.608	-4.31	-0.757	0.08	27.45	65179	2017-04-26 02:15:00
2017-04-26 08:15:00	65251	6.52	266.025	8.765	3.132	-2.133	-0.11	0.07	15.38	65256	2017-04-26 08:40:00
2017-04-26 08:50:00	65258	5.92	261.448	7.833	3.425	-2.872	-0.44	0.04	7.32	65263	2017-04-26 09:15:00
2017-04-26 20:05:00	65343	5.45	283.704	14.048	2.733	-3.357	0.827	0.06	10.24	65348	2017-04-26 20:30:00
2017-04-26 22:50:00	65376	5.4	241.874	16.606	2.447	-3.173	-1.692	0.04	19.63	65381	2017-04-26 23:15:00
2017-04-26 23:20:00	65382	5.47	249.161	17.017	2.27	-3.553	-1.333	0.03	21.26	65387	2017-04-26 23:45:00
2017-04-27 00:10:00	65392	5.53	243.279	17.67	1.803	-3.723	-1.875	0.03	16.80	65397	2017-04-27 00:35:00
2017-04-27 00:40:00	65398	5.7	251.958	18.044	1.343	-3.843	-1.137	0.04	27.75	65403	2017-04-27 01:05:00
2017-04-27 01:10:00	65404	5.62	252.182	18.404	2.753	-3.343	-1.023	0.02	17.88	65409	2017-04-27 01:35:00
2017-04-27 01:40:00	65410	5.48	254.683	18.752	3.012	-3.18	-0.8	0.02	25.28	65415	2017-04-27 02:05:00
2017-04-27 02:50:00	65424	5.53	254.503	19.516	3.095	-3.12	-0.865	0.06	12.03	65429	2017-04-27 03:15:00
2017-04-28 17:50:00	65816	5.57	239.584	18.519	-1.122	-3.163	-1.853	0.03	3.30	65821	2017-04-28 18:15:00
2017-04-28 18:20:00	65822	5.22	232.523	18.162	0.993	-3.392	-2.595	0.05	11.77	65827	2017-04-28 18:45:00
2017-04-28 19:30:00	65836	5.05	251.164	17.279	1.562	-4.372	-1.475	0.05	23.28	65841	2017-04-28 19:55:00
2017-04-30 01:30:00	66147	5.35	283.216	21.535	4.06	-1.685	0.358	0.09	26.15	66152	2017-04-30 01:55:00
2017-04-30 03:50:00	66175	6.23	256.109	22.547	1.933	-2.212	-0.57	0.07	16.53	66180	2017-04-30 04:15:00
2017-04-30 05:50:00	66199	5.98	263.356	23.263	3.115	-1.593	-0.2	0.06	14.08	66204	2017-04-30 06:15:00
2017-04-30 07:00:00	66213	6.32	239.325	23.619	0.105	-2.9	-1.7	0.05	28.70	66218	2017-04-30 07:25:00
2017-04-30 07:55:00	66224	6.53	258.664	23.869	1.51	-2.427	-0.457	0.03	25.08	66229	2017-04-30 08:20:00
2017-05-04 07:35:00	67328	6.53	312.783	18.91	3.557	-1.828	1.69	0.06	3.68	67333	2017-05-04 08:00:00
2017-05-04 08:30:00	67339	6.48	311.424	18.271	3.693	-1.545	1.383	0.06	13.31	67344	2017-05-04 08:55:00
2017-05-04 09:20:00	67349	6.67	310.97	17.652	3.468	-1.363	1.198	0.09	25.27	67354	2017-05-04 09:45:00
2017-05-04 11:55:00	67369	6.52	289.14	15.48	2.537	-2.322	0.808	0.10	16.67	67374	2017-05-04 12:20:00
2017-05-05 03:10:00	67421	6.47	306.666	11.513	1.297	-4.825	3.553	0.08	15.64	67426	2017-05-05 03:35:00
2017-05-05 05:45:00	67452	5.58	307.279	14.411	1.118	-5.225	3.985	0.04	26.36	67457	2017-05-05 06:10:00
2017-05-05 06:15:00	67458	5.47	312.971	14.904	0.875	-4.778	4.447	0.01	4.93	67463	2017-05-05 06:40:00
2017-05-07 04:40:00	67986	6.17	287.31	17.52	-1.043	-3.63	1.14	0.07	27.77	67991	2017-05-07 05:05:00
2017-05-07 09:15:00	68010	5.45	238.808	13.295	0.995	-4.193	-2.517	0.07	28.71	68015	2017-05-07 09:40:00
2017-05-07 19:45:00	68136	5.7	272.917	7.798	-0.303	-4.488	0.217	0.07	28.27	68141	2017-05-07 20:10:00
2017-05-07 20:15:00	68142	5.67	286.512	8.604	1.262	-4.89	1.45	0.03	3.21	68147	2017-05-07 20:40:00
2017-05-08 06:10:00	68207	6.73	225.351	18.778	1.117	-2.21	-2.185	0.06	6.70	68212	2017-05-08 06:35:00
2017-05-08 07:05:00	68218	6.6	263.449	19.385	2.723	-2.022	-0.295	0.10	22.47	68223	2017-05-08 07:30:00
2017-05-08 07:35:00	68224	6.53	281.901	19.699	3.985	-1.23	0.268	0.08	18.73	68229	2017-05-08 08:00:00
2017-05-08 08:05:00	68230	6.4	264.621	20.002	3.487	-2.76	-0.328	0.06	28.79	68235	2017-05-08 08:30:00
2017-05-08 15:25:00	68307	6.03	271.555	23.316	3.255	-3.32	0.077	0.06	17.59	68312	2017-05-08 15:50:00
2017-05-08 16:40:00	68322	5.33	273.465	23.692	4.113	-2.788	0.097	0.05	28.47	68327	2017-05-08 17:05:00
2017-05-10 00:35:00	68635	5.5	289.124	16.906	2.542	-4.978	1.725	0.09	10.83	68640	2017-05-10 01:00:00
2017-05-10 01:05:00	68641	5.2	261.179	16.489	0.85	-5.993	-0.952	0.03	20.23	68646	2017-05-10 01:30:00
2017-05-10 01:35:00	68647	5.38	252.873	16.057	2.268	-4.805	-1.423	0.05	21.23	68652	2017-05-10 02:00:00
2017-05-10 02:35:00	68659	5.13	277.325	15.142	1.507	-5.455	0.71	0.09	27.49	68664	2017-05-10 03:00:00
2017-05-10 03:05:00	68665	5.28	270.291	14.658	0.973	-5.305	0.035	0.08	15.04	68670	2017-05-10 03:30:00
2017-05-10 03:35:00	68671	5.43	288.26	14.155	0.175	-5.222	1.73	0.06	17.18	68676	2017-05-10 04:00:00
2017-05-10 05:00:00	68688	5.62	301.834	12.612	1.438	-4.613	2.897	0.04	21.85	68693	2017-05-10 05:25:00
2017-05-10 05:30:00	68694	5.62	292.026	12.022	1.815	-4.945	1.998	0.06	16.28	68699	2017-05-10 05:55:00
2017-05-10 06:00:00	68700	5.63	294.702	11.404	1.567	-4.857	2.217	0.05	29.13	68705	2017-05-10 06:25:00
2017-05-10 07:00:00	68712	5.68	307.143	10.075	2.183	-3.952	3.008	0.02	12.08	68717	2017-05-10 07:25:00
2017-05-10 07:30:00	68718	5.72	305.838	9.357	2.412	-3.833	2.777	0.01	7.54	68723	2017-05-10 07:55:00
2017-05-10 08:00:00	68724	5.52	313.082	8.597	2.717	-3.337	3.117	0.02	9.22	68729	2017-05-10 08:25:00
2017-05-10 08:30:00	68730	5.35	305.42	7.789	2.555	-3.795	2.695	0.01	13.96	68735	2017-05-10 08:55:00
2017-05-12 08:35:00	69174	6.85	256.62	23.151	2.852	-3.23	-0.772	0.06	5.45	69179	2017-05-12 09:00:00
2017-05-12 16:45:00	69259	5.53	231.638	19.148	3.575	-1.872	-1.502	0.06	20.06	69264	2017-05-12 17:10:00
2017-05-12 18:50:00	69284	5.58	228.279	17.667	4.127	-1.09	-0.923	0.02	23.04	69289	2017-05-12 19:15:00
2017-05-12 21:50:00	69320	5.98	238.195	15.102	4.328	-2.12	-1.308	0.07	24.49	69325	2017-05-12 22:15:00
2017-05-12 22:20:00	69326	5.97	245.814	14.615	4.327	-2.612	-1.188	0.07	23.82	69331	2017-05-12 22:45:00
2017-05-12 22:50:00	69332	5.9	257.454	14.109	4.378	-3.093	-0.685	0.02	6.46	69337	2017-05-12 23:15:00
2017-05-12 23:20:00	69338	5.62	257.04	13.582	4.588	-2.907	-0.667	0.01	4.96	69343	2017-05-12 23:45:00
2017-05-12 23:50:00	69344	5.42	258.796	13.033	4.735	-2.843	-0.557	0.04	5.39	69349	2017-05-13 00:15:00
2017-05-13 01:15:00	69361	5.03	261.802	11.342	4.452	-3.08	-0.433	0.09	6.53	69366	2017-05-13 01:40:00
2017-05-13 02:20:00	69374	5.37	256.672	9.885	3.893	-1.818	-0.41	0.09	23.11	69379	2017-05-13 02:45:00
2017-05-13 13:35:00	69498	6.2	234.326	12.658	-2.107	-1.367	-0.965	0.10	17.80	69503	2017-05-13 14:00:00
2017-05-18 15:40:00	70903	5.02	312.767	11.552	-6.623	-3.22	2.978	0.04	12.57	70908	2017-05-18 16:05:00
2017-05-19 22:20:00	71208	6.25	280.711	23.94	3.792	-4.712	0.932	0.07	17.27	71213	2017-05-19 22:45:00
2017-05-21 00:15:00	71519	6.73	250.722	20.506	3.632	-3.185	-1.177	0.05	27.55	71524	2017-05-21 00:40:00
2017-05-21 01:10:00	71530	6.92	268.209	19.975	2.61	-3.988	-0.117	0.04	13.05	71535	2017-05-21 01:35:00
2017-05-21 05:40:00	71584	6.03	253.786	16.785	1.69	-4.98	-1.458	0.04	27.98	71589	2017-05-21 06:05:00
2017-05-21 06:35:00	71595	5.72	253.356	15.998	4.75	-2.562	-0.802	0.02	27.77	71600	2017-05-21 07:00:00
2017-05-21 10:45:00	71624	5.97	257.073	11.619	2.71	-3.008	-0.668	0.03	18.00	71629	2017-05-21 11:10:00
2017-05-21 20:30:00	71741	6.27	250.782	8.964	1.283	-4.615	-1.605	0.03	12.41	71746	2017-05-21 20:55:00
2017-05-21 21:10:00	71749	5.8	253.385	9.944	1.915	-4.538	-1.257	0.05	18.11	71754	2017-05-21 21:35:00
2017-05-22 14:35:00	71958	5.43	238.512	23.063	2.322	-4.117	-2.492	0.05	23.35	71963	2017-05-22 15:00:00
2017-05-22 15:20:00	71967	5.23	234.971	23.317	4.053	-2.99	-2.085	0.04	25.15	71972	2017-05-22 15:45:00
2017-05-22 16:05:00	71976	5.45	265.53	23.552	3.512	-3.985	-0.313	0.09	26.83	71981	2017-05-22 16:30:00
2017-05-23 10:40:00	72167	5.78	239.044	23.996	4.093	-1.753	-1.06	0.08	14.94	72172	2017-05-23 11:05:00
2017-05-23 12:10:00	72185	5.48	241.489	23.584	3.923	-1.45	-0.777	0.07	27.88	72190	2017-05-23 12:35:00
2017-05-23 13:05:00	72196	5.88	254.347	23.297	2.715	-2.967	-0.842	0.07	29.15	72201	2017-05-23 13:30:00
2017-05-23 13:45:00	72204	6.25	230.885	23.071	0.612	-2.945	-2.392	0.10	12.24	72209	2017-05-23 14:10:00
2017-05-23 16:40:00	72239	6.05	250.311	21.903	1.925	-3.378	-1.205	0.04	9.17	72244	2017-05-23 17:05:00
2017-05-23 17:10:00	72245	6.2	248.211	21.672	1.283	-3.608	-1.45	0.01	6.81	72250	2017-05-23 17:35:00
2017-05-23 19:25:00	72272	6.48	250.872	20.512	0.177	-3.77	-1.302	0.07	13.14	72277	2017-05-23 19:50:00
2017-05-23 19:55:00	72278	6.38	234.751	20.226	-0.302	-3.157	-2.225	0.02	18.47	72283	2017-05-23 20:20:00
2017-05-23 20:25:00	72284	6.45	238.999	19.93	0.667	-3.013	-1.817	0.06	13.32	72289	2017-05-23 20:50:00
2017-05-23 21:25:00	72296	6.47	241.714	19.304	0.603	-3.035	-1.628	0.05	27.45	72301	2017-05-23 21:50:00
2017-05-23 21:55:00	72302	6.37	246.173	18.973	0.828	-3.143	-1.385	0.06	26.61	72307	2017-05-23 22:20:00
2017-05-23 23:15:00	72318	6.75	266.022	18.031	1.028	-3.14	-0.218	0.03	20.73	72323	2017-05-23 23:40:00
2017-05-24 02:20:00	72355	6.67	301.51	15.472	2.643	-1.325	0.785	0.09	29.91	72360	2017-05-24 02:45:00
2017-05-24 04:50:00	72385	6.78	264.499	12.908	2.375	-1.98	-0.195	0.04	24.94	72390	2017-05-24 05:15:00
2017-05-24 05:35:00	72394	6.95	291.222	12.029	1.357	-2.498	0.993	0.06	29.62	72399	2017-05-24 06:00:00
2017-05-24 06:40:00	72407	6.58	303.042	10.647	2.333	-1.915	1.255	0.05	26.76	72412	2017-05-24 07:05:00
2017-05-24 14:30:00	72501	6.48	248.462	7.076	2.143	-1.955	-0.788	0.06	20.23	72506	2017-05-24 14:55:00
2017-05-24 15:00:00	72507	6.75	249.301	7.934	1.32	-2.402	-0.907	0.06	8.01	72512	2017-05-24 15:25:00
2017-05-24 16:40:00	72527	6.82	250.612	10.435	0.843	-2.428	-0.857	0.07	10.68	72532	2017-05-24 17:05:00
2017-05-24 17:10:00	72533	6.8	244.955	11.101	0.825	-2.215	-1.028	0.06	14.29	72538	2017-05-24 17:35:00
2017-05-24 18:00:00	72543	6.08	250.674	12.142	2.642	-1.232	-0.43	0.06	6.37	72548	2017-05-24 18:25:00
2017-05-24 18:30:00	72549	6.28	240.852	12.729	2.548	-1.085	-0.61	0.02	29.79	72554	2017-05-24 18:55:00
2017-05-24 19:00:00	72555	6.02	229.778	13.292	2.563	-0.898	-0.753	0.01	13.77	72560	2017-05-24 19:25:00
2017-05-24 19:30:00	72561	6.5	245.407	13.832	1.743	-1.683	-0.772	0.05	2.77	72566	2017-05-24 19:55:00
2017-05-24 20:00:00	72567	6.5	235.308	14.35	1.775	-1.585	-1.095	0.08	9.46	72572	2017-05-24 20:25:00
2017-05-24 20:30:00	72573	6.42	227.307	14.848	2.062	-1.288	-1.2	0.06	9.73	72578	2017-05-24 20:55:00
2017-05-24 21:00:00	72579	6.33	225.462	15.327	2.087	-1.273	-1.237	0.05	14.89	72584	2017-05-24 21:25:00
2017-05-25 11:30:00	72691	6.55	261.603	23.649	-1.563	-2.567	-0.348	0.06	22.71	72696	2017-05-25 11:55:00
2017-05-25 12:30:00	72703	6.05	287.421	23.927	-3.182	-1.69	0.6	0.07	23.04	72708	2017-05-25 12:55:00
2017-05-26 07:00:00	72923	5.92	286.821	23.72	1.753	-2.772	0.838	0.04	13.71	72928	2017-05-26 07:25:00
2017-05-26 07:30:00	72929	5.83	286.979	23.573	1.385	-3.015	0.925	0.04	15.03	72934	2017-05-26 07:55:00
2017-05-26 08:05:00	72936	5.48	295.381	23.392	2.255	-2.787	1.305	0.09	15.41	72941	2017-05-26 08:30:00
2017-05-26 11:35:00	72978	6.28	259.156	22.061	-1.257	-2.712	-0.52	0.09	28.34	72983	2017-05-26 12:00:00
2017-05-26 12:40:00	72991	6.05	270.853	21.561	0.998	-2.743	0.042	0.07	19.28	72996	2017-05-26 13:05:00
2017-05-26 13:20:00	72999	5.97	288.136	21.231	1.557	-2.323	0.787	0.04	23.41	73004	2017-05-26 13:45:00
2017-05-26 13:50:00	73005	5.87	280.536	20.972	2.05	-2.06	0.375	0.05	15.25	73010	2017-05-26 14:15:00
2017-05-26 14:20:00	73011	5.87	270.734	20.703	2.34	-2.002	0.045	0.04	22.14	73016	2017-05-26 14:45:00
2017-05-26 14:50:00	73017	5.97	249.33	20.424	2.157	-2.063	-0.792	0.03	22.78	73022	2017-05-26 15:15:00
2017-05-26 15:20:00	73023	5.82	276.622	20.134	2.878	-1.55	0.197	0.05	18.94	73028	2017-05-26 15:45:00
2017-05-26 15:50:00	73029	5.87	274.413	19.834	2.385	-2.127	0.157	0.04	6.96	73034	2017-05-26 16:15:00
2017-05-26 16:20:00	73035	5.9	275.85	19.522	2.107	-2.383	0.248	0.03	6.50	73040	2017-05-26 16:45:00
2017-05-26 16:50:00	73041	5.9	266.544	19.199	1.952	-2.402	-0.14	0.03	18.22	73046	2017-05-26 17:15:00
2017-05-26 17:20:00	73047	5.98	241.164	18.864	0.947	-2.492	-1.39	0.06	20.57	73052	2017-05-26 17:45:00
2017-05-26 17:50:00	73053	6.02	242.415	18.516	0.883	-2.515	-1.325	0.03	11.36	73058	2017-05-26 18:15:00
2017-05-26 23:45:00	73123	5.72	226.617	13.275	-0.122	-2.04	-1.935	0.05	22.31	73128	2017-05-27 00:10:00
2017-05-27 02:15:00	73153	5.73	254.726	10.179	1.147	-2.385	-0.64	0.09	27.79	73158	2017-05-27 02:40:00
2017-05-27 02:50:00	73160	5.75	269.983	9.34	-0.722	-2.805	-0.013	0.10	24.74	73165	2017-05-27 03:15:00
2017-05-27 03:20:00	73166	5.77	275.142	8.574	-0.05	-2.482	0.225	0.07	9.54	73171	2017-05-27 03:45:00
2017-05-27 10:30:00	73252	5.78	274.884	8.388	-0.223	-2.595	0.222	0.08	22.23	73257	2017-05-27 10:55:00
2017-05-27 11:00:00	73258	5.88	278.537	9.165	-0.262	-2.617	0.395	0.01	21.20	73263	2017-05-27 11:25:00
2017-05-27 11:30:00	73264	5.9	268.346	9.897	0.222	-2.638	-0.082	0.07	24.93	73269	2017-05-27 11:55:00
2017-05-27 14:15:00	73297	5.87	264.697	13.33	-1.552	-2.63	-0.24	0.10	25.11	73302	2017-05-27 14:40:00
2017-05-30 07:25:00	74064	5.87	285.066	10.808	3.578	-5.758	1.535	0.07	11.14	74069	2017-05-30 07:50:00
