Start_str	Start_ind	Mgs#_avg	Clang_avg	Rmag_avg	Bx_avg(nT)	By_avg(nT)	Bz_avg(nT)	Bdeviat	Dtheta	End_ind	End_str
2019-09-17 07:15:00	4513	5.88	284.799	9.618	-0.28	-4.797	1.262	0.06	7.48	4518	2019-09-17 07:40:00
2019-09-17 15:00:00	4606	5.13	294.556	7.924	2.822	-3.96	1.79	0.03	9.21	4611	2019-09-17 15:25:00
2019-09-17 15:30:00	4612	5.03	294.403	8.73	2.95	-3.825	1.777	0.02	22.56	4617	2019-09-17 15:55:00
2019-09-17 16:25:00	4623	5.12	235.839	10.102	3.665	-2.655	-1.76	0.06	23.84	4628	2019-09-17 16:50:00
2019-09-20 09:35:00	5404	6.17	251.279	19.678	-1.085	-2.295	-0.712	0.04	24.22	5409	2019-09-20 10:00:00
2019-09-23 18:20:00	6282	5.32	270.937	21.969	1.752	-4.377	0.052	0.10	27.14	6287	2019-09-23 18:45:00
2019-09-23 19:00:00	6290	5.2	306.652	21.548	1.94	-3.513	2.602	0.10	24.41	6295	2019-09-23 19:25:00
2019-09-23 19:30:00	6296	5.32	308.62	21.222	1.105	-3.432	2.728	0.05	23.86	6301	2019-09-23 19:55:00
2019-09-27 09:55:00	7310	6.85	295.683	19.602	4.735	-3.538	1.693	0.09	20.98	7315	2019-09-27 10:20:00
2019-10-14 15:05:00	11684	5.02	240.77	23.879	1.73	-5.528	-3.12	0.05	28.19	11689	2019-10-14 15:30:00
2019-10-14 17:00:00	11707	5.68	267.862	22.863	0.49	-6.105	-0.185	0.09	28.66	11712	2019-10-14 17:25:00
2019-10-14 17:30:00	11713	5.67	271.275	22.579	0.287	-6.608	0.155	0.04	14.06	11718	2019-10-14 17:55:00
2019-10-14 18:00:00	11719	5.87	259.61	22.286	-0.757	-6.325	-1.16	0.02	11.99	11724	2019-10-14 18:25:00
2019-10-14 19:40:00	11739	5.13	244.144	21.247	-2.017	-5.883	-2.842	0.09	11.76	11744	2019-10-14 20:05:00
2019-10-14 20:10:00	11745	5.13	256.781	20.915	-0.683	-6.688	-1.568	0.03	15.99	11750	2019-10-14 20:35:00
2019-10-14 20:40:00	11751	5.05	257.909	20.574	0.242	-7.05	-1.508	0.03	4.98	11756	2019-10-14 21:05:00
2019-10-14 22:45:00	11776	5.03	289.591	19.042	2.002	-6.698	2.385	0.05	14.93	11781	2019-10-14 23:10:00
2019-10-14 23:15:00	11782	5.23	306.961	18.646	1.43	-5.682	4.28	0.07	8.18	11787	2019-10-14 23:40:00
2019-10-15 03:10:00	11829	6.03	305.805	15.092	0.295	-3.282	2.368	0.06	5.65	11834	2019-10-15 03:35:00
2019-10-15 19:05:00	12020	5.03	310.012	12.839	-1.46	-5.508	4.632	0.08	23.47	12025	2019-10-15 19:30:00
2019-10-19 06:30:00	13017	6.57	278.358	12.167	1.872	-3.738	0.558	0.09	14.86	13022	2019-10-19 06:55:00
2019-10-22 16:15:00	13911	6.4	254.371	8.972	1.465	-1.93	-0.508	0.07	28.07	13916	2019-10-22 16:40:00
2019-10-22 22:05:00	13981	6.17	287.81	15.988	0.758	-3.105	0.99	0.10	18.89	13986	2019-10-22 22:30:00
2019-10-29 22:10:00	15794	6.38	290.901	15.978	-1.275	-5.848	2.233	0.05	8.91	15799	2019-10-29 22:35:00
2019-10-29 22:40:00	15800	6.42	293.589	16.453	-0.913	-5.988	2.573	0.07	24.23	15805	2019-10-29 23:05:00
2019-10-29 23:10:00	15806	6.02	289.378	16.913	-0.683	-6.683	2.35	0.06	8.49	15811	2019-10-29 23:35:00
2019-10-29 23:40:00	15812	5.8	290.224	17.358	-1.128	-6.95	2.567	0.03	7.54	15817	2019-10-30 00:05:00
2019-10-30 00:20:00	15820	5.97	296.571	17.932	0.502	-6.835	3.402	0.07	7.41	15825	2019-10-30 00:45:00
2019-10-30 00:50:00	15826	5.93	291.947	18.348	0.272	-7.247	2.937	0.07	10.51	15831	2019-10-30 01:15:00
2019-10-30 01:20:00	15832	5.85	299.29	18.751	-0.057	-7.467	4.192	0.05	4.68	15837	2019-10-30 01:45:00
2019-10-30 01:50:00	15838	5.83	290.11	19.143	1.05	-8.185	3.0	0.02	15.08	15843	2019-10-30 02:15:00
2019-10-30 02:25:00	15845	5.35	290.77	19.586	1.148	-8.9	3.393	0.09	22.85	15850	2019-10-30 02:50:00
2019-10-30 05:55:00	15887	5.03	277.069	21.954	-1.545	-10.698	1.333	0.04	10.02	15892	2019-10-30 06:20:00
2019-11-01 03:20:00	16389	6.17	289.727	23.734	3.603	-2.155	0.773	0.08	6.71	16394	2019-11-01 03:45:00
2019-11-01 03:50:00	16395	5.98	299.696	23.477	4.167	-1.278	0.717	0.05	28.66	16400	2019-11-01 04:15:00
2019-11-01 14:00:00	16517	6.12	293.711	16.239	2.643	-2.042	0.878	0.04	12.57	16522	2019-11-01 14:25:00
2019-11-01 14:30:00	16523	5.7	287.909	15.758	3.033	-2.147	0.695	0.05	9.47	16528	2019-11-01 14:55:00
2019-11-01 15:05:00	16530	5.8	294.709	15.175	2.175	-2.668	1.218	0.07	27.95	16535	2019-11-01 15:30:00
2019-11-01 16:35:00	16547	6.63	271.09	13.569	-1.487	-2.962	0.085	0.03	28.61	16552	2019-11-01 17:00:00
2019-11-01 17:40:00	16560	5.47	304.67	12.296	0.938	-3.245	2.225	0.06	27.62	16565	2019-11-01 18:05:00
2019-11-01 18:20:00	16568	5.72	306.207	11.457	1.895	-2.457	1.773	0.06	24.82	16573	2019-11-01 18:45:00
2019-11-01 19:20:00	16580	5.82	283.57	10.108	3.133	-1.643	0.413	0.07	23.71	16585	2019-11-01 19:45:00
2019-11-01 19:50:00	16586	5.82	281.431	9.386	2.547	-2.195	0.442	0.06	14.92	16591	2019-11-01 20:15:00
2019-11-01 20:45:00	16597	5.83	309.891	7.963	1.975	-2.023	1.688	0.04	28.78	16602	2019-11-01 21:10:00
2019-11-02 08:10:00	16711	6.42	303.853	14.034	0.733	-2.137	1.418	0.10	22.48	16716	2019-11-02 08:35:00
2019-11-02 08:40:00	16717	6.52	314.596	14.572	0.88	-1.973	1.892	0.08	23.95	16722	2019-11-02 09:05:00
2019-11-02 09:40:00	16729	6.53	300.242	15.595	-0.452	-2.742	1.593	0.04	17.71	16734	2019-11-02 10:05:00
2019-11-02 10:10:00	16735	6.23	296.372	16.082	-0.248	-2.955	1.465	0.04	13.79	16740	2019-11-02 10:35:00
2019-11-02 10:40:00	16741	6.23	296.571	16.554	-0.615	-2.997	1.497	0.03	11.69	16746	2019-11-02 11:05:00
2019-11-02 11:10:00	16747	6.27	297.937	17.011	-1.017	-2.818	1.492	0.06	12.67	16752	2019-11-02 11:35:00
2019-11-02 11:40:00	16753	6.37	300.501	17.455	-1.593	-2.662	1.565	0.03	5.57	16758	2019-11-02 12:05:00
2019-11-02 12:10:00	16759	6.4	305.127	17.885	-1.403	-2.438	1.715	0.08	2.85	16764	2019-11-02 12:35:00
2019-11-02 12:40:00	16765	6.53	312.65	18.302	-1.103	-2.133	1.97	0.05	13.24	16770	2019-11-02 13:05:00
2019-11-02 17:50:00	16808	5.75	300.334	21.975	3.1	-0.875	0.52	0.03	29.42	16813	2019-11-02 18:15:00
2019-11-02 18:25:00	16815	5.73	260.651	22.325	2.99	-1.188	-0.242	0.04	29.89	16820	2019-11-02 18:50:00
2019-11-02 20:35:00	16840	6.45	269.0	23.528	1.052	-3.477	-0.057	0.08	8.25	16845	2019-11-02 21:00:00
2019-11-08 04:05:00	18244	6.52	285.388	23.477	-2.947	-0.837	0.245	0.09	26.77	18249	2019-11-08 04:30:00
2019-11-11 15:05:00	19240	5.03	236.934	23.924	-0.145	-9.37	-6.087	0.03	17.24	19245	2019-11-11 15:30:00
2019-11-11 21:55:00	19322	5.1	275.11	19.78	2.038	-11.265	0.995	0.07	10.81	19327	2019-11-11 22:20:00
2019-11-11 22:25:00	19328	5.25	276.707	19.408	2.473	-11.127	1.293	0.09	8.00	19333	2019-11-11 22:50:00
2019-11-12 00:00:00	19347	5.33	267.851	18.156	1.233	-11.452	-0.43	0.01	6.05	19352	2019-11-12 00:25:00
2019-11-18 16:45:00	21232	6.27	276.893	23.123	1.562	-3.508	0.427	0.05	15.37	21237	2019-11-18 17:10:00
2019-11-18 19:55:00	21270	6.2	291.211	21.237	0.492	-3.415	1.308	0.03	28.65	21275	2019-11-18 20:20:00
2019-11-18 20:25:00	21276	6.12	297.778	20.906	1.657	-2.942	1.547	0.01	15.36	21281	2019-11-18 20:50:00
2019-11-18 21:05:00	21284	6.1	268.332	20.451	0.207	-4.03	-0.12	0.07	16.75	21289	2019-11-18 21:30:00
2019-11-18 23:50:00	21317	6.05	289.517	18.376	1.338	-3.225	1.097	0.06	29.57	21322	2019-11-19 00:15:00
2019-11-19 00:20:00	21323	6.1	278.784	17.961	-0.557	-3.76	0.585	0.06	12.10	21328	2019-11-19 00:45:00
2019-11-19 06:25:00	21396	6.02	311.271	11.695	1.455	-2.0	1.725	0.08	23.71	21401	2019-11-19 06:50:00
2019-11-19 06:55:00	21402	5.97	303.285	11.046	0.473	-2.658	1.743	0.03	7.75	21407	2019-11-19 07:20:00
2019-11-19 07:25:00	21408	6.02	309.423	10.369	0.2	-2.447	2.01	0.07	19.55	21413	2019-11-19 07:50:00
2019-11-19 08:25:00	21420	5.92	307.766	8.917	0.748	-2.537	1.965	0.06	8.71	21425	2019-11-19 08:50:00
2019-11-19 09:20:00	21431	6.0	279.3	7.449	2.168	-2.463	0.427	0.06	26.45	21436	2019-11-19 09:45:00
2019-11-19 21:35:00	21558	6.5	297.08	15.214	0.96	-2.07	1.06	0.03	16.99	21563	2019-11-19 22:00:00
2019-11-19 22:30:00	21569	6.55	271.866	16.116	1.257	-1.893	0.067	0.06	27.27	21574	2019-11-19 22:55:00
2019-11-19 23:35:00	21582	6.22	295.015	17.116	1.717	-1.923	0.86	0.04	28.27	21587	2019-11-20 00:00:00
2019-11-20 00:15:00	21590	6.27	272.098	17.699	0.31	-2.782	0.103	0.07	19.60	21595	2019-11-20 00:40:00
2019-11-20 01:50:00	21609	6.2	237.56	18.993	1.682	-2.07	-1.312	0.06	15.26	21614	2019-11-20 02:15:00
2019-11-22 08:05:00	22260	5.97	288.079	21.164	-3.403	-2.682	0.875	0.03	26.29	22265	2019-11-22 08:30:00
2019-12-07 03:45:00	23061	5.77	277.441	7.298	1.182	-3.88	0.503	0.10	8.62	23066	2019-12-07 04:10:00
2019-12-07 05:20:00	23080	5.5	298.686	9.767	3.047	-1.9	1.037	0.07	28.28	23085	2019-12-07 05:45:00
2019-12-07 05:50:00	23086	5.73	270.801	10.469	1.785	-3.383	0.06	0.08	16.34	23091	2019-12-07 06:15:00
2019-12-07 07:40:00	23108	6.37	261.925	12.802	-0.632	-3.287	-0.47	0.06	26.12	23113	2019-12-07 08:05:00
2019-12-07 08:10:00	23114	6.32	273.011	13.382	-0.91	-3.3	0.202	0.08	24.56	23119	2019-12-07 08:35:00
2019-12-07 08:45:00	23121	5.98	259.531	14.032	-0.403	-3.917	-0.728	0.09	8.78	23126	2019-12-07 09:10:00
2019-12-07 11:25:00	23153	5.32	264.841	16.699	1.005	-4.153	-0.368	0.03	17.61	23158	2019-12-07 11:50:00
2019-12-07 20:00:00	23256	5.82	259.163	22.875	2.25	-2.172	-0.417	0.09	10.84	23261	2019-12-07 20:25:00
2019-12-09 15:15:00	23748	5.8	308.595	23.99	3.195	-2.598	2.063	0.08	17.67	23753	2019-12-09 15:40:00
2019-12-09 18:15:00	23763	5.58	277.473	22.381	2.933	-3.788	0.488	0.04	10.41	23768	2019-12-09 18:40:00
2019-12-09 23:50:00	23827	5.0	312.301	18.532	4.16	-3.787	3.492	0.09	20.00	23832	2019-12-10 00:15:00
2019-12-10 15:35:00	23974	5.88	302.734	7.133	1.708	-4.6	2.948	0.03	14.35	23979	2019-12-10 16:00:00
2019-12-11 08:10:00	24111	6.65	290.471	23.017	2.143	-2.862	1.062	0.10	13.40	24116	2019-12-11 08:35:00
2019-12-11 09:35:00	24128	5.63	313.832	23.763	5.085	-2.423	2.315	0.04	10.11	24133	2019-12-11 10:00:00
2019-12-13 08:20:00	24639	6.22	268.326	21.137	1.123	-3.065	-0.088	0.07	11.42	24644	2019-12-13 08:45:00
2019-12-13 11:55:00	24682	6.03	271.719	18.521	2.65	-1.735	0.06	0.09	23.68	24687	2019-12-13 12:20:00
2019-12-13 12:30:00	24689	6.25	259.924	18.041	2.335	-1.733	-0.318	0.10	19.33	24694	2019-12-13 12:55:00
2019-12-13 14:20:00	24711	6.55	270.014	16.418	2.003	-1.91	-0.01	0.03	15.92	24716	2019-12-13 14:45:00
2019-12-14 03:35:00	24870	5.48	313.506	7.075	5.417	-0.945	0.9	0.06	12.84	24875	2019-12-14 04:00:00
2019-12-14 10:00:00	24947	5.95	301.206	15.396	3.92	-1.313	0.765	0.06	22.58	24952	2019-12-14 10:25:00
2019-12-14 10:30:00	24953	6.02	295.294	15.89	3.37	-2.402	1.177	0.09	17.05	24958	2019-12-14 10:55:00
2019-12-14 15:45:00	25016	5.22	308.626	20.249	5.237	-2.195	1.77	0.06	26.40	25021	2019-12-14 16:10:00
2019-12-14 17:40:00	25039	5.32	287.455	21.536	4.13	-4.625	1.44	0.06	6.46	25044	2019-12-14 18:05:00
2019-12-14 21:00:00	25045	5.97	279.475	23.463	3.978	-4.227	0.647	0.10	14.28	25050	2019-12-14 21:25:00
2019-12-14 21:35:00	25052	5.03	274.348	23.763	4.035	-5.707	0.343	0.08	17.57	25057	2019-12-14 22:00:00
2019-12-16 15:35:00	25504	5.83	245.194	23.948	1.852	-2.713	-1.258	0.04	23.36	25509	2019-12-16 16:00:00
2019-12-16 16:05:00	25510	5.78	270.508	23.697	1.553	-3.403	0.025	0.03	19.08	25515	2019-12-16 16:30:00
2019-12-16 16:35:00	25516	5.85	275.869	23.438	1.295	-3.305	0.347	0.09	14.81	25521	2019-12-16 17:00:00
2019-12-16 17:15:00	25524	6.22	245.279	23.081	-1.263	-2.792	-1.282	0.07	19.58	25529	2019-12-16 17:40:00
2019-12-16 17:45:00	25530	6.12	256.202	22.804	-0.59	-3.265	-0.798	0.03	9.91	25535	2019-12-16 18:10:00
2019-12-16 18:15:00	25536	5.97	254.176	22.518	0.848	-3.243	-0.915	0.06	21.17	25541	2019-12-16 18:40:00
2019-12-17 21:45:00	25782	6.28	314.879	15.011	1.695	-2.018	2.02	0.07	18.24	25787	2019-12-17 22:10:00
2019-12-27 03:40:00	27864	6.18	254.112	23.971	-1.598	-2.893	-0.822	0.07	17.15	27869	2019-12-27 04:05:00
2019-12-27 07:15:00	27907	5.53	246.112	21.998	-1.743	-4.377	-1.938	0.10	9.19	27912	2019-12-27 07:40:00
2019-12-27 07:45:00	27913	5.67	259.762	21.689	-1.57	-4.655	-0.84	0.05	13.38	27918	2019-12-27 08:10:00
2019-12-27 08:15:00	27919	5.67	277.003	21.37	-0.227	-4.55	0.548	0.05	19.46	27924	2019-12-27 08:40:00
2019-12-27 14:20:00	27977	5.77	298.993	16.658	1.882	-3.03	1.668	0.08	25.51	27982	2019-12-27 14:45:00
2019-12-27 14:50:00	27983	6.08	279.925	16.189	-1.163	-3.363	0.587	0.08	22.68	27988	2019-12-27 15:15:00
2019-12-27 15:55:00	27996	6.15	283.204	15.119	-0.85	-3.525	0.828	0.07	22.16	28001	2019-12-27 16:20:00
2019-12-27 16:25:00	28002	6.07	278.456	14.599	-1.4	-3.705	0.56	0.06	17.74	28007	2019-12-27 16:50:00
2019-12-27 17:00:00	28009	6.08	257.661	13.969	-0.582	-3.548	-0.782	0.10	15.82	28014	2019-12-27 17:25:00
2019-12-27 17:30:00	28015	6.35	271.201	13.408	-1.547	-3.177	0.052	0.07	26.62	28020	2019-12-27 17:55:00
2019-12-27 18:00:00	28021	6.28	312.292	12.826	-1.527	-2.648	2.408	0.03	13.00	28026	2019-12-27 18:25:00
2019-12-27 20:00:00	28045	6.22	296.965	10.251	-0.835	-3.242	1.662	0.04	29.59	28050	2019-12-27 20:25:00
2019-12-27 20:30:00	28051	6.28	309.366	9.533	-1.043	-2.715	2.228	0.07	4.05	28056	2019-12-27 20:55:00
2019-12-27 21:25:00	28062	6.13	271.135	8.121	-2.733	-2.64	0.052	0.05	7.62	28067	2019-12-27 21:50:00
2019-12-28 05:45:00	28162	6.05	292.714	10.135	1.398	-3.087	1.3	0.08	13.50	28167	2019-12-28 06:10:00
2019-12-28 06:15:00	28168	6.18	278.249	10.825	0.725	-3.107	0.448	0.08	28.37	28173	2019-12-28 06:40:00
2019-12-28 09:25:00	28206	6.38	280.454	14.6	-1.293	-2.697	0.495	0.06	21.90	28211	2019-12-28 09:50:00
2019-12-28 12:00:00	28213	6.43	289.028	17.115	-1.5	-2.588	0.892	0.06	11.97	28218	2019-12-28 12:25:00
2019-12-28 12:30:00	28219	6.43	279.694	17.556	-1.197	-2.937	0.512	0.03	20.70	28224	2019-12-28 12:55:00
2019-12-28 13:05:00	28226	6.18	285.133	18.054	-0.267	-3.457	0.933	0.09	19.07	28231	2019-12-28 13:30:00
2019-12-28 13:35:00	28232	6.23	278.438	18.467	0.943	-3.46	0.515	0.10	16.78	28237	2019-12-28 14:00:00
2019-12-28 14:05:00	28238	6.03	288.221	18.868	2.007	-3.075	1.01	0.05	14.62	28243	2019-12-28 14:30:00
2019-12-28 14:35:00	28244	6.03	290.154	19.258	1.793	-3.085	1.132	0.09	11.30	28249	2019-12-28 15:00:00
2019-12-28 15:05:00	28250	6.22	304.3	19.636	2.53	-1.903	1.29	0.08	9.31	28255	2019-12-28 15:30:00
2019-12-28 20:45:00	28318	6.0	284.678	23.246	-2.583	-2.295	0.605	0.03	7.35	28323	2019-12-28 21:10:00
2019-12-28 21:15:00	28324	6.0	272.834	23.512	-1.9	-2.668	0.1	0.03	12.34	28329	2019-12-28 21:40:00
2019-12-28 21:45:00	28330	6.07	276.674	23.769	-1.782	-2.463	0.258	0.05	17.07	28335	2019-12-28 22:10:00
2019-12-30 16:00:00	28831	5.03	289.774	23.973	0.763	-5.137	1.847	0.06	8.83	28836	2019-12-30 16:25:00
2019-12-30 20:15:00	28882	5.0	286.676	21.583	1.585	-7.04	2.105	0.01	11.65	28887	2019-12-30 20:40:00
2019-12-30 20:45:00	28888	5.3	299.577	21.262	2.368	-6.275	3.563	0.09	24.80	28893	2019-12-30 21:10:00
2019-12-31 06:25:00	29003	6.58	251.043	12.733	2.247	-1.445	-0.498	0.03	14.46	29008	2019-12-31 06:50:00
2020-01-01 03:30:00	29256	5.3	231.767	19.665	3.423	-1.367	-1.087	0.08	22.40	29261	2020-01-01 03:55:00
2020-01-01 05:30:00	29280	5.52	304.965	21.068	3.625	-1.567	1.098	0.07	5.45	29285	2020-01-01 05:55:00
2020-01-01 06:10:00	29288	5.0	257.198	21.502	3.137	-2.678	-0.62	0.04	21.95	29293	2020-01-01 06:35:00
2020-01-01 06:40:00	29294	5.07	241.849	21.816	2.875	-2.678	-1.462	0.07	28.17	29299	2020-01-01 07:05:00
2020-01-03 15:10:00	29963	5.12	261.916	16.2	0.66	-6.107	-0.882	0.09	25.16	29968	2020-01-03 15:35:00
2020-01-04 10:10:00	30191	5.82	261.295	14.949	0.333	-3.783	-0.575	0.06	20.88	30196	2020-01-04 10:35:00
2020-01-04 10:40:00	30197	5.53	248.273	15.456	0.792	-3.567	-1.43	0.07	19.39	30202	2020-01-04 11:05:00
2020-01-04 11:10:00	30203	5.35	241.972	15.947	1.068	-3.507	-1.867	0.04	5.64	30208	2020-01-04 11:35:00
2020-01-04 11:40:00	30209	5.57	242.899	16.423	1.32	-3.738	-1.912	0.04	7.81	30214	2020-01-04 12:05:00
2020-01-04 12:10:00	30215	5.9	248.378	16.884	-0.233	-4.117	-1.632	0.02	3.54	30220	2020-01-04 12:35:00
2020-01-04 12:40:00	30221	5.95	248.864	17.331	-0.103	-4.012	-1.552	0.03	6.93	30226	2020-01-04 13:05:00
2020-01-04 13:45:00	30234	5.65	247.31	18.254	-0.767	-4.877	-2.033	0.08	11.89	30239	2020-01-04 14:10:00
2020-01-04 14:45:00	30246	5.13	234.626	19.055	0.505	-5.045	-3.577	0.06	9.62	30251	2020-01-04 15:10:00
2020-01-04 15:15:00	30252	5.23	233.621	19.438	0.183	-5.197	-3.833	0.03	8.69	30257	2020-01-04 15:40:00
2020-01-07 22:35:00	31157	5.93	311.777	15.385	3.66	-0.893	0.812	0.05	16.60	31162	2020-01-07 23:00:00
2020-01-08 00:00:00	31174	6.13	247.756	16.745	2.32	-1.648	-0.677	0.06	5.32	31179	2020-01-08 00:25:00
2020-01-08 02:35:00	31205	6.03	265.557	18.938	0.09	-3.57	-0.253	0.08	17.48	31210	2020-01-08 03:00:00
2020-01-08 03:20:00	31214	6.12	243.179	19.514	1.235	-2.07	-0.987	0.08	18.47	31219	2020-01-08 03:45:00
2020-01-10 10:55:00	31850	6.05	267.764	19.878	0.733	-5.512	-0.15	0.09	26.28	31855	2020-01-10 11:20:00
2020-01-10 18:40:00	31943	6.92	240.35	12.625	1.498	-2.802	-1.59	0.01	10.75	31948	2020-01-10 19:05:00
2020-01-11 06:25:00	32084	5.13	291.757	10.359	4.4	-1.507	0.61	0.05	8.50	32089	2020-01-11 06:50:00
2020-01-11 10:30:00	32096	5.22	293.706	15.197	2.762	-3.173	1.372	0.07	29.90	32101	2020-01-11 10:55:00
2020-01-11 11:35:00	32109	5.4	305.636	16.261	2.717	-2.818	1.968	0.05	19.71	32114	2020-01-11 12:00:00
2020-01-11 12:10:00	32116	5.65	301.752	16.805	0.19	-4.3	2.653	0.09	16.75	32121	2020-01-11 12:35:00
2020-01-11 12:40:00	32122	5.73	293.711	17.255	-0.258	-4.577	2.008	0.06	9.80	32127	2020-01-11 13:05:00
2020-01-11 13:20:00	32130	5.68	295.349	17.834	0.853	-3.792	1.757	0.04	20.41	32135	2020-01-11 13:45:00
2020-01-11 15:20:00	32154	5.8	292.878	19.441	-2.837	-3.92	1.668	0.07	16.97	32159	2020-01-11 15:45:00
2020-01-20 19:25:00	34748	6.0	227.076	22.364	0.407	-1.432	-1.327	0.09	13.63	34753	2020-01-20 19:50:00
2020-01-20 20:35:00	34762	5.98	265.201	21.654	0.77	-1.728	-0.145	0.07	10.92	34767	2020-01-20 21:00:00
2020-01-20 21:05:00	34768	5.98	258.349	21.335	0.872	-1.58	-0.305	0.04	16.56	34773	2020-01-20 21:30:00
2020-01-20 21:35:00	34774	6.0	256.184	21.007	1.082	-1.38	-0.332	0.03	18.45	34779	2020-01-20 22:00:00
2020-01-20 22:05:00	34780	5.95	252.842	20.669	1.222	-1.275	-0.393	0.04	25.26	34785	2020-01-20 22:30:00
2020-01-20 22:45:00	34788	5.92	234.769	20.203	1.313	-1.04	-0.717	0.10	21.93	34793	2020-01-20 23:10:00
2020-01-21 00:55:00	34814	6.2	240.628	18.558	0.572	-1.022	-0.582	0.09	19.89	34819	2020-01-21 01:20:00
2020-01-21 01:35:00	34822	6.2	237.816	18.009	0.648	-0.802	-0.515	0.06	21.12	34827	2020-01-21 02:00:00
2020-01-22 01:40:00	35111	5.1	231.341	17.854	3.843	-4.31	-3.508	0.08	29.37	35116	2020-01-22 02:05:00
2020-01-24 04:40:00	35703	5.07	250.806	23.969	1.377	-3.423	-1.187	0.06	16.48	35708	2020-01-24 05:05:00
2020-01-24 05:25:00	35712	5.03	263.95	23.589	1.492	-3.848	-0.412	0.05	9.62	35717	2020-01-24 05:50:00
2020-01-24 05:55:00	35718	5.1	273.731	23.326	1.152	-3.788	0.245	0.03	11.21	35723	2020-01-24 06:20:00
2020-01-24 06:55:00	35730	6.28	279.884	22.776	-0.605	-3.112	0.52	0.09	23.63	35735	2020-01-24 07:20:00
2020-01-24 07:25:00	35736	6.25	265.075	22.489	-0.42	-3.277	-0.278	0.09	23.78	35741	2020-01-24 07:50:00
2020-01-24 07:55:00	35742	6.37	275.071	22.194	-0.462	-3.087	0.272	0.06	10.51	35747	2020-01-24 08:20:00
2020-01-24 08:25:00	35748	6.38	260.678	21.889	0.437	-3.017	-0.493	0.06	12.20	35753	2020-01-24 08:50:00
2020-01-24 08:55:00	35754	6.33	266.431	21.576	0.83	-3.172	-0.2	0.10	13.84	35759	2020-01-24 09:20:00
2020-01-24 09:40:00	35763	6.15	274.09	21.09	-0.338	-3.558	0.255	0.08	8.27	35768	2020-01-24 10:05:00
2020-01-24 10:10:00	35769	6.33	275.586	20.753	-0.105	-3.337	0.328	0.06	12.25	35774	2020-01-24 10:35:00
2020-01-24 11:00:00	35779	6.2	261.908	20.171	-0.485	-3.513	-0.505	0.08	22.32	35784	2020-01-24 11:25:00
2020-01-24 11:30:00	35785	6.4	241.222	19.808	-0.557	-2.973	-1.632	0.10	8.52	35790	2020-01-24 11:55:00
2020-01-24 12:55:00	35802	6.28	271.144	18.721	-1.68	-2.667	0.088	0.08	23.74	35807	2020-01-24 13:20:00
2020-01-24 17:30:00	35857	6.18	277.168	14.49	-1.322	-3.192	0.413	0.09	28.10	35862	2020-01-24 17:55:00
2020-01-25 05:05:00	35995	5.17	263.632	7.628	-4.072	-3.337	-0.313	0.07	26.56	36000	2020-01-25 05:30:00
2020-01-25 06:05:00	36007	5.52	289.3	9.213	-1.903	-4.197	1.527	0.04	25.58	36012	2020-01-25 06:30:00
2020-01-25 07:15:00	36021	5.03	269.381	10.871	-2.993	-4.738	-0.052	0.07	4.79	36026	2020-01-25 07:40:00
2020-01-25 08:10:00	36032	5.05	281.344	12.059	-3.288	-4.245	0.845	0.09	24.32	36037	2020-01-25 08:35:00
2020-01-25 08:40:00	36038	5.15	269.83	12.67	-2.917	-4.275	-0.04	0.09	17.67	36043	2020-01-25 09:05:00
2020-01-27 17:30:00	36717	5.05	298.811	23.696	3.203	-1.333	0.735	0.04	19.62	36722	2020-01-27 17:55:00
2020-01-27 18:00:00	36723	5.0	312.127	23.436	3.267	-1.112	1.01	0.01	12.03	36728	2020-01-27 18:25:00
2020-01-27 22:55:00	36782	5.28	225.271	20.441	1.858	-2.517	-2.495	0.03	15.34	36787	2020-01-27 23:20:00
2020-01-28 01:20:00	36811	5.77	231.039	18.629	0.178	-3.023	-2.445	0.01	4.72	36816	2020-01-28 01:45:00
2020-01-28 02:15:00	36822	6.08	225.81	17.872	0.518	-2.272	-2.192	0.10	21.01	36827	2020-01-28 02:40:00
2020-01-28 09:00:00	36903	6.33	298.862	10.663	2.035	-2.038	1.123	0.02	2.66	36908	2020-01-28 09:25:00
2020-01-28 09:50:00	36913	6.32	308.499	9.484	1.945	-1.585	1.26	0.06	6.46	36918	2020-01-28 10:15:00
2020-01-28 17:05:00	36998	6.12	242.145	7.019	0.598	-3.013	-1.597	0.05	7.43	37003	2020-01-28 17:30:00
2020-01-28 17:45:00	37006	5.98	271.464	8.135	2.693	-2.137	0.027	0.08	15.89	37011	2020-01-28 18:10:00
2020-01-28 19:45:00	37030	5.5	251.852	11.051	3.867	-4.617	-1.52	0.05	23.37	37035	2020-01-28 20:10:00
2020-01-28 21:40:00	37053	5.42	272.711	13.407	5.903	-4.568	0.202	0.05	13.92	37058	2020-01-28 22:05:00
2020-01-29 09:20:00	37193	6.0	265.051	22.815	2.802	-4.532	-0.345	0.07	20.54	37198	2020-01-29 09:45:00
2020-01-29 10:00:00	37201	5.67	256.851	23.182	3.278	-5.693	-1.338	0.06	10.94	37206	2020-01-29 10:25:00
2020-01-29 10:30:00	37207	5.7	268.389	23.448	4.383	-4.44	-0.173	0.10	25.68	37212	2020-01-29 10:55:00
2020-01-29 11:00:00	37213	5.75	280.364	23.706	5.022	-4.525	0.827	0.08	8.63	37218	2020-01-29 11:25:00
2020-01-31 06:10:00	37731	5.68	235.512	23.347	4.182	-3.8	-2.652	0.07	28.86	37736	2020-01-31 06:35:00
2020-01-31 07:15:00	37744	5.6	265.649	22.754	5.275	-3.112	-0.272	0.08	18.89	37749	2020-01-31 07:40:00
2020-01-31 07:55:00	37752	5.77	275.898	22.37	4.458	-3.057	0.3	0.04	11.18	37757	2020-01-31 08:20:00
2020-01-31 08:25:00	37758	5.67	282.92	22.073	4.71	-2.068	0.477	0.04	20.43	37763	2020-01-31 08:50:00
2020-01-31 10:00:00	37777	6.0	228.831	21.071	-4.15	-1.55	-1.315	0.02	26.03	37782	2020-01-31 10:25:00
2020-01-31 13:00:00	37813	5.85	287.106	18.906	3.532	-2.257	0.672	0.09	29.94	37818	2020-01-31 13:25:00
2020-01-31 13:30:00	37819	5.72	299.32	18.508	4.108	-1.653	0.973	0.05	23.72	37824	2020-01-31 13:55:00
2020-01-31 14:05:00	37826	5.8	285.579	18.027	3.803	-1.777	0.445	0.10	26.51	37831	2020-01-31 14:30:00
2020-02-01 17:30:00	38081	5.95	266.985	20.36	-1.627	-4.698	-0.232	0.03	22.69	38086	2020-02-01 17:55:00
2020-02-01 19:15:00	38102	6.03	274.111	21.529	1.355	-4.47	0.327	0.10	11.81	38107	2020-02-01 19:40:00
2020-02-01 21:40:00	38131	6.32	248.711	22.962	1.127	-4.653	-1.812	0.08	18.20	38136	2020-02-01 22:05:00
2020-02-04 02:15:00	38721	6.22	230.332	17.935	-1.8	-3.397	-2.82	0.04	7.14	38726	2020-02-04 02:40:00
2020-02-04 06:05:00	38767	6.27	241.652	14.284	-1.033	-3.862	-2.078	0.07	6.11	38772	2020-02-04 06:30:00
2020-02-04 06:35:00	38773	6.2	243.442	13.736	-0.908	-4.078	-2.038	0.02	9.39	38778	2020-02-04 07:00:00
2020-02-04 20:15:00	38937	5.07	245.156	11.575	-1.912	-5.257	-2.427	0.05	9.00	38942	2020-02-04 20:40:00
2020-02-04 21:00:00	38946	5.1	230.528	12.508	-1.123	-4.448	-3.66	0.05	6.48	38951	2020-02-04 21:25:00
2020-02-04 21:30:00	38952	5.13	232.325	13.1	-1.683	-4.478	-3.458	0.03	4.22	38957	2020-02-04 21:55:00
2020-02-04 22:00:00	38958	5.28	227.103	13.671	-2.155	-3.685	-3.408	0.04	12.03	38963	2020-02-04 22:25:00
2020-02-05 03:40:00	39026	5.13	255.034	18.972	2.762	-4.307	-1.203	0.06	28.23	39031	2020-02-05 04:05:00
2020-02-05 05:40:00	39050	5.0	280.203	20.45	0.788	-6.055	1.088	0.04	23.21	39055	2020-02-05 06:05:00
2020-02-08 11:30:00	39982	6.8	251.503	15.103	2.003	-2.513	-0.808	0.06	24.74	39987	2020-02-08 11:55:00
2020-02-08 12:00:00	39988	6.68	240.425	15.606	2.34	-2.113	-1.215	0.04	19.43	39993	2020-02-08 12:25:00
2020-02-08 12:30:00	39994	6.93	241.912	16.092	1.758	-2.323	-1.24	0.06	4.74	39999	2020-02-08 12:55:00
2020-02-08 17:30:00	40054	6.58	231.971	20.221	0.812	-2.837	-2.245	0.06	27.62	40059	2020-02-08 17:55:00
2020-02-08 21:30:00	40102	6.6	274.183	22.761	1.032	-3.073	0.233	0.07	15.46	40107	2020-02-08 21:55:00
2020-02-10 17:25:00	40629	6.93	258.294	23.958	1.248	-2.44	-0.522	0.06	19.09	40634	2020-02-10 17:50:00
2020-02-15 05:50:00	41824	5.62	283.735	7.292	3.758	-1.573	0.377	0.05	10.93	41829	2020-02-15 06:15:00
2020-02-15 06:20:00	41830	5.68	283.653	8.118	3.68	-1.582	0.388	0.03	16.70	41835	2020-02-15 06:45:00
2020-02-15 06:50:00	41836	5.85	279.062	8.899	3.683	-1.613	0.25	0.06	22.83	41841	2020-02-15 07:15:00
2020-02-15 19:10:00	41953	5.62	245.466	21.108	4.782	-2.743	-1.243	0.05	12.90	41958	2020-02-15 19:35:00
2020-02-15 20:55:00	41974	5.63	280.713	22.203	4.765	-2.485	0.472	0.05	10.02	41979	2020-02-15 21:20:00
2020-02-17 18:40:00	42523	5.13	250.602	23.342	3.615	-4.13	-1.455	0.05	12.61	42528	2020-02-17 19:05:00
2020-02-17 21:50:00	42561	5.02	239.444	21.504	2.41	-4.302	-2.547	0.03	21.40	42566	2020-02-17 22:15:00
2020-02-17 23:50:00	42585	5.42	277.401	20.159	2.258	-4.72	0.612	0.05	23.81	42590	2020-02-18 00:15:00
2020-02-18 00:20:00	42591	5.32	271.767	19.798	2.81	-4.497	0.115	0.04	20.50	42596	2020-02-18 00:45:00
2020-02-18 21:00:00	42839	5.02	271.245	11.887	2.78	-8.517	0.223	0.05	20.72	42844	2020-02-18 21:25:00
2020-02-19 10:20:00	42999	5.9	240.531	23.016	-3.732	-4.143	-2.383	0.04	23.25	43004	2020-02-19 10:45:00
2020-02-19 10:55:00	43006	5.82	262.401	23.331	-0.11	-5.22	-0.687	0.10	28.67	43011	2020-02-19 11:20:00
2020-02-21 10:40:00	43579	5.22	274.196	21.154	6.802	-2.903	0.147	0.05	29.73	43584	2020-02-21 11:05:00
2020-02-21 11:10:00	43585	5.08	278.6	20.821	6.798	-2.478	0.367	0.05	9.22	43590	2020-02-21 11:35:00
2020-02-21 11:40:00	43591	5.48	287.385	20.479	5.992	-3.345	0.955	0.03	27.85	43596	2020-02-21 12:05:00
2020-02-21 12:10:00	43597	5.63	267.145	20.127	4.385	-5.298	-0.283	0.03	8.92	43602	2020-02-21 12:35:00
2020-02-21 13:50:00	43617	5.68	275.31	18.877	4.132	-4.473	0.31	0.03	28.14	43622	2020-02-21 14:15:00
2020-02-22 10:40:00	43867	5.73	310.289	13.554	4.11	-0.987	0.807	0.03	22.15	43872	2020-02-22 11:05:00
2020-02-22 14:00:00	43907	6.85	263.338	16.915	3.125	-2.225	-0.308	0.06	17.16	43912	2020-02-22 14:25:00
2020-02-22 18:30:00	43961	6.67	238.815	20.482	0.652	-3.342	-2.03	0.07	10.56	43966	2020-02-22 18:55:00
2020-02-22 19:00:00	43967	6.75	226.65	20.824	1.4	-2.66	-2.478	0.02	14.22	43972	2020-02-22 19:25:00
2020-02-22 22:10:00	44005	6.75	252.456	22.775	2.087	-2.303	-0.717	0.06	12.75	44010	2020-02-22 22:35:00
2020-02-24 17:55:00	44463	5.67	286.981	23.964	3.42	-1.892	0.587	0.03	28.53	44468	2020-02-24 18:20:00
2020-02-24 18:25:00	44469	5.72	285.414	23.715	3.115	-2.517	0.673	0.02	21.85	44474	2020-02-24 18:50:00
2020-02-24 18:55:00	44475	5.58	255.905	23.459	2.477	-3.343	-0.838	0.03	15.63	44480	2020-02-24 19:20:00
2020-02-24 20:15:00	44491	5.88	246.664	22.736	0.842	-3.47	-1.5	0.03	19.67	44496	2020-02-24 20:40:00
2020-02-24 20:45:00	44497	5.97	238.765	22.451	-0.207	-3.41	-2.065	0.04	7.98	44502	2020-02-24 21:10:00
2020-02-25 05:35:00	44603	5.07	258.534	15.775	3.868	-1.963	-0.398	0.03	8.88	44608	2020-02-25 06:00:00
2020-02-25 06:05:00	44609	5.53	260.645	15.281	3.683	-1.972	-0.4	0.02	25.94	44614	2020-02-25 06:30:00
2020-02-25 06:40:00	44616	5.28	277.735	14.683	4.022	-1.658	0.215	0.02	13.98	44621	2020-02-25 07:05:00
2020-02-25 07:10:00	44622	5.52	290.969	14.152	3.922	-1.917	0.725	0.06	18.92	44627	2020-02-25 07:35:00
2020-02-25 07:40:00	44628	5.5	294.509	13.602	4.462	-1.19	0.568	0.05	19.72	44633	2020-02-25 08:05:00
2020-02-25 08:10:00	44634	5.9	243.076	13.032	2.33	-2.35	-1.217	0.05	10.41	44639	2020-02-25 08:35:00
2020-02-25 08:40:00	44640	5.65	225.856	12.44	3.395	-1.198	-1.133	0.07	25.99	44645	2020-02-25 09:05:00
2020-02-25 11:35:00	44675	6.18	248.334	8.45	1.252	-2.78	-1.107	0.07	13.58	44680	2020-02-25 12:00:00
2020-02-25 21:30:00	44732	5.45	240.448	11.819	2.89	-1.56	-0.913	0.04	21.24	44737	2020-02-25 21:55:00
2020-02-25 22:00:00	44738	5.43	238.87	12.434	3.092	-1.328	-0.78	0.02	15.82	44743	2020-02-25 22:25:00
2020-02-26 00:55:00	44773	5.0	232.602	15.606	4.093	-1.602	-1.213	0.03	13.70	44778	2020-02-26 01:20:00
2020-02-26 01:25:00	44779	5.03	234.688	16.09	4.177	-1.678	-1.137	0.02	19.66	44784	2020-02-26 01:50:00
2020-02-26 01:55:00	44785	5.02	243.58	16.559	4.077	-2.195	-1.098	0.07	6.00	44790	2020-02-26 02:20:00
2020-02-26 11:25:00	44899	5.15	310.389	23.271	4.81	-3.158	2.697	0.04	25.79	44904	2020-02-26 11:50:00
2020-02-26 11:55:00	44905	5.03	278.386	23.532	4.533	-4.588	0.617	0.08	29.82	44910	2020-02-26 12:20:00
2020-02-28 05:50:00	45408	5.87	227.382	23.985	2.053	-1.857	-1.637	0.06	27.95	45413	2020-02-28 06:15:00
2020-02-28 06:30:00	45416	6.4	231.913	23.654	1.787	-1.99	-1.555	0.06	10.24	45421	2020-02-28 06:55:00
2020-02-28 20:25:00	45583	5.37	249.69	12.736	6.517	-2.668	-1.027	0.08	22.29	45588	2020-02-28 20:50:00
2020-02-29 08:15:00	45725	5.7	245.949	10.13	3.217	-3.857	-1.71	0.09	29.67	45730	2020-02-29 08:40:00
2020-02-29 10:55:00	45757	5.88	263.767	13.469	3.497	-4.727	-0.488	0.05	29.32	45762	2020-02-29 11:20:00
2020-02-29 14:15:00	45797	5.02	229.174	16.832	-0.385	-6.053	-5.235	0.04	10.15	45802	2020-02-29 14:40:00
2020-02-29 18:30:00	45848	6.1	261.78	20.228	3.86	-2.967	-0.443	0.07	26.00	45853	2020-02-29 18:55:00
2020-02-29 20:45:00	45874	6.4	239.431	21.715	-0.868	-4.265	-2.49	0.07	28.58	45879	2020-02-29 21:10:00
2020-02-29 21:55:00	45888	6.35	236.569	22.414	3.105	-3.525	-2.307	0.07	6.31	45893	2020-02-29 22:20:00
2020-02-29 22:55:00	45900	5.73	234.834	22.977	1.163	-4.407	-3.163	0.07	27.84	45905	2020-02-29 23:20:00
2020-02-29 23:55:00	45912	6.25	242.347	23.508	0.69	-4.038	-2.122	0.07	26.73	45917	2020-03-01 00:20:00
2020-03-03 00:10:00	46491	6.03	243.766	20.288	4.618	-2.728	-1.363	0.09	9.17	46496	2020-03-03 00:35:00
2020-03-03 01:05:00	46502	6.13	249.863	19.628	3.345	-3.53	-1.257	0.07	25.25	46507	2020-03-03 01:30:00
2020-03-03 06:50:00	46571	6.97	245.203	14.559	-1.845	-2.025	-0.935	0.06	26.85	46576	2020-03-03 07:15:00
2020-03-03 07:20:00	46577	6.93	258.125	14.024	-1.05	-2.453	-0.515	0.04	11.43	46582	2020-03-03 07:45:00
2020-03-03 08:20:00	46589	6.37	304.577	12.896	0.927	-2.323	1.553	0.07	24.98	46594	2020-03-03 08:45:00
2020-03-03 08:50:00	46595	6.2	296.985	12.3	1.93	-2.438	1.235	0.02	10.65	46600	2020-03-03 09:15:00
2020-03-04 00:25:00	46782	6.55	297.141	15.024	1.847	-2.15	1.098	0.05	19.56	46787	2020-03-04 00:50:00
2020-03-04 03:40:00	46821	6.7	249.717	18.019	2.403	-1.745	-0.648	0.07	28.94	46826	2020-03-04 04:05:00
2020-03-04 04:40:00	46833	6.4	268.856	18.828	2.537	-1.855	-0.037	0.07	8.05	46838	2020-03-04 05:05:00
2020-03-04 05:45:00	46846	5.77	237.137	19.653	2.063	-2.468	-1.612	0.04	19.05	46851	2020-03-04 06:10:00
2020-03-04 12:30:00	46927	5.25	231.754	23.78	1.715	-3.395	-2.68	0.07	16.19	46932	2020-03-04 12:55:00
2020-03-06 10:30:00	47477	5.05	228.362	21.502	-3.198	-5.663	-4.992	0.02	23.21	47482	2020-03-06 10:55:00
2020-03-06 11:00:00	47483	5.05	243.447	21.182	-2.498	-7.122	-3.557	0.03	7.99	47488	2020-03-06 11:25:00
2020-03-06 14:50:00	47529	5.18	257.53	18.396	-1.402	-5.05	-1.112	0.05	24.70	47534	2020-03-06 15:15:00
2020-03-06 15:20:00	47535	5.4	279.552	17.985	2.882	-5.582	0.943	0.04	8.62	47540	2020-03-06 15:45:00
2020-03-06 15:50:00	47541	5.1	304.574	17.561	2.032	-5.0	3.448	0.02	13.25	47546	2020-03-06 16:15:00
2020-03-08 00:00:00	47925	5.88	314.512	23.439	1.338	-2.663	2.628	0.08	19.13	47930	2020-03-08 00:25:00
2020-03-09 18:40:00	48437	6.47	261.102	23.749	0.67	-3.598	-0.57	0.05	16.47	48442	2020-03-09 19:05:00
2020-03-09 19:20:00	48445	6.47	240.783	23.409	-1.897	-1.51	-0.84	0.07	8.78	48450	2020-03-09 19:45:00
2020-03-09 21:50:00	48475	6.03	260.575	22.008	3.093	-3.295	-0.565	0.04	20.69	48480	2020-03-09 22:15:00
2020-03-10 02:10:00	48527	6.62	269.06	19.049	1.573	-2.32	-0.035	0.07	8.66	48532	2020-03-10 02:35:00
2020-03-10 02:50:00	48535	6.33	265.377	18.525	2.043	-3.002	-0.245	0.03	7.33	48540	2020-03-10 03:15:00
2020-03-10 05:05:00	48562	6.2	240.898	16.595	1.732	-3.02	-1.775	0.08	25.52	48567	2020-03-10 05:30:00
2020-03-10 09:00:00	48609	6.52	228.613	12.496	0.91	-1.667	-1.47	0.08	27.58	48614	2020-03-10 09:25:00
2020-03-10 10:30:00	48627	6.82	266.864	10.588	-1.225	-2.093	-0.115	0.06	15.90	48632	2020-03-10 10:55:00
2020-03-10 11:05:00	48634	6.73	256.366	9.778	-1.875	-1.785	-0.435	0.04	18.02	48639	2020-03-10 11:30:00
2020-03-13 07:10:00	49337	5.0	271.218	23.482	5.578	-2.873	0.062	0.03	15.07	49342	2020-03-13 07:35:00
2020-03-13 09:45:00	49368	5.4	249.936	22.049	2.863	-4.45	-1.64	0.07	15.56	49373	2020-03-13 10:10:00
2020-03-13 13:50:00	49417	5.58	314.044	19.301	4.292	-1.592	1.547	0.08	6.05	49422	2020-03-13 14:15:00
2020-03-13 15:40:00	49439	6.6	232.805	17.841	3.912	-1.658	-1.237	0.07	18.32	49444	2020-03-13 16:05:00
2020-03-13 16:10:00	49445	6.58	236.539	17.414	4.143	-1.298	-0.85	0.01	17.62	49450	2020-03-13 16:35:00
2020-03-13 16:40:00	49451	6.58	255.404	16.975	3.845	-1.855	-0.527	0.02	29.94	49456	2020-03-13 17:05:00
2020-03-13 17:20:00	49459	6.45	248.968	16.368	3.387	-2.433	-0.923	0.08	28.66	49464	2020-03-13 17:45:00
2020-03-13 18:35:00	49474	6.25	234.924	15.158	4.437	-1.415	-0.992	0.05	8.26	49479	2020-03-13 19:00:00
2020-03-13 19:05:00	49480	6.0	248.684	14.646	4.128	-1.82	-0.707	0.07	12.06	49485	2020-03-13 19:30:00
2020-03-13 19:35:00	49486	5.63	248.187	14.116	4.305	-1.657	-0.66	0.06	10.43	49491	2020-03-13 20:00:00
2020-03-13 20:05:00	49492	5.87	257.207	13.568	4.023	-2.135	-0.475	0.04	8.33	49497	2020-03-13 20:30:00
2020-03-13 21:10:00	49504	5.05	248.582	12.31	3.587	-1.683	-0.652	0.08	26.53	49509	2020-03-13 21:35:00
2020-03-13 21:40:00	49510	6.07	256.526	11.694	3.253	-1.63	-0.395	0.04	20.87	49515	2020-03-13 22:05:00
2020-03-13 22:10:00	49516	5.98	260.368	11.052	3.338	-1.51	-0.257	0.03	3.21	49521	2020-03-13 22:35:00
2020-03-13 22:40:00	49522	6.03	263.681	10.383	3.288	-1.56	-0.175	0.06	9.93	49527	2020-03-13 23:05:00
2020-03-13 23:45:00	49535	6.02	261.928	8.825	3.367	-1.397	-0.21	0.01	19.00	49540	2020-03-14 00:10:00
2020-03-14 00:15:00	49541	5.77	274.871	8.049	3.472	-1.302	0.107	0.03	21.52	49546	2020-03-14 00:40:00
2020-03-14 07:00:00	49584	6.25	258.368	7.546	1.9	-2.148	-0.435	0.09	9.17	49589	2020-03-14 07:25:00
2020-03-14 08:05:00	49597	6.63	287.998	9.233	-0.303	-2.207	0.713	0.09	25.34	49602	2020-03-14 08:30:00
2020-03-14 08:40:00	49604	6.55	287.139	10.069	0.033	-2.73	0.862	0.10	12.80	49609	2020-03-14 09:05:00
2020-03-14 11:55:00	49643	6.63	255.54	14.051	0.318	-2.513	-0.648	0.09	11.47	49648	2020-03-14 12:20:00
2020-03-14 12:25:00	49649	6.62	267.306	14.583	0.228	-2.722	-0.13	0.05	10.06	49654	2020-03-14 12:50:00
2020-03-14 15:15:00	49683	6.3	236.695	17.289	2.193	-1.253	-0.823	0.09	12.53	49688	2020-03-14 15:40:00
2020-03-14 19:45:00	49737	6.7	234.691	20.741	-0.262	-2.49	-1.767	0.04	16.19	49742	2020-03-14 20:10:00
2020-03-17 00:15:00	50361	5.42	247.478	20.43	4.928	-5.437	-2.285	0.08	6.98	50366	2020-03-17 00:40:00
2020-03-17 02:05:00	50383	5.02	294.084	19.096	6.845	-2.975	1.308	0.05	14.39	50388	2020-03-17 02:30:00
2020-03-17 22:00:00	50622	5.45	264.542	11.859	3.842	-2.728	-0.258	0.09	16.01	50627	2020-03-17 22:25:00
2020-03-17 22:30:00	50628	5.53	276.272	12.469	3.892	-2.417	0.258	0.04	9.51	50633	2020-03-17 22:55:00
2020-03-20 11:40:00	51308	6.02	235.249	21.036	3.615	-1.175	-0.805	0.09	28.44	51313	2020-03-20 12:05:00
2020-03-20 12:45:00	51321	6.2	263.955	20.304	3.203	-2.345	-0.25	0.09	17.49	51326	2020-03-20 13:10:00
2020-03-20 13:20:00	51328	6.13	247.212	19.891	2.727	-3.337	-1.433	0.08	26.88	51333	2020-03-20 13:45:00
2020-03-20 13:50:00	51334	5.98	234.757	19.525	2.317	-3.522	-2.49	0.01	4.72	51339	2020-03-20 14:15:00
2020-03-20 16:30:00	51366	6.18	238.536	17.387	1.812	-3.872	-2.372	0.03	23.90	51371	2020-03-20 16:55:00
2020-03-20 17:00:00	51372	6.2	238.499	16.947	0.16	-4.095	-2.562	0.05	22.64	51377	2020-03-20 17:25:00
2020-03-20 19:50:00	51406	6.58	225.77	14.173	-0.19	-2.197	-2.143	0.05	21.71	51411	2020-03-20 20:15:00
2020-03-21 19:00:00	51682	6.83	250.494	20.009	-3.532	-0.71	-0.24	0.06	21.66	51687	2020-03-21 19:25:00
2020-03-21 20:45:00	51703	6.53	252.927	21.196	3.542	-2.827	-0.873	0.03	9.37	51708	2020-03-21 21:10:00
2020-03-21 21:15:00	51709	6.52	239.169	21.514	3.367	-2.65	-1.585	0.02	8.54	51714	2020-03-21 21:40:00
2020-03-21 21:45:00	51715	6.25	238.894	21.822	3.602	-2.44	-1.472	0.03	1.66	51720	2020-03-21 22:10:00
2020-03-21 23:40:00	51738	6.35	236.523	22.928	4.48	-1.108	-0.842	0.03	24.44	51743	2020-03-22 00:05:00
2020-03-22 00:45:00	51751	6.6	237.945	23.499	0.502	-4.343	-2.73	0.08	28.38	51756	2020-03-22 01:10:00
2020-03-22 01:25:00	51759	6.28	268.707	23.833	3.343	-4.043	-0.063	0.05	25.13	51764	2020-03-22 01:50:00
2020-03-24 06:00:00	52378	6.92	233.057	16.099	2.112	-1.968	-1.47	0.07	13.80	52383	2020-03-24 06:25:00
2020-03-24 06:30:00	52384	6.9	239.145	15.62	2.282	-2.017	-1.222	0.07	13.41	52389	2020-03-24 06:55:00
2020-03-24 07:00:00	52390	6.98	225.143	15.125	2.338	-1.452	-1.463	0.07	22.50	52395	2020-03-24 07:25:00
2020-03-24 08:10:00	52404	6.85	283.826	13.905	3.142	-1.142	0.29	0.07	25.62	52409	2020-03-24 08:35:00
2020-03-24 12:25:00	52443	6.07	303.665	8.428	4.357	-1.163	0.78	0.10	26.97	52448	2020-03-24 12:50:00
2020-03-24 20:15:00	52472	6.17	237.135	8.805	3.132	-1.587	-1.035	0.08	5.99	52477	2020-03-24 20:40:00
2020-03-24 22:05:00	52494	5.28	236.588	11.348	3.845	-2.11	-1.39	0.07	5.95	52499	2020-03-24 22:30:00
2020-03-24 23:10:00	52507	5.22	244.761	12.676	4.293	-2.145	-1.012	0.06	13.11	52512	2020-03-24 23:35:00
2020-03-25 00:50:00	52527	5.27	251.397	14.523	3.653	-3.077	-1.04	0.09	10.41	52532	2020-03-25 01:15:00
2020-03-25 05:20:00	52581	6.27	310.313	18.613	3.54	-1.127	1.002	0.05	29.20	52586	2020-03-25 05:45:00
2020-03-25 06:20:00	52593	6.75	272.73	19.381	2.905	-1.455	0.065	0.08	11.76	52598	2020-03-25 06:45:00
2020-03-25 06:50:00	52599	6.55	275.368	19.749	3.162	-1.477	0.13	0.03	25.54	52604	2020-03-25 07:15:00
2020-03-25 07:20:00	52605	6.57	263.92	20.106	3.022	-1.618	-0.178	0.05	11.00	52610	2020-03-25 07:45:00
2020-03-25 07:50:00	52611	6.63	264.041	20.454	2.76	-1.862	-0.197	0.06	4.73	52616	2020-03-25 08:15:00
2020-03-25 08:40:00	52621	6.73	247.816	21.011	2.653	-1.547	-0.622	0.05	18.95	52626	2020-03-25 09:05:00
2020-03-25 09:55:00	52636	6.7	251.375	21.798	2.245	-2.173	-0.712	0.02	12.14	52641	2020-03-25 10:20:00
2020-03-25 10:25:00	52642	6.7	256.49	22.098	2.017	-2.557	-0.603	0.10	12.23	52647	2020-03-25 10:50:00
2020-03-25 12:35:00	52665	5.97	273.678	23.3	1.703	-3.667	0.195	0.10	25.07	52670	2020-03-25 13:00:00
2020-03-27 14:50:00	53244	5.55	242.514	18.767	0.725	-3.348	-1.798	0.08	25.48	53249	2020-03-27 15:15:00
2020-03-27 15:20:00	53250	5.48	254.793	18.371	1.647	-3.21	-0.888	0.10	28.78	53255	2020-03-27 15:45:00
2020-03-27 15:55:00	53257	5.32	241.764	17.893	2.557	-3.253	-1.765	0.06	22.63	53262	2020-03-27 16:20:00
2020-03-27 19:55:00	53305	6.1	267.008	14.117	4.073	-1.588	-0.087	0.05	18.91	53310	2020-03-27 20:20:00
2020-03-28 12:15:00	53501	6.3	306.742	13.931	2.938	-0.953	0.747	0.05	26.27	53506	2020-03-28 12:40:00
2020-03-28 22:45:00	53626	5.73	279.499	22.303	3.44	-2.705	0.458	0.04	11.89	53631	2020-03-28 23:10:00
2020-03-30 20:00:00	54166	5.32	232.561	23.194	3.268	-3.758	-2.925	0.03	17.86	54171	2020-03-30 20:25:00
2020-03-30 21:25:00	54183	5.15	241.926	22.417	4.373	-4.75	-2.578	0.09	20.31	54188	2020-03-30 21:50:00
2020-03-31 04:45:00	54271	6.08	302.806	17.204	0.773	-3.8	2.453	0.09	4.45	54276	2020-03-31 05:10:00
2020-03-31 11:35:00	54353	5.82	237.835	9.631	2.533	-4.038	-2.555	0.07	26.87	54358	2020-03-31 12:00:00
2020-04-01 08:40:00	54606	6.32	295.144	21.01	2.725	-2.32	1.073	0.07	26.00	54611	2020-04-01 09:05:00
2020-04-01 09:10:00	54612	6.32	301.874	21.332	2.433	-2.292	1.403	0.10	18.18	54617	2020-04-01 09:35:00
2020-04-01 11:55:00	54645	6.97	270.127	22.945	1.295	-2.908	-0.028	0.02	26.76	54650	2020-04-01 12:20:00
2020-04-01 12:25:00	54651	6.93	277.761	23.212	0.862	-2.947	0.395	0.02	8.26	54656	2020-04-01 12:50:00
2020-04-01 12:55:00	54657	6.9	281.715	23.47	0.165	-3.333	0.69	0.03	4.63	54662	2020-04-01 13:20:00
2020-04-03 13:35:00	55195	5.28	239.138	19.81	3.088	-3.91	-2.345	0.06	11.35	55200	2020-04-03 14:00:00
2020-04-03 14:05:00	55201	5.08	250.432	19.445	3.403	-4.218	-1.5	0.06	13.59	55206	2020-04-03 14:30:00
2020-04-03 14:35:00	55207	5.02	247.888	19.069	3.408	-4.35	-1.802	0.05	17.71	55212	2020-04-03 15:00:00
2020-04-03 17:15:00	55239	5.97	253.989	16.865	2.668	-4.682	-1.32	0.06	15.04	55244	2020-04-03 17:40:00
2020-04-03 17:50:00	55246	5.75	258.428	16.335	4.13	-3.827	-0.842	0.06	29.26	55251	2020-04-03 18:15:00
2020-04-03 18:45:00	55257	5.78	278.576	15.46	4.085	-3.533	0.472	0.06	19.19	55262	2020-04-03 19:10:00
2020-04-04 08:20:00	55416	6.48	226.097	8.761	2.58	-2.165	-2.077	0.07	9.76	55421	2020-04-04 08:45:00
2020-04-04 10:40:00	55444	6.38	273.34	11.934	2.338	-3.368	0.142	0.03	24.66	55449	2020-04-04 11:05:00
2020-04-04 11:20:00	55452	6.2	296.691	12.734	3.067	-2.72	1.34	0.04	25.52	55457	2020-04-04 11:45:00
2020-04-04 11:50:00	55458	6.08	302.521	13.308	3.283	-2.052	1.295	0.07	21.84	55463	2020-04-04 12:15:00
2020-04-06 19:05:00	56120	5.87	314.665	23.757	2.445	-0.86	0.875	0.08	23.34	56125	2020-04-06 19:30:00
2020-04-07 11:25:00	56314	5.25	238.446	10.178	2.408	-1.813	-1.152	0.08	18.67	56319	2020-04-07 11:50:00
2020-04-07 11:55:00	56320	5.25	237.209	9.475	2.355	-2.047	-1.328	0.02	13.61	56325	2020-04-07 12:20:00
2020-04-07 13:20:00	56337	5.13	262.984	7.291	2.588	-1.99	-0.255	0.09	13.19	56342	2020-04-07 13:45:00
2020-04-10 14:40:00	57137	5.22	242.292	19.013	3.502	-2.938	-1.457	0.04	19.45	57142	2020-04-10 15:05:00
2020-04-10 20:20:00	57205	6.28	268.953	13.856	2.717	-1.768	-0.058	0.10	28.21	57210	2020-04-10 20:45:00
2020-04-10 20:55:00	57212	6.12	302.297	13.21	2.665	-2.083	1.32	0.05	11.84	57217	2020-04-10 21:20:00
2020-04-11 07:20:00	57298	5.67	276.311	7.021	3.258	-2.547	0.332	0.04	28.76	57303	2020-04-11 07:45:00
2020-04-11 09:05:00	57319	6.13	291.69	9.714	0.317	-3.573	1.418	0.04	29.70	57324	2020-04-11 09:30:00
2020-04-11 18:10:00	57428	5.35	239.613	19.06	3.477	-4.393	-2.54	0.03	19.69	57433	2020-04-11 18:35:00
2020-04-11 19:50:00	57448	6.33	246.756	20.269	3.495	-2.672	-1.148	0.05	26.09	57453	2020-04-11 20:15:00
2020-04-11 22:25:00	57479	6.13	304.421	21.93	3.532	-2.685	1.825	0.06	14.79	57484	2020-04-11 22:50:00
2020-04-11 22:55:00	57485	6.22	306.917	22.224	2.918	-2.898	2.173	0.06	8.52	57490	2020-04-11 23:20:00
2020-04-13 18:30:00	57943	6.52	227.672	23.981	3.012	-1.258	-1.148	0.06	21.19	57948	2020-04-13 18:55:00
2020-04-13 19:10:00	57951	6.4	233.925	23.657	3.432	-0.955	-0.703	0.02	27.44	57956	2020-04-13 19:35:00
2020-04-13 19:40:00	57957	6.37	245.685	23.406	3.332	-1.418	-0.642	0.03	7.92	57962	2020-04-13 20:05:00
2020-04-14 00:20:00	58013	6.02	303.25	20.667	3.205	-2.678	1.768	0.02	23.07	58018	2020-04-14 00:45:00
2020-04-14 08:50:00	58115	5.73	235.101	13.273	0.663	-5.842	-4.088	0.05	18.47	58120	2020-04-14 09:15:00
2020-04-15 07:15:00	58384	5.5	265.573	19.903	3.253	-2.793	-0.237	0.09	16.44	58389	2020-04-15 07:40:00
2020-04-15 08:00:00	58393	5.35	257.597	20.426	3.458	-2.33	-0.56	0.08	28.41	58398	2020-04-15 08:25:00
2020-04-17 10:25:00	58998	5.2	229.881	22.064	1.05	-3.317	-2.803	0.04	14.36	59003	2020-04-17 10:50:00
2020-04-17 10:55:00	59004	5.25	230.913	21.765	0.587	-3.463	-2.807	0.09	7.45	59009	2020-04-17 11:20:00
2020-04-17 11:25:00	59010	5.02	251.068	21.458	0.768	-4.407	-1.508	0.05	20.45	59015	2020-04-17 11:50:00
2020-04-17 12:10:00	59019	5.32	234.804	20.98	1.642	-3.13	-2.2	0.03	15.36	59024	2020-04-17 12:35:00
2020-04-17 12:40:00	59025	5.98	230.68	20.649	-0.448	-2.888	-2.362	0.06	8.22	59030	2020-04-17 13:05:00
2020-04-17 13:40:00	59037	5.57	225.262	19.96	0.08	-1.258	-1.262	0.07	24.86	59042	2020-04-17 14:05:00
2020-04-17 19:50:00	59111	5.28	230.807	14.689	1.858	-2.38	-1.942	0.06	5.71	59116	2020-04-17 20:15:00
2020-04-18 09:05:00	59270	5.52	246.842	9.305	2.515	-2.497	-1.077	0.07	9.32	59275	2020-04-18 09:30:00
2020-04-18 10:15:00	59284	5.38	238.076	10.91	2.195	-2.74	-1.707	0.08	8.09	59289	2020-04-18 10:40:00
2020-04-18 10:45:00	59290	5.47	240.115	11.551	2.35	-2.577	-1.47	0.06	18.54	59295	2020-04-18 11:10:00
2020-04-18 17:40:00	59373	5.87	304.458	18.444	2.8	-0.873	0.6	0.07	13.06	59378	2020-04-18 18:05:00
2020-04-18 18:10:00	59379	5.9	301.481	18.836	2.32	-1.52	0.93	0.03	10.47	59384	2020-04-18 18:35:00
2020-04-18 18:40:00	59385	5.93	294.672	19.217	1.52	-2.135	0.985	0.06	20.30	59390	2020-04-18 19:05:00
2020-04-18 21:20:00	59417	5.55	286.503	21.074	1.572	-2.878	0.848	0.05	15.71	59422	2020-04-18 21:45:00
2020-04-18 21:50:00	59423	5.53	296.722	21.391	1.727	-2.6	1.308	0.05	7.20	59428	2020-04-18 22:15:00
2020-04-18 22:20:00	59429	5.48	302.589	21.7	1.557	-2.485	1.583	0.04	11.70	59434	2020-04-18 22:45:00
2020-04-22 10:20:00	60436	6.5	286.671	21.652	3.178	-1.9	0.567	0.07	27.43	60441	2020-04-22 10:45:00
2020-04-22 11:30:00	60450	6.12	252.418	22.34	3.285	-2.27	-0.737	0.04	12.80	60455	2020-04-22 11:55:00
2020-04-22 12:00:00	60456	6.05	252.731	22.621	3.158	-2.452	-0.803	0.06	17.96	60461	2020-04-22 12:25:00
2020-04-24 09:15:00	60947	6.7	292.227	22.651	2.295	-1.078	0.45	0.06	23.33	60952	2020-04-24 09:40:00
2020-04-25 08:55:00	61231	6.27	311.635	9.112	3.91	-1.29	1.148	0.02	11.46	61236	2020-04-25 09:20:00
2020-04-26 00:30:00	61418	5.95	272.088	22.933	2.75	-2.315	0.078	0.02	16.30	61423	2020-04-26 00:55:00
2020-04-26 01:25:00	61429	5.9	269.871	23.411	2.978	-2.627	-0.07	0.05	26.60	61434	2020-04-26 01:50:00
2020-04-27 20:10:00	61942	5.33	299.214	23.244	2.415	-3.215	1.82	0.02	13.70	61947	2020-04-27 20:35:00
2020-04-27 20:40:00	61948	5.32	307.363	22.982	0.565	-3.692	2.835	0.08	13.43	61953	2020-04-27 21:05:00
2020-04-27 21:10:00	61954	5.05	306.701	22.711	1.77	-3.858	2.873	0.05	5.09	61959	2020-04-27 21:35:00
2020-04-28 01:40:00	62008	5.38	257.92	19.893	1.698	-4.26	-0.867	0.09	26.43	62013	2020-04-28 02:05:00
2020-04-28 02:25:00	62017	5.9	261.045	19.349	-0.923	-4.245	-0.668	0.08	17.46	62022	2020-04-28 02:50:00
2020-04-28 03:15:00	62027	5.68	297.994	18.716	-0.638	-3.913	2.073	0.06	21.72	62032	2020-04-28 03:40:00
2020-04-28 04:20:00	62040	5.73	311.924	17.846	1.89	-2.765	2.493	0.06	19.00	62045	2020-04-28 04:45:00
2020-04-28 06:20:00	62064	5.47	286.87	16.084	3.657	-3.225	0.947	0.03	23.89	62069	2020-04-28 06:45:00
2020-04-28 07:05:00	62073	5.77	281.311	15.365	2.56	-3.843	0.712	0.05	25.21	62078	2020-04-28 07:30:00
2020-04-28 07:45:00	62081	5.82	275.088	14.697	1.613	-4.092	0.337	0.03	25.83	62086	2020-04-28 08:10:00
2020-04-28 09:10:00	62098	5.98	259.59	13.172	1.888	-3.618	-0.668	0.06	24.05	62103	2020-04-28 09:35:00
2020-04-28 11:30:00	62126	6.0	230.028	10.287	0.955	-3.457	-2.902	0.08	16.47	62131	2020-04-28 11:55:00
2020-04-28 12:20:00	62136	6.5	226.341	9.114	-3.955	-1.478	-1.412	0.06	20.32	62141	2020-04-28 12:45:00
2020-04-28 19:35:00	62223	6.08	279.824	7.016	1.565	-3.005	0.523	0.04	12.45	62228	2020-04-28 20:00:00
2020-04-28 21:50:00	62250	6.0	248.046	10.389	1.535	-2.72	-1.102	0.07	9.37	62255	2020-04-28 22:15:00
2020-04-28 23:05:00	62265	6.42	256.762	11.99	-1.075	-2.663	-0.645	0.05	21.25	62270	2020-04-28 23:30:00
2020-04-28 23:40:00	62272	6.27	257.224	12.685	-0.013	-2.908	-0.657	0.03	18.78	62277	2020-04-29 00:05:00
2020-04-29 00:35:00	62283	6.27	251.758	13.719	-1.398	-2.527	-0.823	0.06	18.55	62288	2020-04-29 01:00:00
2020-04-29 01:05:00	62289	6.2	246.665	14.255	-1.783	-2.338	-1.013	0.03	8.86	62294	2020-04-29 01:30:00
2020-04-29 04:10:00	62326	6.33	231.367	17.204	1.357	-1.398	-1.09	0.10	19.30	62331	2020-04-29 04:35:00
2020-04-29 04:40:00	62332	6.35	231.915	17.631	2.305	-0.702	-0.555	0.05	16.90	62337	2020-04-29 05:05:00
2020-04-29 05:10:00	62338	5.53	228.715	18.046	2.472	-0.523	-0.462	0.01	12.71	62343	2020-04-29 05:35:00
2020-04-29 05:50:00	62346	6.1	295.572	18.58	1.782	-1.817	0.855	0.08	17.95	62351	2020-04-29 06:15:00
2020-04-29 08:30:00	62378	5.58	236.465	20.523	2.032	-1.395	-0.925	0.09	8.82	62383	2020-04-29 08:55:00
2020-04-29 09:00:00	62384	5.53	256.612	20.856	2.442	-1.223	-0.297	0.05	21.75	62389	2020-04-29 09:25:00
2020-04-29 09:30:00	62390	5.53	238.642	21.179	2.652	-0.837	-0.51	0.02	17.42	62395	2020-04-29 09:55:00
2020-04-29 11:20:00	62412	5.72	226.673	22.288	2.205	-1.165	-1.1	0.02	17.58	62417	2020-04-29 11:45:00
2020-04-29 11:50:00	62418	5.97	231.863	22.571	2.085	-1.363	-1.067	0.01	9.77	62423	2020-04-29 12:15:00
2020-05-01 15:10:00	63005	5.12	305.74	18.857	0.903	-3.723	2.642	0.05	26.31	63010	2020-05-01 15:35:00
2020-05-01 23:05:00	63100	5.07	299.492	10.972	4.633	-2.483	1.402	0.09	20.13	63105	2020-05-01 23:30:00
2020-05-02 17:50:00	63322	5.27	299.214	18.489	2.827	-1.53	0.848	0.07	26.51	63327	2020-05-02 18:15:00
2020-05-02 23:25:00	63389	6.02	250.762	22.259	2.63	-2.375	-0.825	0.10	15.26	63394	2020-05-02 23:50:00
2020-05-04 20:15:00	63885	5.9	226.139	23.126	-0.545	-1.667	-1.607	0.07	19.52	63890	2020-05-04 20:40:00
2020-05-05 00:50:00	63940	5.83	225.41	20.387	0.65	-1.663	-1.648	0.09	25.29	63945	2020-05-05 01:15:00
2020-05-05 01:20:00	63946	5.58	226.162	20.043	1.23	-1.913	-1.845	0.09	25.84	63951	2020-05-05 01:45:00
2020-05-05 03:20:00	63970	5.32	232.318	18.561	2.513	-2.338	-1.89	0.03	27.99	63975	2020-05-05 03:45:00
2020-05-05 03:55:00	63977	5.07	233.726	18.095	3.772	-2.107	-1.542	0.05	8.04	63982	2020-05-05 04:20:00
2020-05-05 11:40:00	64070	5.15	289.294	9.932	3.487	-2.563	0.9	0.08	23.98	64075	2020-05-05 12:05:00
2020-05-08 07:20:00	64882	5.97	275.09	23.408	-3.258	-2.31	0.183	0.02	16.12	64887	2020-05-08 07:45:00
2020-05-11 19:15:00	65889	6.03	231.685	23.348	0.502	-2.233	-1.758	0.08	16.90	65894	2020-05-11 19:40:00
2020-05-11 19:45:00	65895	5.85	233.008	23.09	1.257	-2.207	-1.663	0.06	4.32	65900	2020-05-11 20:10:00
2020-05-11 20:15:00	65901	6.15	239.381	22.825	0.133	-2.423	-1.433	0.03	5.17	65906	2020-05-11 20:40:00
2020-05-11 21:05:00	65911	6.27	236.023	22.364	0.46	-2.067	-1.397	0.08	15.49	65916	2020-05-11 21:30:00
2020-05-13 03:05:00	66271	6.27	260.18	16.831	2.34	-2.61	-0.462	0.09	15.97	66276	2020-05-13 03:30:00
2020-05-19 00:35:00	67968	5.17	277.188	19.973	1.69	-7.28	0.912	0.08	8.32	67973	2020-05-19 01:00:00
2020-05-19 01:20:00	67977	5.22	275.602	19.436	3.902	-5.883	0.503	0.08	23.27	67982	2020-05-19 01:45:00
2020-05-19 08:55:00	68068	5.02	234.363	12.389	5.242	-2.258	-1.625	0.04	27.52	68073	2020-05-19 09:20:00
2020-05-19 09:25:00	68074	5.0	251.712	11.787	2.183	-5.485	-1.745	0.09	17.95	68079	2020-05-19 09:50:00
2020-05-19 20:30:00	68207	5.38	254.3	9.735	1.897	-4.2	-1.197	0.06	12.87	68212	2020-05-19 20:55:00
2020-05-19 22:50:00	68235	5.53	251.554	12.7	2.643	-2.555	-0.82	0.08	29.58	68240	2020-05-19 23:15:00
2020-05-19 23:20:00	68241	5.65	251.151	13.269	2.845	-2.092	-0.71	0.08	11.88	68246	2020-05-19 23:45:00
2020-05-20 00:50:00	68259	5.68	268.162	14.861	-0.548	-3.495	-0.118	0.07	10.17	68264	2020-05-20 01:15:00
2020-05-20 02:20:00	68277	5.0	264.573	16.304	3.573	-3.158	-0.288	0.06	7.89	68282	2020-05-20 02:45:00
2020-05-20 03:55:00	68296	5.52	281.269	17.689	1.49	-3.602	0.712	0.07	20.21	68301	2020-05-20 04:20:00
2020-05-20 04:25:00	68302	5.53	277.385	18.099	1.35	-3.622	0.473	0.05	8.65	68307	2020-05-20 04:50:00
2020-05-20 04:55:00	68308	5.58	291.989	18.498	2.002	-3.105	1.272	0.07	16.30	68313	2020-05-20 05:20:00
2020-05-22 07:55:00	68920	5.52	248.015	22.681	3.542	-3.195	-1.292	0.07	4.56	68925	2020-05-22 08:20:00
2020-05-22 08:50:00	68931	5.9	268.567	22.168	2.992	-2.792	-0.08	0.08	14.25	68936	2020-05-22 09:15:00
2020-05-22 17:20:00	69033	5.45	252.472	15.854	1.042	-4.768	-1.495	0.10	20.34	69038	2020-05-22 17:45:00
2020-05-23 00:25:00	69118	5.67	253.464	7.093	3.8	-1.955	-0.575	0.03	13.50	69123	2020-05-23 00:50:00
2020-05-23 07:55:00	69208	5.8	225.437	9.355	0.95	-2.843	-2.8	0.08	29.67	69213	2020-05-23 08:20:00
2020-05-23 09:40:00	69229	5.88	246.142	11.683	1.363	-2.857	-1.267	0.06	11.32	69234	2020-05-23 10:05:00
2020-05-23 11:50:00	69254	6.12	278.296	14.157	1.412	-1.782	0.262	0.10	24.36	69259	2020-05-23 12:15:00
2020-05-26 02:25:00	70004	5.67	235.3	18.234	1.653	-3.083	-2.138	0.08	12.85	70009	2020-05-26 02:50:00
2020-05-26 02:55:00	70010	5.68	235.861	17.826	1.898	-3.098	-2.1	0.03	5.28	70015	2020-05-26 03:20:00
2020-05-26 05:00:00	70035	6.07	254.341	15.991	0.812	-3.52	-0.988	0.06	7.02	70040	2020-05-26 05:25:00
2020-05-26 05:40:00	70043	6.07	261.012	15.352	1.013	-3.533	-0.56	0.09	5.90	70048	2020-05-26 06:05:00
2020-05-26 06:30:00	70053	5.78	262.449	14.514	-0.158	-4.098	-0.55	0.08	10.36	70058	2020-05-26 06:55:00
2020-05-26 08:50:00	70081	5.62	266.562	11.894	-0.617	-3.947	-0.235	0.06	8.99	70086	2020-05-26 09:15:00
2020-05-26 09:20:00	70087	5.58	267.82	11.271	-0.108	-4.063	-0.157	0.07	12.09	70092	2020-05-26 09:45:00
2020-05-26 09:55:00	70094	5.85	234.033	10.511	2.07	-2.21	-1.585	0.05	16.68	70099	2020-05-26 10:20:00
2020-05-26 10:25:00	70100	5.78	262.568	9.83	0.948	-3.338	-0.42	0.03	24.53	70105	2020-05-26 10:50:00
2020-05-26 11:00:00	70107	5.87	283.246	8.995	0.798	-3.072	0.722	0.10	6.16	70112	2020-05-26 11:25:00
2020-05-26 18:45:00	70200	5.87	241.333	7.923	0.013	-2.673	-1.462	0.09	24.29	70205	2020-05-26 19:10:00
2020-05-26 21:55:00	70238	5.9	232.39	12.25	1.485	-2.348	-1.82	0.06	12.25	70243	2020-05-26 22:20:00
2020-05-27 00:40:00	70271	6.18	260.349	15.233	1.508	-2.462	-0.418	0.04	9.72	70276	2020-05-27 01:05:00
2020-05-27 01:10:00	70277	6.05	258.362	15.719	1.79	-2.363	-0.488	0.07	10.09	70282	2020-05-27 01:35:00
2020-05-27 01:40:00	70283	6.05	261.724	16.189	2.07	-2.202	-0.307	0.07	15.97	70288	2020-05-27 02:05:00
2020-05-27 02:10:00	70289	6.12	279.317	16.645	2.21	-1.957	0.315	0.10	17.74	70294	2020-05-27 02:35:00
2020-05-27 02:40:00	70295	6.1	292.843	17.087	2.022	-2.223	0.937	0.03	27.73	70300	2020-05-27 03:05:00
2020-05-27 10:40:00	70391	6.7	240.577	22.66	0.983	-2.222	-1.222	0.07	19.58	70396	2020-05-27 11:05:00
2020-05-27 11:10:00	70397	6.57	241.527	22.93	1.535	-2.328	-1.23	0.04	17.66	70402	2020-05-27 11:35:00
2020-05-27 11:40:00	70403	6.53	252.099	23.193	1.775	-2.457	-0.79	0.10	7.14	70408	2020-05-27 12:05:00
2020-05-30 10:35:00	71251	5.23	267.097	13.176	5.738	-10.587	-0.558	0.04	20.43	71256	2020-05-30 11:00:00
2020-05-30 11:05:00	71257	5.37	270.261	13.73	5.477	-10.423	0.052	0.05	7.24	71262	2020-05-30 11:30:00
2020-05-30 12:00:00	71268	5.37	278.151	14.696	4.732	-9.122	1.333	0.09	11.86	71273	2020-05-30 12:25:00
2020-05-30 13:20:00	71284	5.57	288.296	16.002	4.653	-8.377	2.793	0.09	25.20	71289	2020-05-30 13:45:00
2020-05-30 13:50:00	71290	5.78	301.037	16.463	5.362	-6.838	4.105	0.06	16.29	71295	2020-05-30 14:15:00
