Start_str	Start_ind	Mgs#_avg	Clang_avg	Rmag_avg	Bx_avg(nT)	By_avg(nT)	Bz_avg(nT)	Bdeviat	Dtheta	End_ind	End_str
2015-09-01 13:20:00	144	5.18	317.811	11.337	3.378	-2.993	3.33	0.05	19.39	149	2015-09-01 13:45:00
2015-09-02 15:15:00	374	6.72	324.618	11.887	4.805	-1.863	2.575	0.09	18.69	379	2015-09-02 15:40:00
2015-09-03 10:40:00	607	6.0	350.454	9.981	-4.203	-0.278	1.837	0.03	14.70	612	2015-09-03 11:05:00
2015-09-10 11:15:00	2499	5.8	322.318	10.839	5.037	-2.865	3.72	0.09	9.59	2504	2015-09-10 11:40:00
2015-09-19 13:35:00	4740	5.18	315.17	11.928	4.153	-5.405	5.41	0.06	10.70	4745	2015-09-19 14:00:00
2015-09-19 14:30:00	4751	5.53	338.393	11.994	3.282	-2.29	5.785	0.05	17.09	4756	2015-09-19 14:55:00
2015-09-19 15:00:00	4757	5.73	344.787	11.99	3.472	-1.573	5.768	0.02	8.39	4762	2015-09-19 15:25:00
2015-09-19 16:35:00	4776	5.67	355.549	11.79	0.773	-0.437	5.598	0.04	6.63	4781	2015-09-19 17:00:00
2015-09-19 17:10:00	4783	6.02	350.222	11.643	2.737	-0.798	4.647	0.10	10.57	4788	2015-09-19 17:35:00
2015-09-22 08:40:00	5528	6.93	330.895	10.075	4.347	-1.628	2.923	0.09	19.43	5533	2015-09-22 09:05:00
2015-09-22 11:50:00	5566	6.8	322.172	11.633	2.675	-3.022	3.913	0.05	25.79	5571	2015-09-22 12:15:00
2015-09-23 06:00:00	5746	6.47	337.164	7.687	-3.447	-2.32	5.51	0.04	4.30	5751	2015-09-23 06:25:00
2015-09-23 12:35:00	5825	5.27	327.28	11.837	8.127	-2.137	3.347	0.02	10.67	5830	2015-09-23 13:00:00
2015-09-23 13:05:00	5831	5.48	324.373	11.917	7.352	-2.983	4.203	0.05	15.84	5836	2015-09-23 13:30:00
2015-09-23 14:05:00	5843	5.57	343.448	11.991	3.487	-2.218	7.592	0.09	13.40	5848	2015-09-23 14:30:00
2015-09-25 16:00:00	6431	6.13	316.167	11.767	-0.892	-4.057	4.202	0.09	13.70	6436	2015-09-25 16:25:00
2015-09-25 18:15:00	6458	6.3	345.201	10.948	3.223	-0.85	3.37	0.06	18.44	6463	2015-09-25 18:40:00
2015-09-26 12:25:00	6676	6.13	323.167	11.868	1.228	-2.79	3.755	0.06	13.45	6681	2015-09-26 12:50:00
2015-09-26 12:55:00	6682	6.4	320.228	11.938	0.248	-2.995	3.615	0.05	13.19	6687	2015-09-26 13:20:00
2015-09-26 13:25:00	6688	6.78	320.343	11.98	-0.897	-2.705	3.227	0.08	20.41	6693	2015-09-26 13:50:00
2015-09-26 15:00:00	6707	6.2	326.257	11.924	2.987	-2.0	3.102	0.08	17.57	6712	2015-09-26 15:25:00
2015-09-27 05:50:00	6885	5.58	342.051	8.022	-2.352	-1.522	4.663	0.05	8.58	6890	2015-09-27 06:15:00
2015-09-27 06:20:00	6891	5.45	355.783	8.558	-1.64	-0.403	5.39	0.04	5.58	6896	2015-09-27 06:45:00
2015-09-27 07:50:00	6909	5.62	319.416	9.879	0.463	-3.597	4.142	0.09	26.47	6914	2015-09-27 08:15:00
2015-09-27 12:05:00	6960	6.0	318.169	11.83	-0.9	-3.172	3.522	0.08	20.56	6965	2015-09-27 12:30:00
2015-09-27 13:05:00	6972	5.83	319.685	11.966	1.668	-2.577	3.088	0.03	13.66	6977	2015-09-27 13:30:00
2015-09-27 13:45:00	6980	5.95	317.191	11.994	0.945	-2.948	3.162	0.06	26.29	6985	2015-09-27 14:10:00
2015-09-27 15:15:00	6998	5.47	315.334	11.872	0.832	-3.702	3.763	0.04	17.18	7003	2015-09-27 15:40:00
2015-09-27 17:10:00	7021	5.68	332.124	11.336	-0.647	-2.375	4.478	0.09	19.75	7026	2015-09-27 17:35:00
2015-09-27 17:40:00	7027	5.58	321.981	11.122	-0.38	-3.295	4.205	0.05	17.45	7032	2015-09-27 18:05:00
2015-09-28 05:45:00	7172	5.18	327.458	8.056	1.375	-2.407	3.763	0.02	26.35	7177	2015-09-28 06:10:00
2015-09-29 10:15:00	7513	5.3	341.106	11.368	2.103	-1.02	3.062	0.08	15.76	7518	2015-09-29 10:40:00
2015-09-29 15:05:00	7571	5.32	320.25	11.866	2.477	-2.228	2.69	0.01	25.76	7576	2015-09-29 15:30:00
2015-09-29 15:50:00	7580	5.33	328.505	11.704	1.16	-1.917	3.28	0.05	27.59	7585	2015-09-29 16:15:00
2015-09-30 05:45:00	7735	5.6	333.904	8.302	3.338	-1.042	2.18	0.05	15.68	7740	2015-09-30 06:10:00
2015-10-10 04:15:00	10263	6.35	331.363	7.847	-2.758	-1.602	3.055	0.09	21.96	10268	2015-10-10 04:40:00
2015-10-13 11:55:00	11219	6.02	344.14	12.002	-3.99	-1.08	3.925	0.02	16.17	11224	2015-10-13 12:20:00
2015-10-22 04:20:00	13707	6.63	338.396	9.262	3.802	-0.455	1.18	0.05	25.22	13712	2015-10-22 04:45:00
2015-10-22 10:50:00	13785	6.17	344.103	12.0	1.405	-1.145	4.063	0.03	21.07	13790	2015-10-22 11:15:00
2015-10-22 12:15:00	13802	5.98	331.185	11.921	3.528	-1.412	2.567	0.06	24.79	13807	2015-10-22 12:40:00
2015-10-22 16:20:00	13851	5.63	318.688	10.356	4.728	-1.495	1.682	0.05	24.87	13856	2015-10-22 16:45:00
2015-10-23 03:45:00	13987	5.42	317.914	8.827	2.9	-3.702	4.095	0.02	24.39	13992	2015-10-23 04:10:00
2015-10-23 06:05:00	14015	5.85	315.82	10.622	3.548	-2.605	2.642	0.08	12.53	14020	2015-10-23 06:30:00
2015-10-23 06:35:00	14021	5.77	330.809	10.9	4.138	-1.757	3.14	0.03	21.73	14026	2015-10-23 07:00:00
2015-10-23 07:05:00	14027	5.62	317.917	11.144	4.072	-2.218	2.488	0.03	6.26	14032	2015-10-23 07:30:00
2015-10-23 09:35:00	14057	5.78	335.227	11.899	3.54	-1.615	3.483	0.08	9.06	14062	2015-10-23 10:00:00
2015-10-24 10:50:00	14360	6.05	324.477	12.004	0.165	-3.153	4.395	0.04	16.17	14365	2015-10-24 11:15:00
2015-10-24 11:20:00	14366	5.88	329.314	11.989	1.588	-2.628	4.452	0.04	17.19	14371	2015-10-24 11:45:00
2015-10-24 11:50:00	14372	5.9	324.917	11.946	0.683	-3.0	4.285	0.05	15.05	14377	2015-10-24 12:15:00
2015-10-25 05:40:00	14585	5.67	321.364	10.508	2.695	-3.762	4.608	0.08	29.59	14590	2015-10-25 06:05:00
2015-10-25 15:55:00	14702	6.3	323.851	10.412	-6.972	-3.502	4.977	0.08	27.72	14707	2015-10-25 16:20:00
2015-10-25 16:25:00	14708	5.8	319.234	10.074	-7.627	-3.673	4.302	0.05	14.72	14713	2015-10-25 16:50:00
2015-10-25 16:55:00	14714	5.72	322.641	9.697	-7.48	-3.3	4.327	0.02	20.04	14719	2015-10-25 17:20:00
2015-10-25 18:05:00	14728	6.1	319.092	8.652	-6.45	-3.795	4.373	0.02	4.23	14733	2015-10-25 18:30:00
2015-10-25 18:55:00	14738	6.53	321.595	7.743	-6.187	-3.727	4.71	0.02	4.72	14743	2015-10-25 19:20:00
2015-10-25 19:25:00	14744	6.55	322.7	7.119	-6.232	-3.56	4.675	0.02	1.94	14749	2015-10-25 19:50:00
2015-10-26 03:10:00	14837	5.83	337.118	8.583	-5.36	-1.717	4.0	0.03	14.91	14842	2015-10-26 03:35:00
2015-10-26 04:10:00	14849	5.38	345.292	9.506	-4.612	-1.387	5.28	0.02	1.51	14854	2015-10-26 04:35:00
2015-10-26 04:55:00	14858	5.48	339.832	10.084	-4.773	-1.833	4.885	0.01	17.63	14863	2015-10-26 05:20:00
2015-10-26 05:25:00	14864	5.08	335.449	10.422	-4.88	-2.05	4.505	0.05	6.94	14869	2015-10-26 05:50:00
2015-10-28 12:05:00	15373	5.87	318.361	11.848	-2.145	-1.363	1.532	0.02	5.91	15378	2015-10-28 12:30:00
2015-11-03 12:50:00	17048	6.07	318.438	11.461	-8.045	-2.255	2.49	0.06	14.99	17053	2015-11-03 13:15:00
2015-11-05 02:45:00	17503	6.25	318.184	9.224	-3.533	-2.44	2.732	0.03	12.58	17508	2015-11-05 03:10:00
2015-11-18 03:00:00	21103	5.52	315.705	10.482	4.192	-3.022	3.172	0.08	29.58	21108	2015-11-18 03:25:00
2015-11-18 04:55:00	21126	5.5	328.378	11.431	3.233	-2.757	4.498	0.03	19.24	21131	2015-11-18 05:20:00
2015-11-18 05:25:00	21132	5.57	331.086	11.602	2.967	-2.548	4.64	0.01	14.87	21137	2015-11-18 05:50:00
2015-11-18 06:25:00	21144	5.53	320.375	11.853	3.412	-3.118	3.767	0.03	16.48	21149	2015-11-18 06:50:00
2015-11-19 14:20:00	21502	6.82	325.039	9.595	2.807	-1.795	2.533	0.06	17.80	21507	2015-11-19 14:45:00
2015-11-19 15:20:00	21514	6.55	328.361	8.69	2.162	-2.462	3.993	0.01	5.41	21519	2015-11-19 15:45:00
2015-11-19 23:10:00	21608	6.05	343.202	7.107	-1.827	-1.5	4.955	0.07	24.36	21613	2015-11-19 23:35:00
2015-11-19 23:40:00	21614	6.03	337.696	7.733	-0.88	-2.172	5.29	0.09	18.06	21619	2015-11-20 00:05:00
2015-11-20 00:10:00	21620	6.1	326.872	8.299	-0.568	-3.168	4.852	0.09	10.05	21625	2015-11-20 00:35:00
2015-11-20 12:25:00	21767	5.85	317.554	10.816	-0.577	-4.14	4.527	0.01	4.66	21772	2015-11-20 12:50:00
2015-11-20 13:30:00	21780	5.68	343.051	10.142	-0.16	-1.795	5.95	0.08	12.04	21785	2015-11-20 13:55:00
2015-11-20 14:00:00	21786	5.83	332.973	9.772	0.388	-2.717	5.322	0.03	11.45	21791	2015-11-20 14:25:00
2015-11-20 14:30:00	21792	5.78	326.249	9.361	1.762	-3.285	4.91	0.04	16.83	21797	2015-11-20 14:55:00
2015-11-20 15:00:00	21798	5.75	319.476	8.906	1.778	-3.945	4.605	0.03	17.53	21803	2015-11-20 15:25:00
2015-11-20 15:45:00	21807	5.52	315.408	8.134	2.407	-4.265	4.345	0.02	24.24	21812	2015-11-20 16:10:00
2015-11-20 16:15:00	21813	5.37	332.207	7.551	-0.102	-3.112	5.91	0.01	10.76	21818	2015-11-20 16:40:00
2015-11-21 09:55:00	21992	6.23	319.952	11.754	-3.757	-2.307	2.748	0.03	12.02	21997	2015-11-21 10:20:00
2015-11-21 14:00:00	22041	5.9	318.412	9.685	-0.168	-3.173	3.595	0.05	17.59	22046	2015-11-21 14:25:00
2015-11-22 11:25:00	22298	5.98	333.129	11.203	0.46	-1.617	3.168	0.08	25.36	22303	2015-11-22 11:50:00
2015-11-22 23:15:00	22418	5.47	319.54	7.636	1.932	-2.507	2.962	0.04	22.49	22423	2015-11-22 23:40:00
2015-11-23 01:00:00	22437	5.43	330.634	9.422	3.047	-1.453	2.605	0.02	13.87	22442	2015-11-23 01:25:00
2015-11-23 15:20:00	22595	5.55	315.523	8.232	2.983	-1.157	1.147	0.07	22.14	22600	2015-11-23 15:45:00
2015-11-23 23:45:00	22696	5.2	323.878	8.33	3.485	-0.737	0.978	0.03	17.43	22701	2015-11-24 00:10:00
2015-11-24 01:00:00	22711	5.38	345.64	9.515	3.09	-0.5	1.953	0.02	14.10	22716	2015-11-24 01:25:00
2015-11-24 01:30:00	22717	5.4	340.939	9.911	3.097	-0.623	1.788	0.02	12.78	22722	2015-11-24 01:55:00
2015-11-25 09:55:00	23034	5.47	324.197	11.64	0.642	-2.013	2.788	0.09	14.03	23039	2015-11-25 10:20:00
2015-11-25 11:35:00	23054	5.37	316.767	10.973	0.297	-2.618	2.787	0.03	9.48	23059	2015-11-25 12:00:00
2015-11-25 12:30:00	23065	5.42	334.989	10.45	-0.74	-1.648	3.53	0.08	2.61	23070	2015-11-25 12:55:00
2015-11-25 13:00:00	23071	5.43	333.835	10.115	-0.67	-1.635	3.323	0.04	5.07	23076	2015-11-25 13:25:00
2015-11-25 22:40:00	23187	5.42	333.579	7.317	-1.702	-1.197	2.3	0.08	29.72	23192	2015-11-25 23:05:00
2015-11-25 23:35:00	23198	5.35	325.624	8.384	-1.597	-1.75	2.557	0.02	10.72	23203	2015-11-26 00:00:00
2015-11-26 06:25:00	23280	5.4	330.425	11.984	-1.883	-1.377	2.398	0.04	24.13	23285	2015-11-26 06:50:00
2015-12-15 03:35:00	28459	5.7	319.389	11.879	6.203	-2.882	3.483	0.03	21.02	28464	2015-12-15 04:00:00
2015-12-17 04:25:00	29030	6.15	326.373	11.997	-0.233	-3.065	4.588	0.09	11.73	29035	2015-12-17 04:50:00
2015-12-17 06:20:00	29053	6.45	327.429	11.895	-0.518	-2.568	4.027	0.08	5.98	29058	2015-12-17 06:45:00
2015-12-23 02:25:00	30592	5.95	322.559	11.827	3.66	-2.775	3.642	0.07	22.09	30597	2015-12-23 02:50:00
2015-12-26 08:50:00	31532	5.85	336.629	10.582	5.542	-1.33	3.073	0.03	17.27	31537	2015-12-26 09:15:00
2015-12-27 02:20:00	31741	5.02	323.018	11.891	6.928	-1.958	2.598	0.03	11.46	31746	2015-12-27 02:45:00
2016-01-04 20:35:00	34039	6.15	331.815	9.726	-4.735	-1.04	1.855	0.04	24.44	34044	2016-01-04 21:00:00
2016-01-13 18:35:00	36285	5.4	328.739	8.875	4.592	-1.073	1.717	0.05	26.66	36290	2016-01-13 19:00:00
2016-01-15 04:15:00	36614	5.43	331.559	11.598	3.517	-0.672	1.23	0.05	22.12	36619	2016-01-15 04:40:00
2016-01-16 20:00:00	36995	5.42	318.296	10.299	-3.16	-3.15	3.522	0.07	9.63	37000	2016-01-16 20:25:00
2016-01-17 20:00:00	37281	5.53	321.7	10.376	-2.87	-1.242	1.59	0.03	12.27	37286	2016-01-17 20:25:00
2016-01-17 21:45:00	37302	5.45	318.838	11.296	-3.053	-1.237	1.452	0.09	20.24	37307	2016-01-17 22:10:00
2016-01-17 22:45:00	37314	5.35	324.935	11.644	-3.312	-1.13	1.588	0.03	11.74	37319	2016-01-17 23:10:00
2016-01-18 07:00:00	37413	5.23	333.146	10.034	-1.307	-2.05	3.992	0.09	27.58	37418	2016-01-18 07:25:00
2016-01-18 07:35:00	37420	5.15	344.025	9.586	-2.085	-1.198	4.132	0.04	19.84	37425	2016-01-18 08:00:00
2016-01-18 08:05:00	37426	5.28	341.39	9.156	-1.513	-1.408	4.155	0.08	17.72	37431	2016-01-18 08:30:00
2016-01-18 08:45:00	37434	5.25	338.914	8.513	-0.74	-1.65	4.198	0.04	12.44	37439	2016-01-18 09:10:00
2016-01-22 09:30:00	38502	5.42	336.376	7.099	3.853	-1.817	3.992	0.04	27.70	38507	2016-01-22 09:55:00
2016-01-26 01:20:00	39165	5.38	337.279	11.935	4.713	-0.865	2.06	0.07	8.04	39170	2016-01-26 01:45:00
2016-01-27 04:40:00	39365	5.75	353.136	10.828	4.717	-0.697	5.803	0.05	12.36	39370	2016-01-27 05:05:00
2016-01-27 05:55:00	39380	5.32	341.721	10.047	4.252	-1.76	5.333	0.08	6.53	39385	2016-01-27 06:20:00
2016-02-02 18:20:00	41162	5.18	318.025	10.504	6.828	-3.973	4.417	0.03	2.54	41167	2016-02-02 18:45:00
2016-02-09 04:55:00	42841	5.07	315.356	9.634	-0.928	-6.068	6.242	0.06	19.07	42846	2016-02-09 05:20:00
2016-02-09 05:25:00	42847	5.1	316.962	9.212	-0.67	-5.933	6.455	0.07	23.72	42852	2016-02-09 05:50:00
2016-02-14 01:55:00	44160	5.72	317.831	11.127	-0.902	-2.542	2.787	0.03	19.70	44165	2016-02-14 02:20:00
2016-02-18 21:00:00	45402	6.53	328.276	11.973	4.03	-1.408	2.3	0.04	29.22	45407	2016-02-18 21:25:00
2016-02-23 03:15:00	46575	5.25	341.122	9.629	4.433	-0.485	1.398	0.03	25.33	46580	2016-02-23 03:40:00
2016-03-06 02:25:00	49679	6.07	355.229	9.124	-3.403	-0.548	6.563	0.04	6.38	49684	2016-03-06 02:50:00
2016-03-06 02:55:00	49685	6.02	346.014	8.648	-2.902	-1.667	6.627	0.04	6.54	49690	2016-03-06 03:20:00
2016-03-06 03:25:00	49691	5.98	341.876	8.122	-1.7	-2.315	7.073	0.04	3.08	49696	2016-03-06 03:50:00
2016-03-06 04:15:00	49701	5.58	340.4	7.121	-3.612	-2.747	7.743	0.10	17.77	49706	2016-03-06 04:40:00
2016-03-13 02:20:00	51556	6.63	342.58	8.385	-4.202	-0.457	1.295	0.03	16.87	51561	2016-03-13 02:45:00
2016-03-13 16:15:00	51720	6.03	320.872	11.667	-2.623	-2.088	2.518	0.07	29.78	51725	2016-03-13 16:40:00
2016-03-13 18:50:00	51751	6.53	340.858	11.981	-3.378	-0.9	2.625	0.04	17.55	51756	2016-03-13 19:15:00
2016-03-13 19:20:00	51757	6.47	345.893	11.954	-3.315	-0.743	2.957	0.04	8.70	51762	2016-03-13 19:45:00
2016-03-13 19:50:00	51763	6.37	350.328	11.899	-3.392	-0.48	2.815	0.02	11.16	51768	2016-03-13 20:15:00
2016-03-24 18:30:00	54798	5.07	333.588	11.901	-6.093	-1.628	2.982	0.09	29.36	54803	2016-03-24 18:55:00
2016-03-28 13:45:00	55878	5.4	333.081	11.442	-5.823	-2.105	4.075	0.02	29.75	55883	2016-03-28 14:10:00
2016-04-01 20:45:00	57087	5.33	334.16	10.873	-4.81	-0.852	1.687	0.07	12.72	57092	2016-04-01 21:10:00
2016-04-02 08:25:00	57225	5.22	318.501	8.135	-4.12	-1.038	1.172	0.08	9.34	57230	2016-04-02 08:50:00
2016-04-03 08:05:00	57509	6.03	320.68	7.892	2.59	-3.082	3.743	0.04	21.63	57514	2016-04-03 08:30:00
2016-04-07 09:15:00	58597	5.37	319.506	9.507	5.055	-3.08	3.632	0.07	6.60	58602	2016-04-07 09:40:00
2016-04-10 22:25:00	59619	5.03	354.604	8.901	-2.597	-0.587	6.23	0.10	5.91	59624	2016-04-10 22:50:00
2016-04-19 10:45:00	62063	5.9	347.112	11.278	-1.508	-0.85	3.695	0.04	9.73	62068	2016-04-19 11:10:00
2016-04-21 21:30:00	62768	5.88	321.45	8.548	0.345	-3.205	3.992	0.08	27.99	62773	2016-04-21 21:55:00
2016-04-22 06:20:00	62874	5.73	352.985	8.413	-5.147	-0.313	2.472	0.04	14.83	62879	2016-04-22 06:45:00
2016-04-28 19:50:00	64759	6.3	344.187	9.372	-2.775	-0.452	1.675	0.04	26.63	64764	2016-04-28 20:15:00
2016-04-29 19:35:00	65044	6.48	347.403	9.486	0.798	-1.047	4.7	0.02	21.60	65049	2016-04-29 20:00:00
2016-05-04 07:55:00	66201	6.33	326.801	10.746	1.98	-1.553	2.325	0.10	22.18	66206	2016-05-04 08:20:00
2016-05-04 08:25:00	66207	6.57	333.371	11.009	0.853	-1.455	2.778	0.04	29.47	66212	2016-05-04 08:50:00
2016-05-05 11:20:00	66530	5.08	334.078	11.933	-1.048	-2.89	5.953	0.06	12.97	66535	2016-05-05 11:45:00
2016-05-05 11:50:00	66536	5.3	318.529	11.981	-1.427	-4.195	4.747	0.07	4.02	66541	2016-05-05 12:15:00
2016-05-07 17:40:00	66997	5.77	330.354	10.241	-2.445	-2.218	3.857	0.09	17.18	67002	2016-05-07 18:05:00
2016-05-08 19:30:00	67254	5.45	318.742	8.616	5.12	-2.868	3.385	0.05	22.69	67259	2016-05-08 19:55:00
2016-05-09 12:10:00	67430	6.47	321.984	12.005	3.393	-2.748	3.53	0.03	24.69	67435	2016-05-09 12:35:00
2016-05-10 15:40:00	67685	5.82	319.846	11.174	1.895	-2.865	3.438	0.04	23.41	67690	2016-05-10 16:05:00
2016-05-11 05:55:00	67813	5.92	317.766	9.973	2.658	-1.322	1.483	0.02	23.62	67818	2016-05-11 06:20:00
2016-05-24 18:35:00	71176	6.12	330.361	7.632	-2.085	-1.33	2.4	0.05	26.66	71181	2016-05-24 19:00:00
2015-09-10 20:00:00	2577	6.88	11.144	10.907	-1.937	1.69	8.555	0.06	9.24	2582	2015-09-10 20:25:00
2015-09-16 18:55:00	3995	6.03	20.421	11.109	-4.408	1.08	2.792	0.07	27.28	4000	2015-09-16 19:20:00
2015-09-17 15:40:00	4244	5.6	41.99	11.961	-4.827	1.857	2.072	0.03	27.26	4249	2015-09-17 16:05:00
2015-09-21 08:00:00	5232	5.2	39.758	9.476	-4.25	3.952	4.71	0.02	25.99	5237	2015-09-21 08:25:00
2015-09-21 10:40:00	5264	6.1	16.008	11.164	0.538	1.673	5.842	0.04	19.71	5269	2015-09-21 11:05:00
2015-09-21 11:55:00	5279	5.52	28.223	11.626	4.493	1.633	3.1	0.07	22.82	5284	2015-09-21 12:20:00
2015-09-21 21:40:00	5396	6.62	19.044	8.803	-3.875	0.885	2.592	0.09	14.17	5401	2015-09-21 22:05:00
2015-09-21 22:10:00	5402	5.93	7.179	8.292	-3.98	0.38	3.02	0.02	6.55	5407	2015-09-21 22:35:00
2015-09-22 21:05:00	5677	6.65	7.09	9.24	3.48	0.328	2.593	0.10	11.10	5682	2015-09-22 21:30:00
2015-09-29 11:40:00	7530	5.03	15.021	11.794	2.038	0.98	3.593	0.04	11.02	7535	2015-09-29 12:05:00
2015-10-10 09:05:00	10321	5.72	28.547	11.382	-3.002	1.748	3.175	0.06	15.64	10326	2015-10-10 09:30:00
2015-10-11 07:35:00	10591	6.45	25.885	10.73	-1.687	1.478	3.173	0.03	24.10	10596	2015-10-11 08:00:00
2015-10-11 08:10:00	10598	6.52	22.027	11.035	-2.073	1.312	3.228	0.02	8.83	10603	2015-10-11 08:35:00
2015-10-11 09:40:00	10616	6.38	34.33	11.619	-1.668	2.01	3.117	0.02	24.05	10621	2015-10-11 10:05:00
2015-10-11 16:05:00	10693	6.95	36.709	11.147	-0.643	2.362	3.172	0.09	28.51	10698	2015-10-11 16:30:00
2015-10-16 18:20:00	12148	6.83	40.423	9.343	0.125	1.733	2.043	0.08	12.21	12153	2015-10-16 18:45:00
2015-10-19 14:05:00	12960	6.3	42.632	11.588	-3.177	0.975	1.04	0.07	14.98	12965	2015-10-19 14:30:00
2015-10-22 08:15:00	13754	5.77	6.678	11.554	4.058	0.388	3.513	0.03	11.63	13759	2015-10-22 08:40:00
2015-10-22 09:15:00	13766	6.37	5.556	11.818	-0.263	0.482	4.888	0.10	5.26	13771	2015-10-22 09:40:00
2015-10-22 09:45:00	13772	6.53	11.126	11.907	-1.283	0.912	4.625	0.09	9.65	13777	2015-10-22 10:10:00
2015-10-22 10:15:00	13778	6.52	14.764	11.966	-1.708	1.173	4.46	0.02	8.05	13783	2015-10-22 10:40:00
2015-10-22 11:45:00	13796	5.88	7.189	11.975	3.538	0.383	2.998	0.03	6.58	13801	2015-10-22 12:10:00
2015-10-23 18:15:00	14161	6.15	30.966	8.705	0.695	3.147	5.245	0.04	8.10	14166	2015-10-23 18:40:00
2015-10-26 16:55:00	14982	5.0	35.646	9.611	-5.413	0.687	0.948	0.01	28.16	14987	2015-10-26 17:20:00
2015-10-29 01:40:00	15536	5.2	26.616	7.239	-3.932	1.817	3.622	0.05	16.26	15541	2015-10-29 02:05:00
2015-10-29 02:30:00	15546	5.52	17.346	8.227	-3.432	1.163	3.732	0.06	13.91	15551	2015-10-29 02:55:00
2015-10-29 03:00:00	15552	5.58	34.29	8.745	-2.755	2.377	3.485	0.02	7.95	15557	2015-10-29 03:25:00
2015-10-29 05:20:00	15580	5.0	37.053	10.575	-5.147	2.492	3.368	0.09	21.44	15585	2015-10-29 05:45:00
2015-11-06 10:15:00	17859	5.05	36.004	11.97	-5.827	1.505	2.112	0.01	26.33	17864	2015-11-06 10:40:00
2015-11-19 13:40:00	21494	6.47	38.612	10.103	3.728	2.017	2.535	0.08	13.47	21499	2015-11-19 14:05:00
2015-11-26 07:55:00	23298	5.45	16.427	11.995	-2.26	0.58	1.967	0.07	6.36	23303	2015-11-26 08:20:00
2015-12-09 05:15:00	26766	6.88	15.112	12.005	-1.227	1.232	4.602	0.01	23.75	26771	2015-12-09 05:40:00
2015-12-09 06:00:00	26775	6.7	16.661	12.019	0.302	1.563	5.207	0.02	15.13	26780	2015-12-09 06:25:00
2015-12-09 06:30:00	26781	6.67	22.3	11.993	-0.21	2.107	5.138	0.02	8.79	26786	2015-12-09 06:55:00
2015-12-09 07:10:00	26789	6.93	27.129	11.914	-1.143	2.128	4.183	0.09	17.10	26794	2015-12-09 07:35:00
2015-12-09 08:25:00	26804	6.2	38.783	11.628	-4.043	2.513	3.117	0.07	26.12	26809	2015-12-09 08:50:00
2015-12-09 21:20:00	26958	6.62	25.572	7.579	0.093	2.363	5.048	0.02	23.18	26963	2015-12-09 21:45:00
2015-12-09 22:00:00	26966	6.4	31.45	8.341	-0.842	3.215	5.202	0.07	20.70	26971	2015-12-09 22:25:00
2015-12-11 22:40:00	27550	6.57	30.669	9.206	-2.32	2.293	3.853	0.05	14.62	27555	2015-12-11 23:05:00
2015-12-12 00:25:00	27571	6.97	40.612	10.522	-2.255	2.463	2.943	0.03	24.03	27576	2015-12-12 00:50:00
2015-12-24 08:30:00	30953	5.48	26.65	10.898	5.178	2.55	4.807	0.03	28.68	30958	2015-12-24 08:55:00
2015-12-24 09:00:00	30959	5.53	25.201	10.618	4.187	3.06	6.377	0.06	15.23	30964	2015-12-24 09:25:00
2015-12-24 23:45:00	31135	5.72	13.685	10.959	4.483	1.51	5.858	0.04	27.05	31140	2015-12-25 00:10:00
2015-12-25 00:50:00	31148	6.02	34.626	11.434	2.105	3.65	5.247	0.05	13.55	31153	2015-12-25 01:15:00
2015-12-30 01:00:00	32505	5.57	30.775	11.666	-4.26	1.16	1.988	0.03	28.86	32510	2015-12-30 01:25:00
2016-01-03 01:25:00	33594	5.52	40.77	11.867	-6.492	2.475	2.905	0.02	16.54	33599	2016-01-03 01:50:00
2016-01-04 21:15:00	34047	6.1	9.925	10.216	-4.083	0.558	3.09	0.05	15.52	34052	2016-01-04 21:40:00
2016-01-05 02:05:00	34075	5.67	21.421	11.982	-5.178	1.623	4.193	0.09	15.27	34080	2016-01-05 02:30:00
2016-01-05 06:55:00	34133	6.27	17.067	11.0	-2.377	1.647	5.383	0.09	20.74	34138	2016-01-05 07:20:00
2016-01-05 10:10:00	34172	5.2	41.131	8.605	-5.797	5.158	5.908	0.04	17.68	34177	2016-01-05 10:35:00
2016-01-09 22:40:00	35297	5.63	36.835	11.29	1.508	4.095	5.462	0.04	14.32	35302	2016-01-09 23:05:00
2016-01-18 03:25:00	37370	5.27	30.082	11.734	-3.21	0.823	1.375	0.05	20.88	37375	2016-01-18 03:50:00
2016-01-18 04:00:00	37377	5.22	16.231	11.568	-3.443	0.573	1.885	0.05	20.47	37382	2016-01-18 04:25:00
2016-01-19 08:55:00	37679	5.37	25.487	8.214	0.387	3.86	8.117	0.07	17.97	37684	2016-01-19 09:20:00
2016-01-23 08:25:00	38777	6.47	13.241	8.252	5.088	0.563	2.282	0.07	24.26	38782	2016-01-23 08:50:00
2016-01-26 06:00:00	39197	6.97	24.896	10.074	3.467	1.072	2.322	0.02	6.77	39202	2016-01-26 06:25:00
2016-01-26 06:30:00	39203	6.93	28.49	9.699	3.333	1.3	2.423	0.03	11.26	39208	2016-01-26 06:55:00
2016-01-26 07:20:00	39213	6.82	21.23	8.981	3.54	1.048	2.677	0.03	10.98	39218	2016-01-26 07:45:00
2016-01-26 07:50:00	39219	6.73	39.371	8.489	3.427	1.915	2.315	0.04	12.97	39224	2016-01-26 08:15:00
2016-01-26 08:20:00	39225	6.38	43.107	7.945	3.003	2.487	2.658	0.02	6.56	39230	2016-01-26 08:45:00
2016-01-26 15:30:00	39287	6.35	34.922	7.107	4.418	1.347	1.933	0.09	6.98	39292	2016-01-26 15:55:00
2016-02-04 02:15:00	41545	5.0	30.105	11.479	-3.137	3.262	5.618	0.06	27.54	41550	2016-02-04 02:40:00
2016-02-04 02:45:00	41551	5.17	24.93	11.29	-2.243	2.568	5.535	0.04	25.96	41556	2016-02-04 03:10:00
2016-02-04 05:00:00	41578	5.5	26.008	10.029	0.798	2.787	5.698	0.07	8.34	41583	2016-02-04 05:25:00
2016-02-04 05:40:00	41586	5.72	20.859	9.513	1.742	1.582	3.698	0.03	25.13	41591	2016-02-04 06:05:00
2016-02-07 04:45:00	42389	6.42	37.793	9.951	0.893	3.168	4.105	0.08	21.06	42394	2016-02-07 05:10:00
2016-02-13 17:25:00	44058	5.68	43.475	10.726	-2.697	3.275	3.392	0.08	10.39	44063	2016-02-13 17:50:00
2016-02-15 17:20:00	44541	6.27	30.082	10.811	-3.083	2.567	4.243	0.10	23.19	44546	2016-02-15 17:45:00
2016-02-15 17:50:00	44547	6.28	35.835	11.064	-3.12	3.085	4.26	0.08	22.22	44552	2016-02-15 18:15:00
2016-02-22 16:00:00	46441	5.22	20.06	10.516	-1.137	2.07	5.687	0.10	26.36	46446	2016-02-22 16:25:00
2016-02-26 12:00:00	47536	5.17	26.558	7.34	-4.298	1.645	3.287	0.01	12.62	47541	2016-02-26 12:25:00
2016-02-26 12:30:00	47542	5.18	18.698	7.94	-4.063	1.205	3.528	0.05	14.49	47547	2016-02-26 12:55:00
2016-02-26 21:15:00	47647	5.12	8.966	11.95	-3.56	0.738	4.773	0.09	14.74	47652	2016-02-26 21:40:00
2016-02-28 02:45:00	47998	5.17	23.556	9.546	-4.878	1.625	3.653	0.05	24.61	48003	2016-02-28 03:10:00
2016-02-29 02:50:00	48284	6.12	19.979	9.379	3.495	0.695	1.912	0.07	21.24	48289	2016-02-29 03:15:00
2016-02-29 03:50:00	48296	6.28	36.913	8.433	3.237	1.19	1.582	0.08	17.55	48301	2016-02-29 04:15:00
2016-02-29 04:30:00	48304	6.37	18.741	7.69	2.653	0.622	1.882	0.10	18.80	48309	2016-02-29 04:55:00
2016-02-29 16:05:00	48443	6.05	37.153	11.024	0.768	2.747	3.625	0.08	5.18	48448	2016-02-29 16:30:00
2016-02-29 16:50:00	48452	5.57	35.269	11.351	-2.193	2.78	3.958	0.07	23.90	48457	2016-02-29 17:15:00
2016-02-29 19:25:00	48483	5.87	39.377	11.954	-4.372	2.778	3.345	0.06	16.88	48488	2016-02-29 19:50:00
2016-03-01 02:05:00	48562	5.65	10.36	9.886	-4.395	0.68	4.355	0.04	21.39	48567	2016-03-01 02:30:00
2016-03-02 15:30:00	48958	5.47	16.837	10.848	-5.667	1.185	3.903	0.04	25.92	48963	2016-03-02 15:55:00
2016-03-02 17:25:00	48981	5.67	35.073	11.627	-2.402	3.885	5.552	0.06	28.97	48986	2016-03-02 17:50:00
2016-03-02 20:25:00	49017	5.62	43.583	11.971	-2.392	4.547	4.783	0.06	12.17	49022	2016-03-02 20:50:00
2016-03-02 21:15:00	49027	5.67	23.138	11.885	-3.232	2.252	5.25	0.03	20.40	49032	2016-03-02 21:40:00
2016-03-02 21:45:00	49033	5.52	30.006	11.795	-4.865	2.157	3.775	0.00	20.02	49038	2016-03-02 22:10:00
2016-03-03 16:05:00	49130	6.22	44.346	11.186	-1.022	3.27	3.342	0.03	26.54	49135	2016-03-03 16:30:00
2016-03-03 16:40:00	49137	6.35	24.565	11.42	-1.025	1.677	3.76	0.02	16.85	49142	2016-03-03 17:05:00
2016-03-04 03:35:00	49233	5.83	23.43	8.202	-2.87	1.277	3.08	0.03	23.18	49238	2016-03-04 04:00:00
2016-03-04 04:10:00	49240	5.7	41.609	7.529	-3.252	1.998	2.258	0.07	7.66	49245	2016-03-04 04:35:00
2016-03-04 18:35:00	49360	5.78	22.453	11.914	1.165	1.727	4.177	0.01	6.71	49365	2016-03-04 19:00:00
2016-03-04 19:05:00	49366	5.83	21.746	11.962	1.592	1.645	4.103	0.03	13.78	49371	2016-03-04 19:30:00
2016-03-04 19:35:00	49372	5.77	23.333	11.982	0.788	1.817	4.22	0.02	13.76	49377	2016-03-04 20:00:00
2016-03-04 20:05:00	49378	5.67	21.365	11.974	0.71	1.725	4.408	0.03	7.62	49383	2016-03-04 20:30:00
2016-03-04 21:25:00	49394	5.72	22.936	11.813	0.208	1.683	3.943	0.05	9.83	49399	2016-03-04 21:50:00
2016-03-05 00:55:00	49430	5.28	34.98	10.371	-1.753	2.177	2.947	0.06	15.05	49435	2016-03-05 01:20:00
2016-03-05 01:25:00	49436	5.3	39.653	10.031	0.573	3.192	3.852	0.01	4.26	49441	2016-03-05 01:50:00
2016-03-05 01:55:00	49442	5.43	39.357	9.652	0.298	3.135	3.825	0.01	8.95	49447	2016-03-05 02:20:00
2016-03-05 02:25:00	49448	5.5	40.219	9.232	0.482	3.095	3.645	0.02	13.31	49453	2016-03-05 02:50:00
2016-03-05 03:35:00	49462	5.6	34.462	8.071	0.19	2.438	3.587	0.07	19.38	49467	2016-03-05 04:00:00
2016-03-05 18:25:00	49629	6.35	39.566	11.906	-2.518	2.493	3.055	0.10	18.19	49634	2016-03-05 18:50:00
2016-03-05 21:00:00	49639	6.17	17.119	11.865	-3.023	1.252	4.173	0.04	15.48	49644	2016-03-05 21:25:00
2016-03-05 21:45:00	49648	6.42	22.687	11.71	-1.908	1.913	4.642	0.04	29.52	49653	2016-03-05 22:10:00
2016-03-05 23:05:00	49664	6.45	8.07	11.27	-1.787	0.725	5.185	0.06	20.88	49669	2016-03-05 23:30:00
2016-03-11 21:00:00	51258	6.73	23.67	11.717	-0.155	2.273	5.362	0.05	26.60	51263	2016-03-11 21:25:00
2016-03-12 12:45:00	51393	5.92	8.326	9.849	-5.64	0.45	3.09	0.04	9.45	51398	2016-03-12 13:10:00
2016-03-12 13:30:00	51402	5.83	11.342	10.373	-5.818	0.483	2.452	0.03	13.64	51407	2016-03-12 13:55:00
2016-03-12 23:05:00	51517	6.7	35.541	10.879	-3.998	1.525	2.103	0.04	17.18	51522	2016-03-12 23:30:00
2016-03-12 23:35:00	51523	6.65	20.431	10.601	-4.397	0.672	1.792	0.01	22.34	51528	2016-03-13 00:00:00
2016-03-13 00:05:00	51529	6.68	26.537	10.288	-4.033	1.122	2.235	0.07	18.85	51534	2016-03-13 00:30:00
2016-03-13 01:40:00	51548	6.68	33.394	9.042	-2.933	2.172	3.282	0.06	7.84	51553	2016-03-13 02:05:00
2016-03-13 10:10:00	51650	5.93	39.232	7.429	-3.508	2.817	3.43	0.02	16.68	51655	2016-03-13 10:35:00
2016-03-13 10:40:00	51656	5.77	34.188	8.021	-4.225	2.282	3.348	0.06	11.90	51661	2016-03-13 11:05:00
2016-03-13 21:10:00	51779	6.27	13.341	11.611	-3.885	0.438	2.047	0.05	28.35	51784	2016-03-13 21:35:00
2016-03-17 17:30:00	52820	5.63	37.387	11.96	4.995	0.912	1.202	0.04	29.23	52825	2016-03-17 17:55:00
2016-03-21 16:55:00	53915	6.18	32.445	11.949	-3.688	2.215	3.597	0.05	25.79	53920	2016-03-21 17:20:00
2016-03-22 14:00:00	54168	5.15	17.225	11.257	-3.188	1.582	4.978	0.05	26.29	54173	2016-03-22 14:25:00
2016-03-22 15:00:00	54180	5.42	34.358	11.611	-1.215	2.998	4.413	0.03	17.85	54185	2016-03-22 15:25:00
2016-03-22 15:30:00	54186	5.03	28.261	11.743	-3.195	2.342	4.292	0.09	18.01	54191	2016-03-22 15:55:00
2016-03-22 18:30:00	54222	5.0	30.354	11.929	-3.05	2.512	4.25	0.08	18.69	54227	2016-03-22 18:55:00
2016-03-22 19:00:00	54228	5.1	39.005	11.861	-2.652	3.207	3.948	0.02	17.12	54233	2016-03-22 19:25:00
2016-03-22 19:30:00	54234	5.33	42.056	11.763	-1.452	3.51	3.882	0.05	7.32	54239	2016-03-22 19:55:00
2016-03-25 23:10:00	55128	6.4	40.467	9.846	-3.417	0.95	1.133	0.06	25.19	55133	2016-03-25 23:35:00
2016-03-26 00:40:00	55146	6.27	40.971	8.516	-3.402	1.462	1.68	0.05	11.86	55151	2016-03-26 01:05:00
2016-03-26 01:10:00	55152	6.08	32.176	7.977	-3.707	1.143	1.78	0.07	26.26	55157	2016-03-26 01:35:00
2016-03-26 09:10:00	55248	6.42	33.132	8.067	-2.952	0.647	0.973	0.04	27.04	55253	2016-03-26 09:35:00
2016-03-28 08:05:00	55810	5.08	43.639	7.036	-5.215	3.845	4.065	0.04	14.99	55815	2016-03-28 08:30:00
2016-03-28 15:00:00	55893	5.8	22.701	11.796	-2.157	2.665	6.345	0.01	24.52	55898	2016-03-28 15:25:00
2016-03-28 15:45:00	55902	5.72	18.459	11.921	-3.305	2.065	6.36	0.02	28.82	55907	2016-03-28 16:10:00
2016-03-28 16:15:00	55908	5.72	26.752	11.969	-3.532	2.972	5.97	0.02	24.65	55913	2016-03-28 16:40:00
2016-03-29 17:15:00	56208	6.32	33.178	11.973	-3.347	1.87	2.822	0.10	24.14	56213	2016-03-29 17:40:00
2016-03-29 18:25:00	56222	6.4	38.534	11.825	-4.157	1.917	2.49	0.06	24.43	56227	2016-03-29 18:50:00
2016-04-08 10:40:00	58902	5.32	14.201	10.594	1.5	1.693	6.628	0.05	21.17	58907	2016-04-08 11:05:00
2016-04-08 15:00:00	58954	5.4	14.927	11.973	1.347	1.528	5.755	0.03	12.86	58959	2016-04-08 15:25:00
2016-04-08 20:20:00	59018	5.78	27.787	10.649	0.005	2.143	4.077	0.09	9.70	59023	2016-04-08 20:45:00
2016-04-08 20:50:00	59024	5.83	23.33	10.341	0.575	1.853	4.295	0.04	7.59	59029	2016-04-08 21:15:00
2016-04-08 21:20:00	59030	6.1	25.849	9.996	1.802	1.762	3.665	0.09	8.99	59035	2016-04-08 21:45:00
2016-04-08 21:50:00	59036	5.95	34.191	9.613	0.47	2.372	3.473	0.06	18.53	59041	2016-04-08 22:15:00
2016-04-08 22:30:00	59044	5.97	18.073	9.036	0.72	1.27	3.927	0.05	29.90	59049	2016-04-08 22:55:00
2016-04-09 00:00:00	59062	5.5	44.077	7.421	0.232	3.437	3.553	0.06	23.94	59067	2016-04-09 00:25:00
2016-04-09 06:40:00	59142	5.97	41.312	7.023	-0.617	2.785	3.153	0.09	13.16	59147	2016-04-09 07:05:00
2016-04-09 08:20:00	59162	6.0	24.355	8.903	-2.91	1.453	3.172	0.07	27.37	59167	2016-04-09 08:45:00
2016-04-09 11:05:00	59195	6.17	17.539	10.892	-1.788	0.975	3.077	0.10	18.25	59200	2016-04-09 11:30:00
2016-04-09 19:25:00	59295	5.95	44.268	11.072	-3.058	1.782	1.828	0.07	21.73	59300	2016-04-09 19:50:00
2016-04-09 19:55:00	59301	5.93	39.087	10.819	-3.167	1.813	2.238	0.08	9.74	59306	2016-04-09 20:20:00
2016-04-10 19:35:00	59585	5.23	20.186	10.935	-1.908	2.22	5.97	0.04	20.96	59590	2016-04-10 20:00:00
2016-04-10 20:05:00	59591	5.25	25.354	10.663	-1.777	2.91	6.147	0.05	8.49	59596	2016-04-10 20:30:00
2016-04-10 23:45:00	59635	5.02	14.965	7.448	-3.138	1.415	5.13	0.06	27.76	59640	2016-04-11 00:10:00
2016-04-15 14:25:00	60958	5.07	17.798	11.986	7.797	1.065	3.322	0.07	18.31	60963	2016-04-15 14:50:00
2016-04-15 17:00:00	60988	5.13	33.128	11.701	7.107	2.23	3.455	0.04	29.09	60993	2016-04-15 17:25:00
2016-04-18 06:00:00	61720	5.28	15.373	7.502	0.038	2.628	9.482	0.09	10.76	61725	2016-04-18 06:25:00
2016-04-18 06:30:00	61726	5.1	25.539	8.088	0.763	4.325	9.057	0.01	7.69	61731	2016-04-18 06:55:00
2016-04-18 17:35:00	61859	5.38	30.564	11.406	-5.148	0.57	0.988	0.02	14.40	61864	2016-04-18 18:00:00
2016-04-21 14:25:00	62683	5.02	39.342	11.986	-4.962	2.712	3.14	0.02	28.21	62688	2016-04-21 14:50:00
2016-04-21 19:05:00	62739	5.25	30.648	10.5	-4.595	2.628	4.457	0.05	12.16	62744	2016-04-21 19:30:00
2016-04-21 19:40:00	62746	5.15	14.178	10.115	-5.597	1.06	4.092	0.08	19.95	62751	2016-04-21 20:05:00
2016-04-22 17:05:00	63003	5.35	26.847	11.423	-5.628	3.677	7.12	0.07	26.06	63008	2016-04-22 17:30:00
2016-04-22 17:55:00	63013	5.13	29.169	11.073	-4.782	4.0	7.172	0.09	27.70	63018	2016-04-22 18:20:00
2016-04-23 05:05:00	63147	6.7	23.127	7.079	-2.89	1.523	3.583	0.06	17.12	63152	2016-04-23 05:30:00
2016-04-23 05:35:00	63153	6.85	35.559	7.706	-2.33	2.763	3.828	0.03	17.91	63158	2016-04-23 06:00:00
2016-04-23 06:05:00	63159	6.85	27.083	8.272	-2.48	2.058	4.007	0.08	25.04	63164	2016-04-23 06:30:00
2016-04-23 14:25:00	63259	6.27	17.515	11.977	-1.882	1.705	5.388	0.09	11.08	63264	2016-04-23 14:50:00
2016-04-23 15:25:00	63271	6.27	35.097	11.851	-1.855	3.045	4.293	0.08	22.03	63276	2016-04-23 15:50:00
2016-04-23 17:05:00	63291	5.85	16.975	11.382	-3.13	2.015	6.427	0.10	23.56	63296	2016-04-23 17:30:00
2016-04-24 06:30:00	63448	5.78	39.963	8.817	-5.235	2.167	2.665	0.07	22.32	63453	2016-04-24 06:55:00
2016-04-24 07:00:00	63454	6.12	13.861	9.278	-4.035	0.893	3.738	0.04	20.80	63459	2016-04-24 07:25:00
2016-04-24 08:10:00	63468	6.0	33.836	10.188	-4.138	2.203	3.238	0.02	17.50	63473	2016-04-24 08:35:00
2016-04-24 20:30:00	63616	5.63	26.923	9.182	-2.958	2.077	4.385	0.05	28.31	63621	2016-04-24 20:55:00
2016-04-24 21:20:00	63626	6.0	21.577	8.368	0.782	2.09	5.313	0.08	5.59	63631	2016-04-24 21:45:00
2016-04-24 21:50:00	63632	5.87	25.48	7.812	0.027	2.513	5.313	0.03	24.94	63637	2016-04-24 22:15:00
2016-04-25 21:20:00	63914	6.15	32.798	8.249	-0.882	1.77	2.778	0.01	22.41	63919	2016-04-25 21:45:00
2016-04-25 21:55:00	63921	6.3	38.293	7.579	1.457	2.33	2.993	0.03	26.96	63926	2016-04-25 22:20:00
2016-04-26 05:55:00	64017	6.33	42.349	8.459	3.173	2.457	2.67	0.02	12.51	64022	2016-04-26 06:20:00
2016-04-26 10:05:00	64067	6.7	24.289	11.342	1.395	1.352	2.995	0.10	21.71	64072	2016-04-26 10:30:00
2016-04-28 04:30:00	64575	6.57	18.813	7.057	-1.788	1.2	3.545	0.05	11.49	64580	2016-04-28 04:55:00
2016-04-28 05:00:00	64581	6.32	9.585	7.686	-2.205	0.658	3.703	0.03	17.11	64586	2016-04-28 05:25:00
2016-04-28 05:30:00	64587	6.33	9.961	8.255	-2.082	0.653	3.73	0.03	2.86	64592	2016-04-28 05:55:00
2016-04-28 06:15:00	64596	5.63	7.265	9.009	-4.2	0.262	2.062	0.04	4.43	64601	2016-04-28 06:40:00
2016-04-28 21:25:00	64778	6.2	44.727	7.773	-3.19	0.88	0.873	0.06	19.21	64783	2016-04-28 21:50:00
2016-04-29 04:50:00	64867	6.27	37.811	7.622	-2.978	1.133	1.452	0.03	27.27	64872	2016-04-29 05:15:00
2016-04-29 05:25:00	64874	6.02	26.912	8.287	-3.21	1.002	1.973	0.02	9.26	64879	2016-04-29 05:50:00
2016-04-29 05:55:00	64880	5.98	36.473	8.798	-3.325	1.272	1.71	0.03	20.15	64885	2016-04-29 06:20:00
2016-04-29 06:25:00	64886	5.8	39.788	9.262	-3.562	1.297	1.548	0.02	15.97	64891	2016-04-29 06:50:00
2016-04-29 07:25:00	64898	5.73	42.213	10.058	-3.52	1.538	1.697	0.08	6.93	64903	2016-04-29 07:50:00
2016-04-29 07:55:00	64904	5.53	44.712	10.398	-3.565	1.74	1.78	0.03	11.22	64909	2016-04-29 08:20:00
2016-04-29 12:45:00	64962	6.63	38.313	11.991	2.408	2.363	2.957	0.04	17.34	64967	2016-04-29 13:10:00
2016-04-29 13:30:00	64971	6.32	14.244	11.992	0.942	1.128	4.455	0.04	17.96	64976	2016-04-29 13:55:00
2016-04-29 14:00:00	64977	6.37	25.419	11.957	0.118	2.068	4.352	0.02	9.35	64982	2016-04-29 14:25:00
2016-04-29 14:30:00	64983	6.45	24.394	11.893	-0.675	1.852	4.103	0.03	11.99	64988	2016-04-29 14:55:00
2016-04-29 15:10:00	64991	6.52	40.761	11.764	0.125	2.953	3.425	0.02	28.28	64996	2016-04-29 15:35:00
2016-04-29 15:50:00	64999	6.12	39.395	11.582	-2.02	2.483	3.107	0.04	27.12	65004	2016-04-29 16:15:00
2016-04-29 16:20:00	65005	6.28	28.07	11.411	-1.952	2.082	3.902	0.05	17.44	65010	2016-04-29 16:45:00
2016-04-29 17:20:00	65017	6.25	11.945	10.974	-1.14	0.962	4.577	0.04	26.29	65022	2016-04-29 17:45:00
2016-04-29 18:15:00	65028	5.9	39.46	10.458	-3.285	2.377	2.913	0.04	24.90	65033	2016-04-29 18:40:00
2016-05-04 06:35:00	66185	5.93	25.976	9.873	3.095	0.892	1.908	0.04	26.29	66190	2016-05-04 07:00:00
2016-05-07 07:05:00	66911	6.37	33.017	10.461	-3.572	2.077	3.283	0.09	29.14	66916	2016-05-07 07:30:00
2016-05-07 10:35:00	66953	6.55	10.906	11.856	2.062	0.493	2.51	0.05	13.70	66958	2016-05-07 11:00:00
2016-05-07 12:40:00	66978	6.07	5.332	11.993	-3.673	0.368	3.972	0.03	7.96	66983	2016-05-07 13:05:00
2016-05-09 05:05:00	67361	5.78	36.003	9.103	2.312	3.138	4.245	0.08	10.52	67366	2016-05-09 05:30:00
2016-05-09 07:05:00	67385	5.95	34.851	10.6	2.713	2.997	4.298	0.04	29.24	67390	2016-05-09 07:30:00
2016-05-16 19:50:00	69151	5.55	15.488	7.186	-1.703	1.653	6.0	0.08	13.99	69156	2016-05-16 20:15:00
2016-05-18 16:40:00	69582	5.75	29.076	10.067	-4.953	1.238	2.008	0.04	22.07	69587	2016-05-18 17:05:00
2016-05-19 02:25:00	69699	6.23	23.98	7.476	-3.433	1.123	2.55	0.03	24.20	69704	2016-05-19 02:50:00
2016-05-19 03:30:00	69712	6.12	29.598	8.683	-3.66	1.275	2.378	0.05	21.61	69717	2016-05-19 03:55:00
2016-05-20 14:00:00	70073	5.25	25.414	11.395	-5.935	2.03	4.277	0.01	7.11	70078	2016-05-20 14:25:00
2016-05-20 17:20:00	70113	5.05	43.228	9.366	-4.128	3.91	4.162	0.04	9.93	70118	2016-05-20 17:45:00
2016-05-20 19:05:00	70134	5.7	35.966	7.56	-4.357	3.748	5.192	0.03	27.07	70139	2016-05-20 19:30:00
2016-05-23 15:45:00	70900	5.93	18.114	10.319	-3.06	0.577	1.812	0.03	18.64	70905	2016-05-23 16:10:00
2016-05-25 18:35:00	71462	5.57	40.582	7.496	-1.325	2.572	3.078	0.09	25.95	71467	2016-05-25 19:00:00
