Start_str	Start_ind	Mgs#_avg	Clang_avg	Rmag_avg	Bx_avg(nT)	By_avg(nT)	Bz_avg(nT)	Bdeviat	Dtheta	End_ind	End_str
2016-09-06 03:40:00	1281	5.8	349.356	10.229	-5.242	-0.125	0.673	0.07	15.87	1286	2016-09-06 04:05:00
2016-09-17 12:40:00	4467	5.2	350.45	7.756	2.868	-1.11	6.577	0.04	11.11	4472	2016-09-17 13:05:00
2016-09-21 14:10:00	5637	6.62	317.99	9.674	1.105	-3.038	3.367	0.05	21.53	5642	2016-09-21 14:35:00
2016-09-21 14:40:00	5643	6.53	322.16	10.051	0.973	-2.95	3.797	0.02	17.23	5648	2016-09-21 15:05:00
2016-09-21 15:15:00	5650	6.4	320.582	10.441	-0.462	-3.318	4.04	0.05	3.31	5655	2016-09-21 15:40:00
2016-09-22 13:40:00	5851	5.75	353.434	9.358	3.883	-0.342	3.01	0.05	11.54	5856	2016-09-22 14:05:00
2016-09-22 14:10:00	5857	5.87	352.339	9.765	4.14	-0.318	2.427	0.02	8.22	5862	2016-09-22 14:35:00
2016-09-22 18:45:00	5880	6.52	329.095	11.851	4.698	-0.9	1.517	0.01	22.21	5885	2016-09-22 19:10:00
2016-09-22 19:15:00	5886	6.5	316.139	11.922	4.697	-1.057	1.1	0.02	2.83	5891	2016-09-22 19:40:00
2016-09-22 19:45:00	5892	6.63	321.339	11.964	4.588	-1.02	1.307	0.01	17.13	5897	2016-09-22 20:10:00
2016-09-22 20:15:00	5898	6.7	331.765	11.978	4.42	-0.9	1.69	0.01	9.77	5903	2016-09-22 20:40:00
2016-09-22 21:00:00	5905	6.42	335.534	11.946	4.453	-0.787	1.737	0.01	17.00	5910	2016-09-22 21:25:00
2016-09-22 21:30:00	5911	6.55	344.328	11.89	4.287	-0.515	1.852	0.10	9.29	5916	2016-09-22 21:55:00
2016-09-22 22:00:00	5917	6.47	343.059	11.804	4.287	-0.522	1.722	0.04	9.03	5922	2016-09-22 22:25:00
2016-09-22 22:50:00	5927	6.37	350.033	11.597	4.375	-0.333	1.922	0.09	12.77	5932	2016-09-22 23:15:00
2016-09-22 23:20:00	5933	6.25	350.575	11.433	4.373	-0.355	2.132	0.05	10.33	5938	2016-09-22 23:45:00
2016-09-23 11:25:00	6078	5.67	346.373	7.076	0.05	-1.358	5.6	0.02	10.56	6083	2016-09-23 11:50:00
2016-09-23 11:55:00	6084	5.82	346.052	7.701	-0.247	-1.355	5.452	0.02	12.88	6089	2016-09-23 12:20:00
2016-09-23 12:25:00	6090	5.75	352.18	8.266	0.88	-0.743	5.41	0.06	10.00	6095	2016-09-23 12:50:00
2016-09-23 13:00:00	6097	6.32	335.009	8.858	-0.458	-2.273	4.788	0.07	27.89	6102	2016-09-23 13:25:00
2016-09-23 16:35:00	6140	6.22	321.029	11.253	-2.957	-2.988	3.695	0.05	9.21	6145	2016-09-23 17:00:00
2016-09-23 17:35:00	6152	6.15	316.111	11.607	-4.102	-2.52	2.593	0.01	17.08	6157	2016-09-23 18:00:00
2016-09-23 20:55:00	6192	5.52	338.856	11.944	0.597	-2.203	5.68	0.09	6.12	6197	2016-09-23 21:20:00
2016-09-23 21:45:00	6202	5.23	324.342	11.83	-0.007	-4.033	5.622	0.03	3.69	6207	2016-09-23 22:10:00
2016-09-23 23:20:00	6221	5.6	337.32	11.39	-1.515	-2.298	5.625	0.07	29.95	6226	2016-09-23 23:45:00
2016-09-24 00:15:00	6232	5.68	334.194	10.996	-0.86	-2.48	5.293	0.05	29.81	6237	2016-09-24 00:40:00
2016-09-24 01:05:00	6242	5.47	351.607	10.541	2.017	-0.875	5.872	0.09	13.29	6247	2016-09-24 01:30:00
2016-09-24 01:35:00	6248	5.33	341.422	10.221	0.79	-1.963	5.843	0.05	7.17	6253	2016-09-24 02:00:00
2016-09-24 02:05:00	6254	5.3	334.462	9.864	0.795	-2.503	5.335	0.07	16.15	6259	2016-09-24 02:30:00
2016-09-24 02:35:00	6260	5.67	333.588	9.468	0.745	-2.477	5.133	0.04	27.28	6265	2016-09-24 03:00:00
2016-09-24 03:35:00	6272	5.02	321.4	8.543	0.167	-4.38	5.448	0.07	23.98	6277	2016-09-24 04:00:00
2016-10-04 15:05:00	9284	5.0	330.993	11.161	-0.527	-4.51	8.038	0.08	28.02	9289	2016-10-04 15:30:00
2016-10-07 10:35:00	10081	6.08	325.101	8.051	-3.917	-1.417	2.05	0.09	10.42	10086	2016-10-07 11:00:00
2016-10-07 11:05:00	10087	5.88	328.722	8.583	-3.862	-1.583	2.605	0.07	7.18	10092	2016-10-07 11:30:00
2016-10-07 11:35:00	10093	5.92	331.647	9.064	-3.775	-1.528	2.833	0.05	8.22	10098	2016-10-07 12:00:00
2016-10-07 12:30:00	10104	6.03	324.579	9.831	-3.748	-1.758	2.478	0.09	19.57	10109	2016-10-07 12:55:00
2016-10-11 00:50:00	11112	5.72	330.964	9.273	6.015	-1.52	2.483	0.04	28.05	11117	2016-10-11 01:15:00
2016-10-11 01:20:00	11118	5.48	339.589	8.813	6.445	-0.848	2.17	0.04	20.49	11123	2016-10-11 01:45:00
2016-10-11 01:50:00	11124	5.32	336.482	8.305	6.193	-1.172	2.67	0.01	6.67	11129	2016-10-11 02:15:00
2016-10-11 11:25:00	11239	5.82	324.15	9.321	2.985	-2.782	3.878	0.04	21.62	11244	2016-10-11 11:50:00
2016-10-11 11:55:00	11245	5.78	324.42	9.732	2.622	-2.783	3.847	0.04	19.42	11250	2016-10-11 12:20:00
2016-10-11 12:25:00	11251	5.78	333.094	10.102	3.765	-1.83	3.588	0.04	15.71	11256	2016-10-11 12:50:00
2016-10-11 12:55:00	11257	5.58	319.851	10.434	5.205	-1.51	1.833	0.05	21.68	11262	2016-10-11 13:20:00
2016-10-11 13:25:00	11263	5.7	327.727	10.73	4.167	-1.6	2.998	0.03	27.67	11268	2016-10-11 13:50:00
2016-10-11 13:55:00	11269	5.67	325.663	10.992	4.008	-2.382	3.412	0.02	19.08	11274	2016-10-11 14:20:00
2016-10-11 16:00:00	11294	5.25	353.255	11.741	4.812	-0.473	4.038	0.06	5.77	11299	2016-10-11 16:25:00
2016-10-11 17:35:00	11313	5.48	339.188	11.965	4.185	-1.452	3.788	0.04	23.62	11318	2016-10-11 18:00:00
2016-10-12 11:45:00	11529	6.43	317.75	9.692	2.315	-1.525	1.662	0.03	19.97	11534	2016-10-12 12:10:00
2016-10-16 13:40:00	12704	6.85	336.284	11.152	3.745	-2.12	4.815	0.10	23.19	12709	2016-10-16 14:05:00
2016-10-16 15:25:00	12725	6.78	333.879	11.743	3.765	-1.205	2.7	0.03	29.41	12730	2016-10-16 15:50:00
2016-10-16 16:05:00	12733	6.98	343.898	11.872	3.223	-1.255	4.177	0.02	22.39	12738	2016-10-16 16:30:00
2016-10-20 09:10:00	13791	6.42	349.816	8.16	-1.745	-0.735	3.95	0.07	16.65	13796	2016-10-20 09:35:00
2016-10-20 09:45:00	13798	6.55	340.707	8.764	-1.82	-1.042	3.05	0.09	21.61	13803	2016-10-20 10:10:00
2016-10-20 11:15:00	13816	6.7	349.016	10.028	-1.047	-0.633	3.26	0.07	9.83	13821	2016-10-20 11:40:00
2016-10-20 16:30:00	13879	5.8	343.441	11.969	3.695	-0.822	2.762	0.10	21.60	13884	2016-10-20 16:55:00
2016-10-20 20:00:00	13921	6.32	326.418	11.461	-2.318	-2.083	3.105	0.06	26.28	13926	2016-10-20 20:25:00
2016-10-20 23:05:00	13958	6.52	352.39	9.754	-3.028	-0.425	3.138	0.07	14.30	13963	2016-10-20 23:30:00
2016-10-21 00:10:00	13971	6.27	331.566	8.812	-2.932	-1.317	2.447	0.03	25.47	13976	2016-10-21 00:35:00
2016-10-21 09:55:00	14088	6.25	319.746	9.031	-0.018	-2.468	2.912	0.06	6.93	14093	2016-10-21 10:20:00
2016-10-21 15:35:00	14156	6.27	343.131	11.889	-1.707	-0.735	2.48	0.03	23.86	14161	2016-10-21 16:00:00
2016-10-21 16:05:00	14162	6.2	318.109	11.948	-0.713	-2.055	2.287	0.06	11.79	14167	2016-10-21 16:30:00
2016-10-21 22:05:00	14234	5.95	316.028	10.381	-1.628	-2.797	2.96	0.05	14.15	14239	2016-10-21 22:30:00
2016-10-22 01:15:00	14272	5.97	315.768	7.505	-0.685	-3.115	3.23	0.08	23.97	14277	2016-10-22 01:40:00
2016-10-22 10:10:00	14372	6.42	318.522	9.356	0.805	-3.692	4.17	0.07	14.52	14377	2016-10-22 10:35:00
2016-10-22 10:40:00	14378	6.72	335.524	9.764	0.467	-2.195	4.823	0.04	11.37	14383	2016-10-22 11:05:00
2016-10-24 16:50:00	14990	5.48	329.978	11.976	-4.713	-2.115	3.695	0.09	12.65	14995	2016-10-24 17:15:00
2016-11-04 16:40:00	18020	5.15	349.353	11.874	-4.282	-0.518	2.895	0.03	19.91	18025	2016-11-04 17:05:00
2016-11-04 17:10:00	18026	5.1	321.132	11.778	-4.535	-1.562	1.912	0.05	23.56	18031	2016-11-04 17:35:00
2016-11-04 17:40:00	18032	5.08	326.949	11.653	-4.275	-1.6	2.478	0.07	22.40	18037	2016-11-04 18:05:00
2016-11-05 10:55:00	18227	6.38	348.545	10.963	-3.912	-0.368	1.778	0.09	13.37	18232	2016-11-05 11:20:00
2016-11-05 11:25:00	18233	6.55	340.813	11.198	-3.763	-0.573	1.653	0.06	17.56	18238	2016-11-05 11:50:00
2016-11-05 11:55:00	18239	6.12	322.895	11.4	-3.98	-1.287	1.7	0.01	5.79	18244	2016-11-05 12:20:00
2016-11-05 12:50:00	18250	6.63	322.299	11.691	-3.543	-1.148	1.473	0.09	21.35	18255	2016-11-05 13:15:00
2016-11-05 13:20:00	18256	6.9	339.885	11.808	-3.457	-0.552	1.515	0.07	9.30	18261	2016-11-05 13:45:00
2016-11-05 13:50:00	18262	6.93	327.914	11.896	-3.263	-0.912	1.443	0.10	23.82	18267	2016-11-05 14:15:00
2016-11-05 14:40:00	18272	6.9	323.385	11.978	-3.385	-1.032	1.348	0.03	17.95	18277	2016-11-05 15:05:00
2016-11-05 15:10:00	18278	6.78	328.589	11.99	-3.537	-0.882	1.443	0.02	4.90	18283	2016-11-05 15:35:00
2016-11-05 15:40:00	18284	6.83	332.098	11.973	-3.485	-0.898	1.7	0.09	5.90	18289	2016-11-05 16:05:00
2016-11-05 19:35:00	18331	6.15	350.84	10.831	-3.363	-0.188	1.17	0.05	5.27	18336	2016-11-05 20:00:00
2016-11-05 20:05:00	18337	6.02	336.212	10.546	-3.448	-0.43	0.983	0.03	29.73	18342	2016-11-05 20:30:00
2016-11-07 10:30:00	18794	5.5	357.493	10.866	0.685	-0.207	4.722	0.04	1.68	18799	2016-11-07 10:55:00
2016-11-07 11:00:00	18800	5.53	354.823	11.112	0.428	-0.423	4.663	0.06	8.75	18805	2016-11-07 11:25:00
2016-11-07 11:30:00	18806	5.48	348.243	11.326	0.688	-0.858	4.175	0.03	7.77	18811	2016-11-07 11:55:00
2016-11-07 16:05:00	18861	5.65	318.954	11.908	2.417	-1.372	1.537	0.06	21.18	18866	2016-11-07 16:30:00
2016-11-07 16:35:00	18867	5.62	327.489	11.826	3.142	-0.922	1.395	0.06	15.74	18872	2016-11-07 17:00:00
2016-11-07 17:05:00	18873	5.65	337.823	11.715	3.145	-0.49	1.243	0.07	19.53	18878	2016-11-07 17:30:00
2016-11-07 18:05:00	18885	5.35	319.038	11.404	3.735	-0.888	1.057	0.05	28.07	18890	2016-11-07 18:30:00
2016-11-08 07:10:00	19039	5.6	332.646	8.386	1.872	-1.67	3.263	0.06	24.76	19044	2016-11-08 07:35:00
2016-11-08 15:25:00	19138	5.48	347.536	11.964	2.753	-0.672	3.028	0.03	13.76	19143	2016-11-08 15:50:00
2016-11-08 15:55:00	19144	5.4	337.38	11.914	3.025	-1.108	2.663	0.07	9.22	19149	2016-11-08 16:20:00
2016-11-08 16:25:00	19150	5.47	327.661	11.835	2.463	-1.555	2.427	0.05	19.02	19155	2016-11-08 16:50:00
2016-11-09 20:35:00	19457	6.0	344.109	9.891	1.937	-1.967	6.823	0.09	22.56	19462	2016-11-09 21:00:00
2016-11-09 22:40:00	19482	5.2	328.792	7.948	3.433	-4.395	7.252	0.08	4.86	19487	2016-11-09 23:05:00
2016-11-18 06:45:00	21656	6.25	351.719	9.128	2.072	-0.407	2.812	0.08	15.33	21661	2016-11-18 07:10:00
2016-11-18 08:20:00	21675	6.37	315.902	10.354	2.432	-1.485	1.595	0.10	27.39	21680	2016-11-18 08:45:00
2016-11-19 10:25:00	21971	6.23	323.574	11.452	-0.79	-2.48	3.337	0.03	27.85	21976	2016-11-19 10:50:00
2016-11-19 15:10:00	22028	6.42	346.248	11.837	-2.083	-1.137	4.608	0.04	17.12	22033	2016-11-19 15:35:00
2016-12-06 06:40:00	26618	5.72	319.936	10.619	0.57	-4.182	4.998	0.06	17.16	26623	2016-12-06 07:05:00
2016-12-09 02:25:00	27431	6.18	332.75	7.047	4.53	-2.115	3.987	0.03	29.10	27436	2016-12-09 02:50:00
2016-12-09 04:20:00	27454	5.4	321.915	9.155	7.027	-1.95	2.49	0.04	29.22	27459	2016-12-09 04:45:00
2016-12-12 10:25:00	28391	6.77	348.409	11.996	4.693	-0.73	3.417	0.05	22.24	28396	2016-12-12 10:50:00
2016-12-12 10:55:00	28397	6.72	356.264	12.004	4.832	-0.19	2.995	0.07	9.86	28402	2016-12-12 11:20:00
2016-12-12 13:55:00	28433	5.18	347.213	11.453	5.528	-0.573	2.443	0.01	20.94	28438	2016-12-12 14:20:00
2016-12-14 15:30:00	29019	6.67	328.926	10.592	0.873	-1.935	3.16	0.05	26.01	29024	2016-12-14 15:55:00
2016-12-17 02:05:00	29722	6.83	332.12	7.79	-2.622	-0.977	1.918	0.03	22.71	29727	2016-12-17 02:30:00
2017-01-04 16:25:00	34765	5.57	315.616	7.675	6.415	-2.582	2.735	0.10	28.48	34770	2017-01-04 16:50:00
2017-01-10 02:30:00	36110	6.68	332.805	10.563	3.235	-1.31	2.577	0.09	28.28	36115	2017-01-10 02:55:00
2017-01-10 03:05:00	36117	6.67	330.027	10.892	3.173	-1.127	2.125	0.07	27.65	36122	2017-01-10 03:30:00
2017-01-11 07:55:00	36463	5.83	326.27	11.992	0.153	-3.092	4.577	0.05	23.41	36468	2017-01-11 08:20:00
2017-01-12 13:25:00	36810	6.82	324.57	9.722	-2.67	-1.717	2.423	0.03	19.97	36815	2017-01-12 13:50:00
2017-01-16 06:15:00	37804	6.12	336.927	11.99	-1.647	-1.27	2.97	0.04	19.37	37809	2017-01-16 06:40:00
2017-01-28 09:30:00	41193	6.6	336.164	11.041	-5.03	-0.938	2.068	0.06	28.22	41198	2017-01-28 09:55:00
2017-01-28 10:00:00	41199	6.3	335.905	10.782	-5.532	-0.895	1.87	0.09	18.74	41204	2017-01-28 10:25:00
2017-01-28 10:45:00	41208	6.22	323.703	10.329	-6.067	-0.855	1.218	0.03	20.38	41213	2017-01-28 11:10:00
2017-01-28 12:35:00	41230	5.38	344.85	8.854	-7.05	-0.567	2.038	0.04	24.68	41235	2017-01-28 13:00:00
2017-01-31 09:10:00	41799	5.68	345.266	11.032	5.507	-1.175	4.852	0.04	28.83	41804	2017-01-31 09:35:00
2017-02-05 09:10:00	43160	5.5	336.767	10.743	6.323	-1.415	3.412	0.03	26.46	43165	2017-02-05 09:35:00
2017-02-06 06:50:00	43318	6.72	315.23	11.67	3.7	-1.148	1.145	0.04	20.15	43323	2017-02-06 07:15:00
2017-02-07 21:20:00	43688	6.42	332.142	9.146	3.442	-0.983	1.882	0.02	27.05	43693	2017-02-07 21:45:00
2017-02-08 00:50:00	43730	6.77	348.441	11.36	3.108	-0.428	2.115	0.09	11.69	43735	2017-02-08 01:15:00
2017-03-05 06:45:00	50635	6.6	343.046	12.699	4.583	-0.565	1.915	0.09	25.76	50640	2017-03-05 07:10:00
2017-03-05 07:15:00	50641	6.45	349.688	13.052	5.248	-0.368	1.92	0.03	29.61	50646	2017-03-05 07:40:00
2017-03-07 10:05:00	51225	6.18	315.039	14.43	4.798	-1.562	1.598	0.07	26.00	51230	2017-03-07 10:30:00
2017-03-08 03:10:00	51430	6.0	333.458	10.799	4.56	-1.618	3.238	0.03	18.97	51435	2017-03-08 03:35:00
2017-03-08 03:40:00	51436	6.08	340.394	11.277	4.1	-1.4	3.908	0.02	14.58	51441	2017-03-08 04:05:00
2017-03-08 12:20:00	51540	6.0	319.223	15.704	4.52	-2.267	2.58	0.05	24.81	51545	2017-03-08 12:45:00
2017-03-10 17:10:00	52166	6.98	347.845	13.053	-3.037	-0.342	1.645	0.04	10.18	52171	2017-03-10 17:35:00
2017-03-10 19:25:00	52193	7.0	323.938	10.942	-2.813	-1.162	1.592	0.08	3.27	52198	2017-03-10 19:50:00
2017-03-11 11:45:00	52389	6.63	329.994	14.748	3.49	-0.662	1.125	0.03	14.02	52394	2017-03-11 12:10:00
2017-03-20 02:45:00	54867	5.77	342.768	7.043	-0.66	-1.142	3.685	0.09	7.98	54872	2017-03-20 03:10:00
2017-03-26 23:05:00	56838	6.63	329.888	18.572	1.692	-2.75	4.725	0.05	13.64	56843	2017-03-26 23:30:00
2017-03-30 08:55:00	57820	6.43	325.04	13.409	4.528	-1.95	2.758	0.09	28.61	57825	2017-03-30 09:20:00
2017-04-03 04:25:00	58832	6.62	332.093	23.735	4.213	-0.72	1.343	0.03	16.00	58837	2017-04-03 04:50:00
2017-04-03 04:55:00	58838	6.48	347.877	23.593	4.505	-0.32	1.392	0.03	24.79	58843	2017-04-03 05:20:00
2017-04-05 02:35:00	59384	5.03	335.232	23.054	2.142	-3.415	7.415	0.08	5.08	59389	2017-04-05 03:00:00
2017-04-06 02:55:00	59676	5.53	319.491	22.494	3.66	-2.763	3.213	0.02	27.77	59681	2017-04-06 03:20:00
2017-04-10 08:50:00	60899	5.65	354.731	19.495	6.793	-0.345	3.698	0.02	9.67	60904	2017-04-10 09:15:00
2017-04-12 20:20:00	61552	6.38	322.153	13.459	3.777	-0.595	0.762	0.08	11.86	61557	2017-04-12 20:45:00
2017-04-13 07:45:00	61635	6.0	347.374	21.767	2.31	-0.512	2.303	0.04	10.08	61640	2017-04-13 08:10:00
2017-04-13 08:15:00	61641	5.37	326.476	21.993	3.267	-0.825	1.265	0.01	20.42	61646	2017-04-13 08:40:00
2017-04-13 08:50:00	61648	5.43	330.842	22.244	3.392	-0.6	1.093	0.02	25.36	61653	2017-04-13 09:15:00
2017-04-18 14:05:00	63133	6.32	355.87	17.118	-1.497	-0.208	2.787	0.08	5.87	63138	2017-04-18 14:30:00
2017-04-21 06:35:00	63864	6.1	335.694	14.702	-4.287	-0.518	1.167	0.06	26.72	63869	2017-04-21 07:00:00
2017-04-21 07:05:00	63870	6.15	338.34	15.185	-4.33	-0.32	0.863	0.05	29.39	63875	2017-04-21 07:30:00
2017-04-21 08:00:00	63881	6.18	342.546	16.022	-4.208	-0.428	1.363	0.02	8.44	63886	2017-04-21 08:25:00
2017-04-26 14:55:00	65331	5.43	326.828	7.207	3.76	-1.445	2.352	0.02	28.53	65336	2017-04-26 15:20:00
2017-04-29 14:50:00	66019	5.52	326.85	13.775	2.023	-2.063	3.16	0.05	4.58	66024	2017-04-29 15:15:00
2017-05-04 17:25:00	67376	6.2	342.612	9.027	2.933	-0.605	1.93	0.09	6.51	67381	2017-05-04 17:50:00
2017-05-05 04:40:00	67439	5.73	332.49	13.272	2.238	-2.885	5.453	0.04	25.80	67444	2017-05-05 05:05:00
2017-05-05 05:10:00	67445	5.68	325.035	13.81	1.537	-3.732	5.328	0.03	22.52	67450	2017-05-05 05:35:00
2017-05-05 06:45:00	67464	5.3	316.658	15.379	1.087	-4.472	4.738	0.01	10.28	67469	2017-05-05 07:10:00
2017-05-05 07:35:00	67474	5.23	316.256	16.131	0.342	-4.533	4.733	0.02	24.93	67479	2017-05-05 08:00:00
2017-05-05 08:05:00	67480	5.3	325.603	16.561	0.672	-3.642	5.303	0.05	19.66	67485	2017-05-05 08:30:00
2017-05-05 08:35:00	67486	5.45	325.339	16.975	1.522	-3.472	5.032	0.06	16.51	67491	2017-05-05 09:00:00
2017-05-05 09:05:00	67492	5.43	331.069	17.374	1.948	-2.98	5.383	0.07	8.13	67497	2017-05-05 09:30:00
2017-05-05 09:55:00	67502	5.0	327.12	18.009	1.99	-3.405	5.228	0.08	11.71	67507	2017-05-05 10:20:00
2017-05-05 10:40:00	67511	5.02	334.866	18.548	3.055	-2.193	4.667	0.02	11.22	67516	2017-05-05 11:05:00
2017-05-10 06:30:00	68706	5.73	317.237	10.756	2.075	-3.395	3.685	0.02	12.29	68711	2017-05-10 06:55:00
2017-05-12 13:25:00	69228	5.1	319.532	21.096	5.92	-2.073	2.46	0.10	13.75	69233	2017-05-12 13:50:00
2017-05-16 06:15:00	70246	5.97	328.399	9.208	-4.802	-1.337	2.163	0.05	19.12	70251	2017-05-16 06:40:00
2017-05-18 16:10:00	70909	5.07	321.602	10.909	-6.412	-2.863	3.62	0.04	20.29	70914	2017-05-18 16:35:00
2017-05-25 00:15:00	72613	5.52	356.193	18.041	2.953	-0.075	1.17	0.06	7.72	72618	2017-05-25 00:40:00
2017-05-30 08:15:00	74074	5.55	342.84	11.873	-3.502	-1.627	5.222	0.05	12.37	74079	2017-05-30 08:40:00
2017-05-30 08:50:00	74081	5.05	348.259	12.571	-3.973	-0.903	4.393	0.09	22.90	74086	2017-05-30 09:15:00
2016-09-01 15:45:00	189	5.2	25.569	9.023	-7.917	1.502	3.182	0.04	25.78	194	2016-09-01 16:10:00
2016-09-02 18:00:00	439	6.05	24.986	10.753	-6.63	1.183	2.53	0.06	24.93	444	2016-09-02 18:25:00
2016-09-04 14:40:00	853	6.75	43.748	8.304	1.15	3.752	3.942	0.06	21.52	858	2016-09-04 15:05:00
2016-09-06 05:00:00	1297	5.95	39.866	9.189	-4.65	0.883	1.063	0.09	29.22	1302	2016-09-06 05:25:00
2016-09-07 21:05:00	1719	6.42	37.854	11.934	-4.338	0.835	1.087	0.05	28.26	1724	2016-09-07 21:30:00
2016-09-08 23:00:00	2019	6.48	19.635	11.91	-2.972	1.178	3.262	0.06	28.54	2024	2016-09-08 23:25:00
2016-09-09 01:35:00	2050	6.52	43.653	11.189	-1.958	2.588	2.823	0.05	26.39	2055	2016-09-09 02:00:00
2016-09-09 02:55:00	2066	6.02	14.171	10.49	-2.57	0.82	3.325	0.04	16.02	2071	2016-09-09 03:20:00
2016-09-09 03:25:00	2072	6.35	9.105	10.164	-0.9	0.72	4.447	0.02	14.32	2077	2016-09-09 03:50:00
2016-09-09 03:55:00	2078	5.72	36.046	9.8	-3.313	1.51	2.238	0.03	27.60	2083	2016-09-09 04:20:00
2016-09-10 16:20:00	2514	6.03	21.604	10.315	-2.635	0.478	1.203	0.02	12.97	2519	2016-09-10 16:45:00
2016-09-22 12:55:00	5842	5.83	11.042	8.664	3.843	0.615	3.27	0.02	23.23	5847	2016-09-22 13:20:00
2016-09-22 15:20:00	5871	6.48	2.456	10.563	4.51	0.077	1.893	0.04	6.34	5876	2016-09-22 15:45:00
2016-09-22 23:55:00	5940	6.32	2.786	11.202	4.115	0.117	2.395	0.05	3.98	5945	2016-09-23 00:20:00
2016-09-23 01:35:00	5960	6.87	29.002	10.298	2.75	1.367	2.46	0.06	18.84	5965	2016-09-23 02:00:00
2016-09-24 12:20:00	6377	5.6	15.375	8.299	3.525	1.175	4.242	0.06	20.16	6382	2016-09-24 12:45:00
2016-09-28 22:30:00	7645	5.97	31.61	11.476	-5.725	2.408	3.992	0.03	17.73	7650	2016-09-28 22:55:00
2016-09-29 19:15:00	7894	6.85	27.912	11.972	-2.695	1.672	3.303	0.02	20.63	7899	2016-09-29 19:40:00
2016-10-01 19:55:00	8478	6.2	24.198	11.944	-3.132	1.743	3.97	0.07	25.93	8483	2016-10-01 20:20:00
2016-10-03 00:15:00	8818	5.98	43.819	10.399	-4.722	2.275	2.358	0.02	27.34	8823	2016-10-03 00:40:00
2016-10-03 00:45:00	8824	5.95	23.713	10.063	-5.012	1.152	2.595	0.02	10.82	8829	2016-10-03 01:10:00
2016-10-03 19:25:00	9048	6.08	21.135	11.964	-4.747	1.245	3.23	0.08	24.71	9053	2016-10-03 19:50:00
2016-10-04 18:55:00	9330	6.23	32.956	11.977	-3.883	2.508	3.785	0.06	27.63	9335	2016-10-04 19:20:00
2016-10-06 02:45:00	9712	6.1	41.113	7.924	-4.222	1.203	1.387	0.05	21.35	9717	2016-10-06 03:10:00
2016-10-06 11:55:00	9822	6.05	30.443	9.26	-4.093	0.958	1.623	0.06	7.69	9827	2016-10-06 12:20:00
2016-10-07 18:40:00	10178	5.17	22.918	11.979	-5.047	1.02	2.428	0.10	13.48	10183	2016-10-07 19:05:00
2016-10-07 19:10:00	10184	5.42	28.907	11.955	-4.76	1.353	2.422	0.05	21.70	10189	2016-10-07 19:35:00
2016-10-07 19:40:00	10190	5.43	43.152	11.903	-4.513	1.998	2.117	0.04	17.35	10195	2016-10-07 20:05:00
2016-10-11 16:45:00	11303	5.35	10.245	11.883	4.368	0.805	4.392	0.09	10.78	11308	2016-10-11 17:10:00
2016-10-12 13:05:00	11545	6.68	6.888	10.605	1.573	0.347	2.758	0.07	16.90	11550	2016-10-12 13:30:00
2016-10-20 10:45:00	13810	6.57	4.331	9.649	-0.938	0.293	3.863	0.07	8.02	13815	2016-10-20 11:10:00
2016-10-20 22:35:00	13952	6.53	11.677	10.123	-3.55	0.642	3.14	0.03	10.86	13957	2016-10-20 23:00:00
2016-10-22 15:05:00	14430	6.2	11.123	11.824	3.073	0.36	1.868	0.06	26.79	14435	2016-10-22 15:30:00
2016-10-27 18:15:00	15825	6.05	40.097	11.733	-4.077	2.595	3.067	0.02	14.74	15830	2016-10-27 18:40:00
2016-10-28 18:00:00	16109	6.9	35.223	11.764	0.478	2.3	3.22	0.09	11.95	16114	2016-10-28 18:25:00
2016-10-29 10:50:00	16310	6.03	30.277	10.453	-1.268	2.867	5.01	0.08	18.66	16315	2016-10-29 11:15:00
2016-11-04 21:15:00	18075	5.93	36.174	9.828	-4.71	1.348	1.858	0.03	8.46	18080	2016-11-04 21:40:00
2016-11-05 18:55:00	18323	6.25	11.493	11.158	-3.215	0.185	0.942	0.01	19.44	18328	2016-11-05 19:20:00
2016-11-05 20:35:00	18343	6.3	21.58	10.226	-3.208	0.492	1.232	0.05	14.72	18348	2016-11-05 21:00:00
2016-11-05 21:30:00	18354	6.28	15.101	9.539	-3.322	0.347	1.282	0.04	7.18	18359	2016-11-05 21:55:00
2016-11-07 08:55:00	18775	5.47	8.266	9.855	2.72	0.502	3.433	0.07	11.78	18780	2016-11-07 09:20:00
2016-11-16 17:50:00	21233	6.47	39.913	11.071	2.982	1.498	1.847	0.06	23.00	21238	2016-11-16 18:15:00
2016-11-17 05:35:00	21355	6.02	15.416	7.804	2.772	0.643	2.25	0.04	22.81	21360	2016-11-17 06:00:00
2016-11-17 09:20:00	21400	6.22	9.777	10.874	2.208	0.457	2.657	0.08	21.65	21405	2016-11-17 09:45:00
2016-11-20 07:45:00	22225	6.97	30.713	10.114	2.157	0.565	0.95	0.09	24.38	22230	2016-11-20 08:10:00
2016-11-21 14:10:00	22572	5.82	42.222	11.948	-1.345	3.885	4.287	0.05	10.32	22577	2016-11-21 14:35:00
2016-12-01 16:45:00	25300	6.75	44.708	10.738	-3.535	2.015	2.033	0.03	5.75	25305	2016-12-01 17:10:00
2016-12-01 17:15:00	25306	6.65	41.447	10.439	-3.083	2.302	2.6	0.07	2.42	25311	2016-12-01 17:40:00
2016-12-01 17:45:00	25312	6.75	37.257	10.104	-2.327	2.313	3.03	0.06	3.91	25317	2016-12-01 18:10:00
2016-12-01 18:15:00	25318	6.65	36.434	9.731	-2.218	2.327	3.16	0.05	3.74	25323	2016-12-01 18:40:00
2016-12-01 18:45:00	25324	6.38	33.564	9.317	-1.593	2.382	3.588	0.07	2.72	25329	2016-12-01 19:10:00
2016-12-01 19:15:00	25330	6.5	30.876	8.86	-2.03	2.013	3.385	0.03	6.95	25335	2016-12-01 19:40:00
2016-12-01 19:45:00	25336	6.65	32.881	8.354	-2.272	1.968	3.043	0.06	4.19	25341	2016-12-01 20:10:00
2016-12-01 20:30:00	25345	6.82	29.367	7.494	-1.96	1.718	3.058	0.05	7.26	25350	2016-12-01 20:55:00
2016-12-04 19:30:00	26196	5.9	36.427	8.255	0.727	2.105	2.842	0.05	29.46	26201	2016-12-04 19:55:00
2016-12-06 16:30:00	26736	5.18	36.295	10.545	-1.803	2.892	3.988	0.07	25.43	26741	2016-12-06 16:55:00
2016-12-12 03:05:00	28303	6.9	40.565	8.271	4.06	1.522	1.783	0.08	13.31	28308	2016-12-12 03:30:00
2016-12-12 03:35:00	28309	6.65	39.873	8.785	4.365	1.545	1.848	0.02	17.47	28314	2016-12-12 04:00:00
2016-12-12 08:45:00	28371	6.78	16.514	11.762	5.032	0.493	1.73	0.04	22.15	28376	2016-12-12 09:10:00
2016-12-12 09:40:00	28382	6.9	12.408	11.93	4.652	0.648	2.912	0.05	14.43	28387	2016-12-12 10:05:00
2016-12-12 11:40:00	28406	6.65	18.295	11.964	5.213	0.638	1.898	0.03	26.03	28411	2016-12-12 12:05:00
2016-12-13 04:55:00	28613	6.93	27.166	10.014	3.577	0.772	1.43	0.07	28.22	28618	2016-12-13 05:20:00
2016-12-14 14:55:00	29012	6.3	41.745	10.917	3.458	1.73	1.903	0.04	27.01	29017	2016-12-14 15:20:00
2016-12-16 04:30:00	29463	6.23	14.501	9.96	2.873	0.45	1.847	0.07	28.47	29468	2016-12-16 04:55:00
2016-12-20 16:55:00	30709	5.08	19.994	8.986	-3.898	1.392	4.085	0.09	29.57	30714	2016-12-20 17:20:00
2016-12-21 17:00:00	30998	5.05	34.748	8.793	-10.572	2.462	3.718	0.06	26.10	31003	2016-12-21 17:25:00
2016-12-27 15:25:00	32616	6.95	34.407	9.589	-3.527	1.532	2.207	0.07	25.70	32621	2016-12-27 15:50:00
2016-12-28 12:40:00	32871	6.53	33.867	11.219	-3.123	0.913	1.322	0.03	15.85	32876	2016-12-28 13:05:00
2017-01-11 10:35:00	36495	6.87	21.123	11.41	2.25	1.098	2.782	0.08	28.55	36500	2017-01-11 11:00:00
2017-01-15 02:50:00	37485	6.62	41.652	11.049	-1.945	1.622	1.823	0.09	25.17	37490	2017-01-15 03:15:00
2017-01-16 07:05:00	37814	6.23	23.129	12.001	-0.545	1.273	2.983	0.02	17.02	37819	2017-01-16 07:30:00
2017-01-17 06:25:00	38093	6.18	42.462	12.001	-0.66	1.513	1.62	0.04	13.93	38098	2017-01-17 06:50:00
2017-01-18 00:05:00	38304	6.18	36.406	9.477	-4.44	0.91	1.233	0.06	20.79	38309	2017-01-18 00:30:00
2017-01-20 23:50:00	39162	6.08	42.365	9.559	2.165	2.24	2.592	0.08	21.31	39167	2017-01-21 00:15:00
2017-01-21 00:30:00	39170	6.05	40.42	10.071	4.32	2.687	3.147	0.09	5.16	39175	2017-01-21 00:55:00
2017-01-21 02:15:00	39191	6.68	33.186	11.1	0.135	2.267	3.447	0.08	29.19	39196	2017-01-21 02:40:00
2017-01-22 23:30:00	39733	6.33	39.41	9.474	-3.117	1.328	1.497	0.03	28.58	39738	2017-01-22 23:55:00
2017-01-23 22:10:00	39948	5.98	33.082	8.313	4.657	2.1	3.152	0.07	18.53	39953	2017-01-23 22:35:00
2017-01-24 21:30:00	40222	6.15	28.296	7.685	-0.307	1.077	2.085	0.06	24.52	40227	2017-01-24 21:55:00
2017-01-26 01:30:00	40558	5.43	21.316	11.013	1.417	1.848	4.798	0.04	23.03	40563	2017-01-26 01:55:00
2017-01-26 02:00:00	40564	5.4	17.419	11.243	1.102	1.662	5.3	0.01	7.53	40569	2017-01-26 02:25:00
2017-01-26 02:30:00	40570	5.37	9.847	11.442	0.862	0.945	5.453	0.08	12.07	40575	2017-01-26 02:55:00
2017-01-26 03:05:00	40577	5.57	29.358	11.635	0.755	2.397	4.258	0.05	17.90	40582	2017-01-26 03:30:00
2017-02-08 02:50:00	43754	6.68	34.583	11.902	2.693	1.42	2.043	0.02	20.57	43759	2017-02-08 03:15:00
2017-02-08 03:20:00	43760	6.72	33.677	11.965	2.465	1.557	2.253	0.09	24.10	43765	2017-02-08 03:45:00
2017-02-08 19:55:00	43959	6.48	20.598	7.793	4.468	0.61	1.823	0.04	27.25	43964	2017-02-08 20:20:00
2017-02-08 23:15:00	43999	6.05	34.805	10.642	3.72	2.687	3.873	0.09	28.79	44004	2017-02-08 23:40:00
2017-02-16 01:10:00	46000	6.63	24.312	9.006	-0.11	1.23	2.783	0.09	27.64	46005	2017-02-16 01:35:00
2017-02-16 15:45:00	46107	6.63	34.569	12.317	-3.373	3.593	5.248	0.04	18.61	46112	2017-02-16 16:10:00
2017-02-17 19:10:00	46417	6.57	19.536	12.628	0.578	1.702	4.795	0.08	22.61	46422	2017-02-17 19:35:00
2017-02-17 21:40:00	46447	6.35	27.434	12.873	-2.803	2.337	4.542	0.03	15.67	46452	2017-02-17 22:05:00
2017-02-18 14:20:00	46647	6.8	15.586	8.023	-4.305	0.448	1.678	0.04	26.19	46652	2017-02-18 14:45:00
2017-02-18 14:55:00	46654	6.78	29.771	8.725	-4.075	1.13	1.943	0.08	24.49	46659	2017-02-18 15:20:00
2017-02-18 15:30:00	46661	6.38	26.707	9.36	-4.77	0.837	1.675	0.06	7.22	46666	2017-02-18 15:55:00
2017-02-18 16:00:00	46667	6.4	22.79	9.857	-4.638	0.997	2.303	0.03	14.27	46672	2017-02-18 16:25:00
2017-02-20 09:30:00	47160	6.52	14.892	12.919	-4.238	0.363	1.17	0.08	29.54	47165	2017-02-20 09:55:00
2017-02-20 10:45:00	47175	6.43	32.615	12.368	-4.45	0.687	1.038	0.06	14.67	47180	2017-02-20 11:10:00
2017-02-22 12:50:00	47742	5.58	22.759	14.361	0.67	2.79	6.697	0.10	20.10	47747	2017-02-22 13:15:00
2017-02-27 12:30:00	49009	6.87	33.856	8.971	2.983	2.257	3.357	0.04	5.40	49014	2017-02-27 12:55:00
2017-02-27 13:15:00	49018	6.92	26.593	9.808	2.808	1.55	3.07	0.08	28.40	49023	2017-02-27 13:40:00
2017-03-01 16:50:00	49605	5.55	9.093	11.545	5.308	1.423	8.545	0.05	12.07	49610	2017-03-01 17:15:00
2017-03-02 08:05:00	49787	6.97	33.464	12.669	4.077	1.84	2.78	0.03	26.38	49792	2017-03-02 08:30:00
2017-03-03 19:25:00	50211	6.63	25.044	12.686	3.298	2.193	4.703	0.01	17.71	50216	2017-03-03 19:50:00
2017-03-08 04:20:00	51444	6.07	10.625	11.866	4.157	0.79	4.11	0.01	17.38	51449	2017-03-08 04:45:00
2017-03-08 05:25:00	51457	5.63	14.739	12.716	5.195	0.752	2.833	0.04	13.62	51462	2017-03-08 05:50:00
2017-03-08 05:55:00	51463	5.65	26.508	13.068	5.275	1.168	2.303	0.03	14.93	51468	2017-03-08 06:20:00
2017-03-08 06:25:00	51469	5.72	18.089	13.395	5.197	0.758	2.382	0.03	14.31	51474	2017-03-08 06:50:00
2017-03-08 06:55:00	51475	5.83	18.532	13.699	4.87	0.917	2.667	0.03	14.50	51480	2017-03-08 07:20:00
2017-03-11 08:50:00	52354	6.72	35.708	12.596	3.772	0.89	1.225	0.05	18.08	52359	2017-03-11 09:15:00
2017-03-11 10:50:00	52378	6.73	37.854	14.151	3.485	0.78	0.98	0.06	29.85	52383	2017-03-11 11:15:00
2017-03-13 11:40:00	52962	5.9	20.813	17.412	3.925	0.81	2.132	0.06	29.50	52967	2017-03-13 12:05:00
2017-03-15 14:30:00	53572	5.45	43.152	16.056	-4.675	4.218	4.503	0.06	23.18	53577	2017-03-15 14:55:00
2017-03-15 15:35:00	53585	5.6	25.926	15.544	-2.372	2.805	5.832	0.04	23.17	53590	2017-03-15 16:00:00
2017-03-16 07:00:00	53770	5.33	5.635	8.102	-3.45	0.452	4.437	0.09	11.46	53775	2017-03-16 07:25:00
2017-03-16 11:10:00	53820	5.1	30.55	12.998	-3.553	1.657	2.777	0.08	22.84	53825	2017-03-16 11:35:00
2017-03-17 16:25:00	54171	6.2	29.03	14.362	-2.698	0.837	1.465	0.07	16.63	54176	2017-03-17 16:50:00
2017-03-17 16:55:00	54177	6.2	21.407	13.962	-2.04	0.813	2.105	0.05	15.36	54182	2017-03-17 17:20:00
2017-03-17 17:35:00	54185	6.22	23.18	13.396	-1.223	1.068	2.61	0.05	29.43	54190	2017-03-17 18:00:00
2017-03-18 06:05:00	54331	6.23	16.952	9.355	-1.325	0.72	2.323	0.03	20.79	54336	2017-03-18 06:30:00
2017-03-18 09:20:00	54370	6.03	30.649	12.968	-1.88	1.283	2.137	0.06	29.75	54375	2017-03-18 09:45:00
2017-03-18 13:40:00	54422	6.35	44.09	16.19	0.708	1.903	1.983	0.09	21.82	54427	2017-03-18 14:05:00
2017-03-18 14:40:00	54434	6.17	43.632	16.744	-0.222	2.022	2.143	0.07	27.04	54439	2017-03-18 15:05:00
2017-03-18 15:55:00	54449	6.22	26.635	17.349	-0.262	1.285	2.613	0.07	25.44	54454	2017-03-18 16:20:00
2017-03-18 19:40:00	54494	6.03	23.691	18.645	-2.59	0.46	1.055	0.06	15.38	54499	2017-03-18 20:05:00
2017-03-18 23:20:00	54538	5.73	31.567	19.225	-2.528	1.247	1.993	0.07	27.27	54543	2017-03-18 23:45:00
2017-03-19 01:30:00	54564	5.95	19.438	19.265	-1.61	1.007	2.875	0.05	22.58	54569	2017-03-19 01:55:00
2017-03-19 02:00:00	54570	5.95	28.981	19.243	-1.87	1.448	2.66	0.07	28.62	54575	2017-03-19 02:25:00
2017-03-19 03:45:00	54591	6.0	21.908	19.071	-0.98	1.283	3.207	0.07	17.78	54596	2017-03-19 04:10:00
2017-03-19 12:45:00	54699	6.25	28.369	15.702	0.008	1.275	2.378	0.04	24.92	54704	2017-03-19 13:10:00
2017-03-21 00:30:00	55128	5.75	19.08	19.233	-0.707	2.012	5.817	0.08	3.03	55133	2017-03-21 00:55:00
2017-03-21 04:45:00	55179	6.55	33.255	18.504	-6.91	3.788	5.738	0.04	18.37	55184	2017-03-21 05:10:00
2017-03-22 05:25:00	55475	5.68	30.823	12.618	-3.335	3.593	6.038	0.08	11.02	55480	2017-03-22 05:50:00
2017-03-23 23:20:00	55978	5.0	22.881	7.206	-2.423	3.092	7.297	0.04	13.98	55983	2017-03-23 23:45:00
2017-03-23 23:50:00	55984	5.13	31.456	7.997	-4.593	3.545	5.897	0.03	25.99	55989	2017-03-24 00:15:00
2017-03-24 04:55:00	56045	5.08	34.801	13.747	-3.877	3.045	4.375	0.09	16.51	56050	2017-03-24 05:20:00
2017-03-26 05:30:00	56628	6.35	25.153	15.508	-3.187	0.507	1.098	0.08	13.63	56633	2017-03-26 05:55:00
2017-03-26 06:00:00	56634	6.33	22.428	15.829	-3.1	0.492	1.17	0.06	22.38	56639	2017-03-26 06:25:00
2017-03-26 06:30:00	56640	6.5	33.82	16.132	-2.777	0.817	1.198	0.07	20.67	56645	2017-03-26 06:55:00
2017-03-30 09:50:00	57831	6.9	18.406	14.294	2.508	1.68	5.05	0.07	6.43	57836	2017-03-30 10:15:00
2017-04-05 01:00:00	59365	5.28	38.56	22.461	3.648	4.672	5.835	0.06	26.46	59370	2017-04-05 01:25:00
2017-04-07 11:10:00	60063	5.53	23.406	17.47	4.783	0.627	1.46	0.08	26.61	60068	2017-04-07 11:35:00
2017-04-07 11:40:00	60069	5.55	8.511	17.853	4.79	0.21	1.382	0.02	12.73	60074	2017-04-07 12:05:00
2017-04-07 12:10:00	60075	5.58	16.681	18.222	4.618	0.44	1.463	0.03	8.23	60080	2017-04-07 12:35:00
2017-04-09 21:55:00	60768	5.42	43.466	8.698	2.457	5.183	5.442	0.05	12.91	60773	2017-04-09 22:20:00
2017-04-10 00:30:00	60799	5.2	42.305	12.212	1.767	6.068	6.667	0.02	6.26	60804	2017-04-10 00:55:00
2017-04-10 01:00:00	60805	5.45	41.926	12.796	2.955	5.575	6.205	0.04	2.42	60810	2017-04-10 01:25:00
2017-04-10 01:30:00	60811	5.13	41.209	13.355	4.597	4.723	5.37	0.03	8.16	60816	2017-04-10 01:55:00
2017-04-10 03:55:00	60840	5.25	40.513	15.76	5.227	3.775	4.418	0.02	3.94	60845	2017-04-10 04:20:00
2017-04-10 04:25:00	60846	5.1	37.775	16.204	5.07	3.558	4.595	0.02	3.37	60851	2017-04-10 04:50:00
2017-04-10 04:55:00	60852	5.35	37.679	16.632	4.675	3.593	4.657	0.02	2.21	60857	2017-04-10 05:20:00
2017-04-10 06:05:00	60866	5.08	42.577	17.571	5.437	4.277	4.655	0.01	2.83	60871	2017-04-10 06:30:00
2017-04-10 06:35:00	60872	5.2	42.359	17.95	5.69	3.99	4.363	0.02	4.10	60877	2017-04-10 07:00:00
2017-04-10 07:05:00	60878	5.55	35.416	18.316	6.243	3.02	4.245	0.01	5.43	60883	2017-04-10 07:30:00
2017-04-10 08:05:00	60890	5.52	42.701	19.008	5.938	3.463	3.66	0.02	27.11	60895	2017-04-10 08:30:00
2017-04-10 10:35:00	60920	6.88	26.018	20.534	4.378	1.557	3.073	0.04	23.88	60925	2017-04-10 11:00:00
2017-04-18 06:30:00	63042	6.38	8.023	8.736	-0.963	0.323	2.52	0.10	17.53	63047	2017-04-18 06:55:00
2017-04-18 07:05:00	63049	6.43	28.334	9.61	-0.705	1.112	2.067	0.04	24.66	63054	2017-04-18 07:30:00
2017-04-18 15:20:00	63148	6.23	16.636	18.079	-0.888	1.015	3.393	0.09	7.17	63153	2017-04-18 15:45:00
2017-04-21 03:00:00	63821	6.85	40.527	10.593	-2.118	1.962	2.287	0.06	12.16	63826	2017-04-21 03:25:00
2017-04-21 03:35:00	63828	6.8	37.41	11.355	-1.675	1.942	2.58	0.04	25.89	63833	2017-04-21 04:00:00
2017-05-01 07:25:00	66495	5.05	36.175	21.689	-3.592	2.678	3.578	0.05	26.40	66500	2017-05-01 07:50:00
2017-05-01 08:20:00	66506	5.15	15.25	21.247	-3.317	1.183	4.25	0.08	25.74	66511	2017-05-01 08:45:00
2017-05-01 08:50:00	66512	5.08	23.859	20.992	-3.39	1.848	4.257	0.04	23.22	66517	2017-05-01 09:15:00
2017-05-01 09:50:00	66524	5.33	32.88	20.453	-2.903	2.513	3.845	0.04	26.83	66529	2017-05-01 10:15:00
2017-05-01 13:10:00	66564	5.17	37.849	18.337	-3.872	2.797	3.485	0.07	24.73	66569	2017-05-01 13:35:00
2017-05-02 05:45:00	66739	6.62	38.541	8.46	0.978	2.745	3.437	0.02	29.24	66744	2017-05-02 06:10:00
2017-05-02 07:15:00	66757	5.97	34.87	10.64	-3.658	2.705	3.875	0.02	15.22	66762	2017-05-02 07:40:00
2017-05-02 07:45:00	66763	5.63	27.729	11.293	-4.108	2.235	4.253	0.04	6.31	66768	2017-05-02 08:10:00
2017-05-02 08:15:00	66769	5.7	10.18	11.915	-4.502	0.757	4.207	0.05	26.47	66774	2017-05-02 08:40:00
2017-05-02 08:45:00	66775	5.6	7.966	12.51	-4.995	0.523	3.713	0.01	12.05	66780	2017-05-02 09:10:00
2017-05-02 12:15:00	66817	5.98	28.427	16.05	-4.837	1.887	3.377	0.07	18.86	66822	2017-05-02 12:40:00
2017-05-02 12:45:00	66823	6.0	28.992	16.482	-4.967	1.802	3.243	0.07	11.44	66828	2017-05-02 13:10:00
2017-05-02 13:25:00	66831	5.85	31.447	17.034	-5.063	1.973	3.205	0.04	26.14	66836	2017-05-02 13:50:00
2017-05-02 14:00:00	66838	5.82	44.305	17.495	-5.147	2.487	2.503	0.06	28.50	66843	2017-05-02 14:25:00
2017-05-02 16:30:00	66868	5.9	37.604	19.268	-2.94	3.07	4.02	0.04	17.89	66873	2017-05-02 16:55:00
2017-05-03 20:35:00	67196	6.75	32.476	23.884	-3.453	0.922	1.433	0.05	13.07	67201	2017-05-03 21:00:00
2017-05-03 21:05:00	67202	6.78	33.259	23.75	-3.25	1.077	1.628	0.03	17.22	67207	2017-05-03 21:30:00
2017-05-08 10:05:00	68254	5.5	27.932	21.108	4.875	2.377	4.478	0.09	6.62	68259	2017-05-08 10:30:00
2017-05-08 13:00:00	68278	6.43	38.423	22.44	0.675	2.818	3.57	0.10	25.52	68283	2017-05-08 13:25:00
2017-05-10 17:10:00	68821	5.77	15.528	11.133	2.93	1.208	4.323	0.05	17.59	68826	2017-05-10 17:35:00
2017-05-10 23:15:00	68852	6.07	9.032	17.274	3.892	0.808	5.152	0.05	10.00	68857	2017-05-10 23:40:00
2017-05-11 00:25:00	68866	6.28	37.932	18.161	5.567	2.972	3.81	0.05	10.11	68871	2017-05-11 00:50:00
2017-05-11 00:55:00	68872	6.32	20.747	18.519	5.778	1.658	4.098	0.02	24.10	68877	2017-05-11 01:20:00
2017-05-14 00:45:00	69631	6.18	34.049	21.317	0.297	2.01	2.978	0.08	7.16	69636	2017-05-14 01:10:00
2017-05-19 04:15:00	71054	5.63	28.817	12.771	-8.467	4.133	7.443	0.10	18.48	71059	2017-05-19 04:40:00
2017-05-25 01:10:00	72624	5.57	3.863	18.698	3.015	0.085	1.242	0.06	4.59	72629	2017-05-25 01:35:00
2017-05-25 01:45:00	72631	5.58	16.702	19.095	3.035	0.253	1.022	0.05	26.66	72636	2017-05-25 02:10:00
2017-05-25 02:25:00	72639	5.5	24.98	19.528	3.15	0.413	0.965	0.07	14.27	72644	2017-05-25 02:50:00
