Start_str	Start_ind	Mgs#_avg	Clang_avg	Rmag_avg	Bx_avg(nT)	By_avg(nT)	Bz_avg(nT)	Bdeviat	Dtheta	End_ind	End_str
2019-09-17 14:30:00	4600	5.03	316.806	7.069	3.207	-2.817	2.948	0.07	25.93	4605	2019-09-17 14:55:00
2019-09-24 21:55:00	6600	5.18	336.31	16.351	2.872	-3.022	7.052	0.09	28.53	6605	2019-09-24 22:20:00
2019-09-24 22:25:00	6606	5.37	342.939	16.819	3.837	-2.028	6.615	0.05	5.21	6611	2019-09-24 22:50:00
2019-09-25 00:25:00	6630	6.73	354.41	18.554	2.128	-0.403	4.092	0.07	12.87	6635	2019-09-25 00:50:00
2019-09-25 00:55:00	6636	6.88	342.091	18.956	0.827	-1.288	3.983	0.08	5.50	6641	2019-09-25 01:20:00
2019-09-25 01:25:00	6642	6.55	323.422	19.347	-1.97	-2.358	3.178	0.07	10.09	6647	2019-09-25 01:50:00
2019-10-04 19:10:00	9108	6.6	347.778	9.983	-3.62	-0.358	1.605	0.04	14.37	9113	2019-10-04 19:35:00
2019-10-04 20:25:00	9123	6.4	329.775	8.074	-4.06	-0.513	0.88	0.04	14.97	9128	2019-10-04 20:50:00
2019-10-14 23:45:00	11788	5.5	331.775	18.238	0.795	-3.092	5.812	0.07	27.94	11793	2019-10-15 00:10:00
2019-10-15 04:25:00	11844	5.18	320.378	13.755	2.257	-2.905	3.502	0.07	4.92	11849	2019-10-15 04:50:00
2019-10-15 06:50:00	11873	5.2	343.558	10.79	2.79	-1.377	4.683	0.10	23.44	11878	2019-10-15 07:15:00
2019-10-15 15:50:00	11981	5.58	327.043	8.41	1.658	-2.692	4.17	0.09	13.43	11986	2019-10-15 16:15:00
2019-10-15 16:20:00	11987	5.78	323.354	9.181	1.498	-3.128	4.207	0.04	14.47	11992	2019-10-15 16:45:00
2019-10-15 17:15:00	11998	6.3	325.334	10.499	0.96	-2.575	3.715	0.07	12.38	12003	2019-10-15 17:40:00
2019-10-15 19:35:00	12026	5.08	322.164	13.42	-1.05	-4.468	5.723	0.05	20.22	12031	2019-10-15 20:00:00
2019-10-18 10:30:00	12778	6.22	328.176	19.221	-3.515	-0.352	0.56	0.05	29.33	12783	2019-10-18 10:55:00
2019-10-22 01:20:00	13732	7.0	320.928	16.922	1.07	-1.58	1.942	0.05	22.65	13737	2019-10-22 01:45:00
2019-10-23 01:45:00	14025	6.97	331.231	19.159	1.257	-0.887	1.637	0.08	16.87	14030	2019-10-23 02:10:00
2019-10-29 21:10:00	15782	5.4	329.817	14.982	-4.125	-3.003	5.163	0.05	23.87	15787	2019-10-29 21:35:00
2019-11-01 12:35:00	16500	6.42	333.264	17.525	0.725	-1.562	3.1	0.08	6.30	16505	2019-11-01 13:00:00
2019-11-01 13:05:00	16506	6.28	330.23	17.084	0.465	-1.808	3.158	0.07	14.12	16511	2019-11-01 13:30:00
2019-11-01 21:15:00	16603	6.05	316.509	7.125	1.977	-1.738	1.83	0.02	10.48	16608	2019-11-01 21:40:00
2019-11-02 04:55:00	16672	6.03	316.67	9.992	1.425	-1.772	1.883	0.04	10.21	16677	2019-11-02 05:20:00
2019-11-02 05:25:00	16678	6.18	322.927	10.686	1.045	-1.637	2.168	0.09	4.96	16683	2019-11-02 05:50:00
2019-11-02 05:55:00	16684	5.72	322.784	11.351	2.257	-1.467	1.935	0.06	18.81	16689	2019-11-02 06:20:00
2019-11-02 09:10:00	16723	6.72	315.653	15.092	-0.655	-2.122	2.165	0.05	18.63	16728	2019-11-02 09:35:00
2019-11-05 04:45:00	17476	5.02	327.973	13.67	-5.105	-1.062	1.678	0.04	9.21	17481	2019-11-05 05:10:00
2019-11-05 05:15:00	17482	5.02	323.782	13.099	-5.025	-1.453	1.985	0.02	8.18	17487	2019-11-05 05:40:00
2019-11-05 20:05:00	17649	6.37	334.266	13.664	-3.433	-0.695	1.44	0.03	29.39	17654	2019-11-05 20:30:00
2019-11-15 04:00:00	20259	6.65	347.191	23.466	1.428	-0.533	2.333	0.07	28.82	20264	2019-11-15 04:25:00
2019-11-15 05:55:00	20282	6.8	323.352	22.408	0.512	-1.288	1.775	0.07	23.65	20287	2019-11-15 06:20:00
2019-11-15 06:25:00	20288	6.8	327.492	22.112	0.602	-1.29	2.022	0.04	8.67	20293	2019-11-15 06:50:00
2019-11-15 20:00:00	20451	5.42	330.945	9.404	-1.498	-2.665	4.69	0.05	29.08	20456	2019-11-15 20:25:00
2019-11-18 15:55:00	21222	6.43	349.506	23.564	2.725	-0.42	2.185	0.07	28.10	21227	2019-11-18 16:20:00
2019-11-18 23:05:00	21308	6.08	330.02	18.975	2.438	-1.257	2.147	0.05	16.94	21313	2019-11-18 23:30:00
2019-11-19 07:55:00	21414	5.93	315.046	9.66	0.51	-2.335	2.333	0.05	11.46	21419	2019-11-19 08:20:00
2019-12-09 22:30:00	23811	5.23	319.338	19.567	4.388	-2.632	3.135	0.04	28.90	23816	2019-12-09 22:55:00
2019-12-14 11:50:00	24969	5.72	317.871	17.13	3.825	-1.888	2.092	0.07	12.46	24974	2019-12-14 12:15:00
2019-12-16 20:45:00	25566	5.1	340.208	20.961	3.553	-0.868	2.378	0.07	19.85	25571	2019-12-16 21:10:00
2019-12-16 21:15:00	25572	5.13	328.918	20.622	3.093	-1.6	2.648	0.07	13.38	25577	2019-12-16 21:40:00
2019-12-16 21:45:00	25578	5.17	323.341	20.273	2.927	-1.873	2.51	0.06	11.82	25583	2019-12-16 22:10:00
2019-12-17 22:15:00	25788	6.37	336.121	15.516	1.325	-1.208	2.735	0.07	11.98	25793	2019-12-17 22:40:00
2019-12-25 06:40:00	27415	5.28	335.974	22.05	-4.477	-0.915	2.018	0.04	16.31	27420	2019-12-25 07:05:00
2019-12-27 08:50:00	27926	5.98	320.28	20.987	2.6	-1.665	1.983	0.07	21.24	27931	2019-12-27 09:15:00
2020-01-01 04:55:00	29273	5.33	319.252	20.675	3.76	-1.382	1.618	0.04	18.74	29278	2020-01-01 05:20:00
2020-01-10 11:55:00	31938	5.55	330.447	19.125	4.005	-2.212	3.858	0.03	28.77	31943	2020-01-10 12:20:00
2020-01-10 13:00:00	31951	6.08	330.248	18.258	1.88	-2.24	3.922	0.08	23.60	31956	2020-01-10 13:25:00
2020-01-14 06:45:00	32972	6.17	333.684	12.762	-2.808	-1.013	2.048	0.07	6.81	32977	2020-01-14 07:10:00
2020-01-15 03:05:00	33210	5.38	325.823	19.096	-2.523	-2.222	3.265	0.02	18.75	33215	2020-01-15 03:30:00
2020-01-18 22:35:00	34301	5.57	320.447	23.76	2.363	-1.933	2.348	0.02	14.76	34306	2020-01-18 23:00:00
2020-01-21 03:20:00	34929	6.12	318.376	16.457	0.552	-1.05	1.188	0.06	21.25	34934	2020-01-21 03:45:00
2020-01-25 10:40:00	36165	5.52	328.388	14.901	-2.505	-1.473	2.268	0.04	21.71	36170	2020-01-25 11:05:00
2020-01-25 21:25:00	36291	5.12	344.434	23.087	-3.843	-0.435	1.515	0.04	29.00	36296	2020-01-25 21:50:00
2020-01-27 20:30:00	36856	5.15	318.727	22.019	3.24	-1.128	1.318	0.05	25.15	36861	2020-01-27 20:55:00
2020-01-28 11:05:00	37031	6.1	324.935	7.521	3.303	-1.95	2.788	0.05	7.52	37036	2020-01-28 11:30:00
2020-02-21 10:00:00	43224	5.05	319.883	21.582	7.083	-2.138	2.532	0.05	11.81	43229	2020-02-21 10:25:00
2020-03-02 19:50:00	45962	6.38	335.198	22.978	4.583	-0.817	1.937	0.05	28.20	45967	2020-03-02 20:15:00
2020-03-03 09:20:00	46124	6.08	320.961	11.681	2.168	-1.673	2.1	0.03	23.64	46129	2020-03-03 09:45:00
2020-03-03 22:50:00	46197	6.03	340.45	13.318	3.205	-0.885	2.395	0.09	29.46	46202	2020-03-03 23:15:00
2020-03-06 23:45:00	47056	5.28	334.548	8.527	1.845	-2.267	4.82	0.03	12.96	47061	2020-03-07 00:10:00
2020-03-07 08:40:00	47163	5.63	321.634	10.414	1.098	-1.917	2.437	0.09	16.51	47168	2020-03-07 09:05:00
2020-03-07 20:15:00	47301	5.62	357.67	21.263	1.845	-0.23	5.633	0.06	2.72	47306	2020-03-07 20:40:00
2020-03-07 21:25:00	47315	5.18	355.136	21.991	2.355	-0.502	5.91	0.04	7.26	47320	2020-03-07 21:50:00
2020-03-18 01:00:00	50060	5.9	321.972	15.208	3.393	-1.283	1.628	0.06	17.65	50065	2020-03-18 01:25:00
2020-03-18 11:55:00	50191	5.17	331.481	23.248	4.387	-1.66	3.055	0.08	8.29	50196	2020-03-18 12:20:00
2020-03-25 03:10:00	51799	5.72	334.501	16.785	5.082	-1.032	2.1	0.05	21.90	51804	2020-03-25 03:35:00
2020-03-27 07:05:00	52417	6.9	320.363	23.652	2.158	-0.438	0.585	0.08	29.98	52422	2020-03-27 07:30:00
2020-03-27 22:00:00	52596	6.08	325.248	11.709	4.235	-0.83	1.233	0.05	28.17	52601	2020-03-27 22:25:00
2020-03-27 22:30:00	52602	5.98	349.052	11.072	4.162	-0.363	1.88	0.07	14.71	52607	2020-03-27 22:55:00
2020-03-27 23:20:00	52612	5.77	348.793	9.949	3.508	-0.515	2.72	0.06	19.04	52617	2020-03-27 23:45:00
2020-03-28 16:15:00	52815	5.73	349.781	17.748	3.727	-0.373	2.102	0.08	10.58	52820	2020-03-28 16:40:00
2020-03-28 16:45:00	52821	5.78	337.386	18.162	3.73	-0.633	1.51	0.03	22.86	52826	2020-03-28 17:10:00
2020-04-01 08:10:00	53866	6.45	315.359	20.679	1.983	-2.052	2.042	0.10	28.52	53871	2020-04-01 08:35:00
2020-04-01 09:40:00	53884	6.47	315.332	21.644	2.262	-1.702	1.73	0.02	5.36	53889	2020-04-01 10:05:00
2020-04-04 13:10:00	54740	6.17	353.678	14.744	3.262	-0.203	1.863	0.06	9.69	54745	2020-04-04 13:35:00
2020-04-04 13:40:00	54746	6.27	339.547	15.25	3.453	-0.37	1.018	0.02	18.60	54751	2020-04-04 14:05:00
2020-04-06 20:10:00	55399	6.08	322.953	23.207	1.262	-1.302	1.735	0.09	8.25	55404	2020-04-06 20:35:00
2020-04-06 20:40:00	55405	5.82	325.45	22.941	1.415	-1.345	1.96	0.03	17.91	55410	2020-04-06 21:05:00
2020-04-07 02:35:00	55474	6.18	331.171	19.136	1.702	-0.803	1.462	0.08	8.44	55479	2020-04-07 03:00:00
2020-04-07 03:10:00	55481	6.22	335.055	18.686	1.51	-0.718	1.578	0.08	25.27	55486	2020-04-07 03:35:00
2020-04-07 05:10:00	55505	6.3	352.509	17.022	0.23	-0.257	1.955	0.05	9.81	55510	2020-04-07 05:35:00
2020-04-07 10:05:00	55564	5.77	330.264	11.91	2.54	-0.76	1.327	0.08	26.30	55569	2020-04-07 10:30:00
2020-04-07 10:35:00	55570	5.62	333.058	11.283	2.633	-0.638	1.262	0.05	11.69	55575	2020-04-07 11:00:00
2020-04-10 14:00:00	56422	5.37	349.466	19.513	2.995	-0.708	3.837	0.09	12.73	56427	2020-04-10 14:25:00
2020-04-10 21:20:00	56510	6.13	321.228	12.732	2.928	-1.36	1.717	0.08	26.56	56515	2020-04-10 21:45:00
2020-04-10 21:50:00	56516	5.92	315.191	12.138	3.035	-1.642	1.657	0.09	14.88	56521	2020-04-10 22:15:00
2020-04-11 23:25:00	56823	6.08	328.869	22.51	3.468	-1.505	2.615	0.05	27.77	56828	2020-04-11 23:50:00
2020-04-18 17:00:00	58719	5.72	337.552	17.903	3.323	-0.318	0.74	0.07	16.87	58724	2020-04-18 17:25:00
2020-04-21 03:45:00	59424	5.03	331.563	18.367	7.987	-5.247	9.687	0.04	10.23	59429	2020-04-21 04:10:00
2020-04-21 04:15:00	59430	5.2	327.6	17.962	7.328	-5.827	9.187	0.05	7.99	59435	2020-04-21 04:40:00
2020-04-21 04:45:00	59436	5.35	326.549	17.545	6.847	-5.782	8.748	0.05	10.34	59441	2020-04-21 05:10:00
2020-04-24 10:35:00	60317	6.2	315.866	21.886	3.01	-0.845	0.882	0.04	14.90	60322	2020-04-24 11:00:00
2020-04-25 00:00:00	60478	6.15	317.915	9.569	3.335	-1.302	1.473	0.09	21.33	60483	2020-04-25 00:25:00
2020-04-25 16:35:00	60677	5.88	350.542	17.562	2.933	-0.543	3.21	0.04	10.53	60682	2020-04-25 17:00:00
2020-04-25 18:55:00	60705	5.93	351.462	19.405	3.272	-0.222	1.742	0.06	18.98	60710	2020-04-25 19:20:00
2020-04-25 20:35:00	60725	6.03	343.272	20.579	2.992	-0.518	1.607	0.03	15.13	60730	2020-04-25 21:00:00
2020-04-25 22:10:00	60744	6.17	320.463	21.594	2.902	-0.872	1.095	0.07	23.16	60749	2020-04-25 22:35:00
2020-04-25 22:45:00	60751	5.92	347.731	21.946	2.752	-0.437	2.043	0.03	14.56	60756	2020-04-25 23:10:00
2020-04-29 06:30:00	61708	5.18	321.67	19.094	2.51	-0.62	0.795	0.09	19.08	61713	2020-04-29 06:55:00
2020-05-05 12:30:00	63434	6.03	327.673	8.733	0.407	-1.48	2.343	0.05	6.38	63439	2020-05-05 12:55:00
2020-05-13 06:50:00	65670	6.6	349.533	19.817	1.875	-0.293	1.578	0.07	26.25	65675	2020-05-13 07:15:00
2020-05-18 21:10:00	67281	5.85	321.008	22.15	1.032	-2.978	3.638	0.09	9.78	67286	2020-05-18 21:35:00
2020-05-22 20:00:00	68419	6.07	331.169	13.098	2.313	-1.875	3.415	0.04	25.55	68424	2020-05-22 20:25:00
2020-05-23 10:35:00	68593	5.9	339.718	12.777	2.27	-0.732	1.998	0.07	17.17	68598	2020-05-23 11:00:00
2020-05-27 04:20:00	69669	5.28	348.629	18.47	3.018	-0.505	2.555	0.02	13.84	69674	2020-05-27 04:45:00
2020-05-27 04:50:00	69675	5.3	338.84	18.859	3.197	-0.822	2.12	0.02	9.98	69680	2020-05-27 05:15:00
2019-09-06 13:05:00	1567	5.05	23.475	16.433	-5.532	0.675	1.59	0.03	25.14	1572	2019-09-06 13:30:00
2019-09-06 13:35:00	1573	5.03	28.994	15.95	-5.342	0.865	1.565	0.04	26.53	1578	2019-09-06 14:00:00
2019-09-06 14:30:00	1584	5.8	17.175	15.022	-4.845	0.738	2.263	0.01	24.43	1589	2019-09-06 14:55:00
2019-09-11 01:25:00	2719	5.48	44.689	19.7	-4.625	1.36	1.372	0.03	14.66	2724	2019-09-11 01:50:00
2019-09-11 01:55:00	2725	5.4	44.15	20.072	-4.812	1.022	1.052	0.02	12.91	2730	2019-09-11 02:20:00
2019-09-11 02:25:00	2731	5.28	34.343	20.433	-4.885	0.653	0.942	0.08	29.08	2736	2019-09-11 02:50:00
2019-09-13 07:15:00	3361	5.35	34.691	21.364	-5.362	3.26	4.9	0.02	28.08	3366	2019-09-13 07:40:00
2019-09-13 20:50:00	3524	6.38	40.815	7.113	-1.978	1.652	1.752	0.05	27.59	3529	2019-09-13 21:15:00
2019-09-30 22:30:00	8295	5.18	27.518	19.138	-5.317	2.028	4.017	0.05	29.25	8300	2019-09-30 22:55:00
2019-10-12 15:35:00	11117	6.25	37.347	20.507	-3.077	0.67	0.898	0.02	13.68	11122	2019-10-12 16:00:00
2019-11-02 15:30:00	16780	6.32	13.884	20.45	2.573	0.41	1.65	0.03	21.14	16785	2019-11-02 15:55:00
2019-11-06 06:40:00	17756	6.73	39.448	22.32	-2.447	1.17	1.448	0.05	18.68	17761	2019-11-06 07:05:00
2019-11-08 10:50:00	18325	6.5	30.962	19.171	-2.988	0.677	1.13	0.02	10.52	18330	2019-11-08 11:15:00
2019-11-15 08:00:00	20307	6.53	4.259	21.116	-2.19	0.158	2.212	0.09	7.41	20312	2019-11-15 08:25:00
2019-12-10 20:25:00	24012	6.35	29.64	13.748	3.935	1.607	2.798	0.08	25.50	24017	2019-12-10 20:50:00
2019-12-14 04:30:00	24881	5.45	13.69	8.581	5.292	0.39	1.535	0.03	24.72	24886	2019-12-14 04:55:00
2019-12-14 07:50:00	24921	5.93	32.513	13.056	3.22	1.635	2.672	0.04	28.38	24926	2019-12-14 08:15:00
2019-12-14 08:30:00	24929	5.83	43.541	13.814	3.512	2.05	2.028	0.08	27.52	24934	2019-12-14 08:55:00
2019-12-14 09:15:00	24938	5.65	18.287	14.626	3.755	0.827	2.252	0.09	27.54	24943	2019-12-14 09:40:00
2020-01-15 03:35:00	33216	5.28	17.116	19.478	-3.592	1.018	3.293	0.06	14.38	33221	2020-01-15 04:00:00
2020-01-15 04:15:00	33224	5.32	41.216	19.972	-3.057	2.555	2.858	0.07	26.37	33229	2020-01-15 04:40:00
2020-01-17 09:15:00	33855	6.13	23.368	21.231	-0.432	1.523	3.535	0.06	10.35	33860	2020-01-17 09:40:00
2020-01-18 19:00:00	34258	6.8	27.007	21.739	-0.7	1.313	2.568	0.03	12.56	34263	2020-01-18 19:25:00
2020-01-25 19:15:00	36265	5.13	31.377	21.822	-1.865	2.727	4.453	0.02	19.27	36270	2020-01-25 19:40:00
2020-01-25 22:20:00	36302	5.08	27.589	23.576	-3.71	0.828	1.587	0.02	19.21	36307	2020-01-25 22:45:00
2020-02-10 20:00:00	40688	5.8	41.87	22.579	-3.727	1.918	2.138	0.03	25.14	40693	2020-02-10 20:25:00
2020-02-14 20:00:00	41359	6.38	34.807	12.634	-2.86	0.907	1.3	0.06	11.08	41364	2020-02-14 20:25:00
2020-02-26 08:35:00	44388	5.13	32.489	21.638	4.713	1.593	2.457	0.07	18.62	44393	2020-02-26 09:00:00
2020-02-26 09:05:00	44394	5.18	30.948	21.946	4.253	1.862	3.083	0.02	5.93	44399	2020-02-26 09:30:00
2020-02-26 09:35:00	44400	5.25	32.92	22.245	3.737	2.352	3.625	0.07	16.71	44405	2020-02-26 10:00:00
2020-02-26 10:05:00	44406	5.27	7.998	22.536	4.132	0.557	3.923	0.06	20.77	44411	2020-02-26 10:30:00
2020-03-02 18:35:00	45947	6.6	15.213	23.636	3.722	0.645	2.32	0.10	24.85	45952	2020-03-02 19:00:00
2020-03-03 02:10:00	46038	5.93	11.298	18.802	3.803	0.667	3.135	0.06	12.86	46043	2020-03-03 02:35:00
2020-03-03 03:00:00	46048	5.95	15.333	18.13	3.267	0.825	2.975	0.08	8.32	46053	2020-03-03 03:25:00
2020-03-07 14:20:00	47231	6.18	40.815	16.715	0.592	2.888	3.31	0.07	23.53	47236	2020-03-07 14:45:00
2020-03-07 15:35:00	47246	5.23	43.138	17.812	0.48	4.343	4.638	0.02	10.23	47251	2020-03-07 16:00:00
2020-03-07 16:05:00	47252	5.43	29.584	18.228	0.775	2.978	5.158	0.07	26.17	47257	2020-03-07 16:30:00
2020-03-07 16:35:00	47258	5.57	15.631	18.632	1.135	1.583	5.65	0.08	7.02	47263	2020-03-07 17:00:00
2020-03-07 17:05:00	47264	5.75	14.882	19.024	0.492	1.438	5.412	0.03	6.23	47269	2020-03-07 17:30:00
2020-03-07 17:35:00	47270	5.72	12.538	19.406	0.732	1.198	5.342	0.07	12.03	47275	2020-03-07 18:00:00
2020-03-07 18:05:00	47276	5.55	15.89	19.776	0.182	1.595	5.602	0.06	4.76	47281	2020-03-07 18:30:00
2020-03-07 18:35:00	47282	5.38	13.008	20.136	-0.153	1.398	6.042	0.07	9.00	47287	2020-03-07 19:00:00
2020-03-07 19:05:00	47288	5.23	6.952	20.485	0.81	0.783	6.452	0.06	6.02	47293	2020-03-07 19:30:00
2020-03-07 20:55:00	47309	5.38	3.607	21.685	0.91	0.387	6.103	0.04	4.55	47314	2020-03-07 21:20:00
2020-03-17 19:00:00	49988	6.37	25.538	7.586	2.458	0.693	1.45	0.07	22.83	49993	2020-03-17 19:25:00
2020-03-18 04:20:00	50100	6.33	19.226	18.227	2.293	0.657	2.1	0.08	22.25	50105	2020-03-18 04:45:00
2020-03-25 13:05:00	51915	6.13	20.575	23.556	3.69	0.517	1.333	0.09	17.61	51920	2020-03-25 13:30:00
2020-03-28 14:45:00	52797	5.85	14.212	16.428	3.245	0.742	2.773	0.08	19.87	52802	2020-03-28 15:10:00
2020-04-08 01:20:00	55746	6.07	22.266	14.769	0.8	2.072	5.017	0.10	27.12	55751	2020-04-08 01:45:00
2020-04-19 01:05:00	58816	5.77	28.236	23.248	-0.583	1.388	2.583	0.07	7.45	58821	2020-04-19 01:30:00
2020-04-24 06:40:00	60270	5.78	19.158	23.972	2.722	1.065	2.998	0.09	15.22	60275	2020-04-24 07:05:00
2020-04-24 07:10:00	60276	5.97	20.255	23.732	1.71	1.203	3.277	0.07	11.38	60281	2020-04-24 07:35:00
2020-04-25 23:50:00	60764	5.95	21.016	22.569	3.032	0.617	1.56	0.09	22.98	60769	2020-04-26 00:15:00
2020-05-01 23:55:00	62464	5.15	34.38	9.851	1.145	2.883	4.215	0.02	9.72	62469	2020-05-02 00:20:00
2020-05-02 00:25:00	62470	5.03	21.563	9.137	1.292	1.925	4.875	0.08	3.99	62475	2020-05-02 00:50:00
2020-05-08 14:45:00	64325	5.7	20.42	18.74	-0.797	1.367	3.668	0.02	11.29	64330	2020-05-08 15:10:00
2020-05-09 08:40:00	64540	5.63	37.164	9.322	-1.773	1.67	2.183	0.04	20.02	64545	2020-05-09 09:05:00
2020-05-09 20:10:00	64678	5.02	40.565	20.54	-3.008	1.723	2.003	0.04	7.04	64683	2020-05-09 20:35:00
2020-05-12 12:15:00	65447	6.22	7.397	8.232	1.973	0.185	1.488	0.05	16.23	65452	2020-05-12 12:40:00
2020-05-15 16:20:00	66360	5.0	37.83	17.298	-3.852	1.227	1.518	0.04	22.39	66365	2020-05-15 16:45:00
2020-05-15 18:00:00	66380	5.38	16.611	15.792	-3.218	0.567	1.887	0.07	20.17	66385	2020-05-15 18:25:00
2020-05-15 18:30:00	66386	5.03	38.768	15.309	-2.998	1.697	2.09	0.01	8.66	66391	2020-05-15 18:55:00
2020-05-15 20:25:00	66409	5.02	21.434	13.302	-3.217	0.587	1.515	0.05	27.49	66414	2020-05-15 20:50:00
2020-05-15 22:00:00	66428	5.15	36.334	11.426	-1.53	1.79	2.428	0.03	4.01	66433	2020-05-15 22:25:00
2020-05-16 00:55:00	66463	5.23	41.903	7.244	-2.6	1.117	1.273	0.04	22.19	66468	2020-05-16 01:20:00
2020-05-19 19:50:00	67553	6.08	32.687	8.775	3.092	1.307	2.008	0.09	16.37	67558	2020-05-19 20:15:00
2020-05-29 22:10:00	70456	5.68	15.587	9.998	-0.563	1.127	4.177	0.09	22.64	70461	2020-05-29 22:35:00
