Start_str	End_str	Rmag_avg(Re)	x_avg(Re)	y_avg(Re)	z_avg(Re)	Clang_avg	gseIMFBx_avg(nT)	gseIMFBy_avg(nT)	gseIMFBz_avg(nT)	Shock_Ang(deg)	Jx_avg(uA/m2)	Jy_avg	Jz_avg	Jmag_avg	divB_avg	Jx_med(uA/m2)	Jy_med	Jz_med	Jmag_med	divB_med	Jx_std(uA/m2)	Jy_std	Jz_std	Jmag_std	divB_std	mms1Bx_avg(nT)	mms1By_avg	mms1Bz_avg	mms1Bmag_avg	mms1Bx_med(nT)	mms1By_med	mms1Bz_med	mms1Bmag_med	mms1Bx_std(nT)	mms1By_std	mms1Bz_std	mms1Bmag_std
2015-10-21 13:25:00	2015-10-21 13:35:00	11.74555642296731	8.477973194439672	6.783786849185663	-4.478906400334896	346.319	0.27	-6.618	7.393	87.005	-0.0026236344169096	0.0025764571009159	0.0056524741034063	0.0942190866897354	-0.0005287055710675	-0.0079340819049359	0.0019274130214955	0.011599082012627	0.0901837301601528	-0.0010243805638212	0.0430330736315633	0.0550546203315916	0.0660758416812677	0.020423252814169	0.0063753741218989	16.226461	-7.5235534	40.9952	44.956562	16.198833	-7.788599	41.74594	45.219357	2.8304317	3.855715	4.2421894	4.5044436
2015-10-26 08:25:00	2015-10-26 08:35:00	11.703086153617862	10.379832923326909	4.4368309576990015	-3.0877684498954068	351.388	-4.75	-2.372	3.09	46.952	0.0005012157024579	0.0004282466889908	0.0081545341477627	0.104323361001323	0.0004956620074016	0.0024349762006409	0.0018898084967243	0.0590286826968925	0.0962669192901999	0.0007870340559392	0.0438122113351317	0.0444904842235437	0.0887026750309748	0.030832531442164	0.0101821065981951	11.140816	-0.95723766	28.686445	31.075813	11.617051	-0.7959984	29.862118	32.612995	2.6207693	3.7773821	5.5785317	5.873437
2015-10-30 07:05:00	2015-10-30 07:15:00	11.419287200928856	10.629107380868094	3.491781702570529	-2.28649585259825	345.359	-4.187	-3.82	4.788	51.729	-0.0017732145367924	-0.012052906813387	-0.00140101876027	0.0992587408623045	-0.0002758742860186	-0.0004883709230587	-0.0134329980110331	-0.0217267777844599	0.0949529103735346	-0.0003294389185485	0.029543251487452	0.0415114245938186	0.0886259022381277	0.0273611895981056	0.0119493487791704	6.5959153	2.3344355	34.86125	35.838	6.487918	1.940779	34.876183	35.759468	1.8255265	4.111702	1.9934012	2.0279305
2015-11-20 06:15:00	2015-11-20 06:25:00	11.840335243101132	11.746847834477911	0.9425260989061996	-1.1469471461821206	318.92	-2.14	-6.355	3.857	81.292	-0.0133603501585723	0.0030236475020457	-0.0263809688503652	0.1118955072133023	-0.0011082268089075	-0.0197304603439554	-0.0050261037574402	-0.0499872996029512	0.092679847102144	-0.002129357597552	0.0297906166322839	0.0715612333987343	0.089396436847472	0.0486128200112061	0.0104851804433873	3.2094336	-22.988438	28.792593	37.55804	3.4704213	-23.759293	29.449139	38.03247	1.8664176	6.2478843	3.7663484	3.72565
2015-11-28 08:30:00	2015-11-28 08:40:00	11.91602532059511	11.791680154776431	1.0228173451906988	-1.378585940117864	316.505	4.597	-8.813	4.575	71.547	-0.0019486884976958	-0.0140810638844285	-0.0025992571641161	0.1203501364617917	0.00034271455721	-0.0047020681893668	-0.0109746373858955	-0.0107344185748077	0.1061989592883669	-0.0003203272404501	0.0411555605015748	0.0937796255711557	0.080826665751011	0.0524025072616029	0.0155019463939566	7.6005244	-27.516266	24.163202	38.801575	7.3183775	-26.56858	25.80814	38.871994	2.3023722	5.9063454	8.413099	2.0437675
2015-11-29 01:05:00	2015-11-29 01:15:00	9.910701367629288	9.55773540041992	-2.5720638831580582	-0.5042578194233802	350.019	6.242	-1.613	8.232	55.195	0.0012033865742814	-4.356040460564546e-05	0.0178615440935478	0.1642116124674201	0.004409156442305	0.0026309076642884	-0.0025175124596135	0.0764718884957391	0.1535675904968299	0.0047519847266754	0.059217337806573	0.0627920161937599	0.1468583456292678	0.0487025173944046	0.019763475555114	12.605753	-10.05617	65.43202	68.27592	12.28329	-11.707237	65.75379	68.35842	3.571032	10.269369	3.442758	3.137597
2015-11-29 07:10:00	2015-11-29 07:20:00	12.01941248752496	11.96848096388289	0.2877685647294692	-1.0666474994628723	355.855	9.107	-3.925	10.465	51.466	0.0131804711947069	0.002425103577424	-0.028216505459872	0.3653117086706412	0.0013066092084883	0.005698269563063	0.0260842225751671	-0.0492956394323268	0.3191673205197555	0.0006956110903123	0.1574349068644697	0.2530040353162109	0.288257254770305	0.1985249841964545	0.0625616639103146	12.626302	-7.5089693	35.78975	43.83444	12.377433	-9.434395	39.04823	45.74508	8.554626	16.444403	14.473243	11.328317
2015-11-29 08:05:00	2015-11-29 08:15:00	11.957310097589046	11.870281263504497	0.7137365521377897	-1.2502067079108672	341.254	7.628	-6.63	9.083	54.277	-0.003189963059686	0.0015396263202481	-0.0070881656355232	0.1418042419825106	0.0024704503400053	-0.0023049630547325	0.0048766073531455	-0.0393401512287624	0.1237970640954535	0.0014170904947722	0.0478403158372424	0.0943917278891903	0.1288061695968049	0.0879992545473272	0.0215999564108119	7.3397684	-20.91414	36.63275	45.69601	7.1771255	-21.46146	39.56104	45.363583	3.8521397	12.083049	10.393919	3.7388165
2015-12-27 02:40:00	2015-12-27 02:50:00	11.92338596419542	10.61276321722108	-5.134642260759245	-1.780575815334572	321.97	6.967	-1.577	2.755	21.023	0.0024638507062464	0.0056088130913403	-0.0003578148635868	0.1234111210931183	-5.460376691878142e-06	0.0011567869270741	0.0076744278003139	0.0257801984907957	0.1182666715719981	0.0011928936722095	0.0554511379221165	0.0673530426932729	0.0935169590815085	0.0341179609496895	0.0219928379756386	2.2626626	-9.853232	19.012827	23.690609	2.20506	-10.670324	19.475302	23.786428	7.281158	6.548748	6.478733	6.350112
2016-02-12 20:05:00	2016-02-12 20:15:00	11.704766247986214	3.191824955791874	-9.52327312674823	-6.009909517249549	333.481	-1.348	0.018	13.843	85.273	0.0059439595258513	0.0021448569953268	0.0018731323791146	0.1429733453608468	0.0036029181591341	0.0033659817928859	0.0105023388092091	0.0138667447374175	0.1406966009598727	0.0033790060627133	0.0839978801175911	0.0861551073570662	0.0879276482656673	0.0425638335338909	0.010709752414162	2.3294756	-34.539314	43.732407	55.967834	2.1284838	-34.09542	43.200405	55.583687	3.3737087	4.632593	4.6188426	5.7176456
2016-02-12 20:35:00	2016-02-12 20:45:00	11.817601064675223	3.4917343828404483	-9.456263915249917	-6.16771174489191	339.418	-1.175	1.672	15.045	83.706	0.0011980106828409	-0.0041957301326308	-0.0077624320973046	0.102859332414132	0.0031368316813721	0.002177150065188	-0.0050234148466757	-0.0123676947473993	0.0969467006914425	0.0030481300085768	0.0510700374826056	0.0619507724104854	0.0725269846888396	0.0347197768874182	0.015700620526833	10.841691	-24.780191	53.75016	60.309338	10.755396	-24.417717	53.80162	59.632694	2.482244	4.199452	4.2734194	5.0520487
2016-02-12 21:05:00	2016-02-12 21:15:00	11.90141600728925	3.781066182452889	-9.37228576081292	-6.285361594113194	333.801	0.555	0.457	13.912	88.193	0.003769592314183	-0.0072931309053911	-0.0103520836426471	0.1410836257030616	0.0031423630453444	0.0084073056655202	-0.0071439375473648	-0.0184028924515062	0.1369424638278563	0.0032782288025017	0.0762311739839813	0.0893706277188793	0.0849876820927001	0.0359330331613337	0.0128622923216698	11.225522	-21.25674	47.678596	53.680202	11.234968	-21.441618	47.234203	53.05655	3.160219	4.741663	4.242005	4.473349
2016-02-12 21:35:00	2016-02-12 21:45:00	11.956571623149424	4.05920851038269	-9.274752642646485	-6.36080188840553	353.54	0.63	5.635	14.057	84.913	0.0123313122931786	-0.0050074401099066	-0.0032011590129707	0.1143660334105361	0.005111502349208	0.012387710262871	-0.0123228914703213	-0.003175058621745	0.1117703727319486	0.0041151946386483	0.0638844108228501	0.0777149592887716	0.061945024105435	0.0326467823093441	0.0107197550712491	15.621879	-19.9796	55.243465	60.945915	15.490557	-19.800833	55.2128	60.932915	2.9277744	3.3985603	3.286229	3.4036636
2016-02-12 22:05:00	2016-02-12 22:15:00	11.983301915070877	4.325525915639266	-9.166386100295712	-6.3925915640653015	356.988	0.358	6.998	14.553	82.59	0.0106663949558367	-0.0192466306806026	0.0049031854311646	0.0927232247701551	0.003246594892479	0.0138993406194895	-0.0274194402085283	0.010099551653825	0.0896341540140464	0.0029449769829482	0.0582178214636899	0.0567851241057207	0.0424161607637756	0.0179901456115214	0.0108548031691501	20.585747	-9.199782	53.51388	58.231342	20.667273	-9.450484	53.505783	58.12957	2.580788	3.4076245	1.8580194	1.7262149
2016-02-13 01:40:00	2016-02-13 01:50:00	11.336349531322265	5.819245200169365	-8.124941687376376	-5.350947474373267	347.185	-0.957	4.193	16.34	82.085	-0.0036293426268516	-0.0020968186958581	-0.0043983794429157	0.1009974744678967	0.0031781967266607	-0.0025893936390659	-0.0011667925461671	0.0022052308527491	0.0940827991776103	0.0032861470925795	0.0429062480146896	0.0505595429766523	0.0866129660239636	0.0416586612549068	0.0230661906565284	14.883388	-19.889446	58.602818	64.89221	16.92246	-15.38191	58.545856	64.41678	6.2579803	11.337448	2.611734	3.8623295
2016-02-13 02:10:00	2016-02-13 02:20:00	11.124058916363	5.95732262562142	-7.921958926293576	-5.049308303320586	344.486	-1.027	3.193	16.615	83.066	-0.0062350913181521	-0.0053632956270032	-0.0114791420096556	0.1091399077672939	-0.0005475033301466	-0.0095633404569384	-0.011021234443235	-0.0568715379143435	0.1025358826095215	-0.0001501029757182	0.0387063666232992	0.0515695211483866	0.0913069407999841	0.0279722774270474	0.0113332103813621	12.443292	-24.757074	62.869953	68.951035	12.61768	-24.553146	62.90793	69.09743	3.41053	4.7299323	1.3318088	1.3826205
2016-02-13 02:40:00	2016-02-13 02:50:00	10.87948282666197	6.074017838894863	-7.693628737263279	-4.719674891008969	351.94	0.67	4.893	15.683	86.399	-0.0049607952924402	-0.0030209092668955	-0.0012911140943948	0.1095382652423442	-6.066770630284381e-06	-0.0047053963710702	-0.0020649174134475	-2.86230602227784e-05	0.0987765831589982	0.0012658177768643	0.0534132349289578	0.0462592815088241	0.0957484176253406	0.0468767007700009	0.0283556508218238	19.654402	-14.44819	62.26741	67.75722	18.424774	-17.68468	62.338615	68.03882	4.991776	9.635975	2.391186	2.1732295
2016-02-25 20:05:00	2016-02-25 20:15:00	11.955824677685234	1.661030668388462	-9.75147625890959	-6.714868704847357	337.533	-7.318	0.622	5.862	39.927	-0.0050946606518076	-0.0138039651485604	0.0037110378581937	0.1828577047942318	4.057339570209535e-05	-0.0017684861236308	-0.0150962728268933	0.0138722279816676	0.165449147394193	-0.0004923365577247	0.0654695920243546	0.1299951819064536	0.1478699688629979	0.0992163248191629	0.0496750969402345	-2.9274144	-33.000557	34.6358	49.541637	-2.8243477	-33.71384	34.77818	49.99092	8.577258	5.962963	7.6534357	3.251571
2015-09-08 10:40:00	2015-09-08 10:50:00	10.2821725625306	4.93651959101003	7.660278993989436	-4.761517923633689	23.006	12.54	-2.703	16.373	53.156	-0.0027524373040893	-0.015465078216619	-0.0144754648907351	0.146304389163803	-0.0052759483229687	-0.001287838871564	-0.0289355153271501	-0.026086827238862	0.1231256093378299	-0.0028223389474232	0.0428481017716112	0.0962308295285346	0.1175871577548365	0.0630426950297139	0.0354113110722854	12.947608	39.441093	60.710297	76.27101	13.607557	39.95691	62.338543	77.11921	10.253466	14.06474	11.682473	5.5807657
2015-09-08 11:10:00	2015-09-08 11:20:00	10.596317476531398	4.806566190529452	7.999828070768483	-5.017952461563983	27.643	14.363	-1.27	15.253	48.444	0.0005484293859228	-0.0051542048726371	0.0057253723999543	0.1395041073379147	0.0002489978568399	0.0113354924823376	0.0221172336367736	0.0544742130505819	0.120296061178786	-0.0009553386299655	0.0457382905378813	0.0844306730549238	0.1162300652667264	0.0576906263908856	0.0328666204922182	13.44878	37.595524	55.96764	71.10647	13.732353	37.18566	58.48192	72.04854	9.838354	11.825753	10.746208	4.76058
2015-09-08 11:40:00	2015-09-08 11:50:00	10.875315724225496	4.656684592354686	8.321115976724846	-5.229258019764334	27.264	15.028	-1.278	15.028	46.962	-0.0161194796719432	-0.0095831556778025	-0.0361330365139319	0.0791859256050583	-0.0003263462642329	-0.0276050574535104	-0.0104185925943216	-0.0623962179423051	0.0795895286597156	0.0017425677047755	0.0269793224968134	0.024782007070224	0.0577529404784044	0.0080183453495294	0.0140318433010659	27.725208	21.151045	59.390686	69.16652	27.162762	20.424568	59.319294	69.21619	4.67609	4.2129793	2.1507773	1.8816596
2015-10-29 04:55:00	2015-10-29 05:05:00	10.228889266098465	9.875000766666592	2.350203533127006	-1.2606061819555034	38.147	-5.563	1.307	4.087	37.138	-0.0017959777572615	0.0025217953673692	0.0059027481033522	0.1268056952622681	0.0001734420206845	0.0005099468267611	0.0082633895742587	0.0133297476580578	0.1160274352036424	-0.0006079375090223	0.0411174059337015	0.0693802418611162	0.1058097601390713	0.040800826515102	0.0193230555834522	6.3572936	20.306475	44.424026	49.470203	6.6583066	19.991724	45.511288	50.149696	2.9745715	2.6434088	5.5697703	5.081286
2015-10-29 05:25:00	2015-10-29 05:35:00	10.551331100842605	10.09832289672151	2.6644305463031106	-1.5011395759812007	32.779	-5.202	0.847	4.348	39.546	0.0037360737618214	0.006445774298295	0.0045005303100787	0.1224351942601337	0.0005929407441259	-0.0012288779575207	0.0274480777850662	-0.0114067314728756	0.1120207974022092	0.000946124423495	0.0459266975222189	0.078816159403105	0.0865649118649134	0.0300019453960383	0.0123208169095024	2.2689238	16.914831	29.529858	34.338264	2.1769414	16.901958	29.883923	34.781548	2.122025	3.4329667	4.4764233	4.5257354
2015-10-31 17:20:00	2015-10-31 17:30:00	8.88299539633023	5.500403791640224	6.398397618681965	-2.776813628684284	28.568	-4.975	1.032	5.11	45.297	0.0320040100344544	0.0306646047714471	0.0218698135720455	0.0494253314581758	0.0055897869783032	0.0320040100344544	0.0306646047714471	0.0218698135720455	0.0494253314581758	0.0055897869783032	0.0	0.0	0.0	0.0	0.0	19.889536	37.143383	32.530865	53.230457	19.889536	37.143383	32.530865	53.230457	0.0	0.0	0.0	0.0
2015-11-29 01:55:00	2015-11-29 02:05:00	10.484149834395817	10.235750904086112	-2.2056660293989183	-0.5293228705484987	24.459	3.35	3.517	8.623	76.623	0.0019451527118975	-0.006757630514504	0.006190084419934	0.1484209615511635	0.0066080894384115	0.0049589016272145	-0.0036189127729247	0.0306179738718292	0.1407025394357348	0.0063824033666084	0.0545606891104949	0.0845948749633913	0.1174354269282301	0.0445334219513467	0.0107050289640673	14.380503	22.283598	55.03655	61.42616	14.5021	22.662504	55.353813	62.851242	2.630131	5.7331614	5.4614005	5.368424
2016-01-03 03:30:00	2016-01-03 03:40:00	11.997753408652772	10.453168801835002	-5.538988616535472	-1.99886928282482	34.958	-7.73	2.112	2.16	18.567	0.0008602361881628	0.0068773459950237	-0.0051453151389887	0.2106925879108271	-0.0018701077465969	0.0052498520458968	0.0112887065471404	-0.008280631343236	0.1893226508204211	-0.000610560416357	0.1214720950490215	0.1271659856465899	0.1413971231932115	0.081258536720372	0.0430081485076755	-4.48705	0.44667697	2.700064	17.44977	-4.243922	1.3571324	3.9344826	17.339432	8.286154	11.054911	11.550683	6.8861217
2016-01-05 20:10:00	2016-01-05 20:20:00	9.374506496342924	5.6243218068206815	-7.057067035178605	-2.53840375344854	41.825	-1.26	9.75	6.72	82.323	-0.0139178240434368	0.0281353135884462	-0.0432319177928491	0.0935386952988888	0.0002619548058312	-0.012875111544636	0.0438850646850289	-0.0627837018792436	0.0899810372603679	-0.0011291864117015	0.0154140872780921	0.042930062974746	0.0650223312248979	0.0203298019224542	0.010629228949799	7.994206	-47.20813	59.84894	77.02325	9.441765	-47.384804	59.41485	77.22481	6.180213	3.6030731	2.7774062	0.84968543
2016-01-05 21:10:00	2016-01-05 21:20:00	10.151609653105638	6.630275234950829	-7.132850623361523	-2.8661630396554343	41.491	-2.148	9.913	6.48	78.271	0.004913914315993	0.0037958508468395	-0.0003180293432318	0.1245188745510665	0.0035145346051097	0.0188975946063402	0.0038290565015129	0.0102461038504093	0.1180752724176003	0.0016486910797535	0.0780996717230532	0.0669980964454527	0.0763134658865201	0.030753126457829	0.0167317290471414	33.726597	30.151934	38.013546	59.56236	33.607628	30.608515	38.30384	59.845222	2.7149134	5.011997	5.604144	2.8062973
2016-01-05 21:40:00	2016-01-05 21:50:00	10.481906424149182	7.085132127265802	-7.124585187754275	-2.98489110238776	34.216	-2.903	8.988	7.478	74.252	0.0095580028723096	0.0061406879216775	0.0022069162926601	0.1054304472341912	0.0034624595209241	0.0271810672855835	0.0104086850546752	0.0365567198086659	0.1039721979902436	0.0028786931956083	0.057435172272491	0.0380505347409503	0.0816509025491376	0.0207814060571343	0.0090507599684011	26.944939	19.495314	45.198368	56.35414	27.143696	19.163338	45.46882	56.537865	2.778663	3.9029686	3.2412784	2.580833
2016-01-19 18:45:00	2016-01-19 18:55:00	9.537490317791653	3.979853942733671	-8.03369294086293	-3.25289523839466	37.013	1.227	9.508	7.143	82.465	-0.0345495091212241	-0.0422283773951822	0.0534397034589146	0.0763721568618055	0.0070327025893997	-0.0345495091212241	-0.0422283773951822	0.0534397034589146	0.0763721568618055	0.0070327025893997	0.0	0.0	0.0	0.0	0.0	-1.6545559	-52.694023	38.668423	65.38077	-1.6545559	-52.694023	38.668423	65.38077	0.0	0.0	0.0	0.0
2016-01-19 19:15:00	2016-01-19 19:25:00	9.929663559824276	4.452830060798041	-8.149417748360325	-3.514941236743665	39.973	5.343	8.398	5.407	77.244	-0.0026147444703436	-0.0190339192732058	0.0099270941523859	0.1423131001555874	-0.0008100952675184	-0.0049518168699116	-0.0612916240061224	0.0397129641696156	0.1201161074435266	0.002566990330642	0.0296166938947292	0.1107741192876425	0.1109813730798829	0.0753629545988166	0.0220813701034453	-7.676398	-47.51058	42.598873	64.779144	-8.444952	-47.75249	42.45695	65.64944	6.9990764	2.7311358	4.0997534	2.7861404
2016-01-19 19:45:00	2016-01-19 19:55:00	10.282400270164135	4.902963256025518	-8.222483469180363	-3.751931947063965	42.689	8.917	5.53	3.137	52.353	-0.0203011618891753	-0.0427766023481073	0.0183136144492075	0.3030051150760522	0.0065114079544873	-0.0262372361278265	-0.1488170899186638	0.0592951887217027	0.2651308329273038	0.0042429483582522	0.1045692198295281	0.272073434156436	0.1371839936173408	0.1205959659718203	0.0434898268836462	-16.606771	-56.511604	22.614841	66.890144	-15.846202	-54.920692	28.55659	67.073166	9.724559	8.158037	18.615013	3.7581954
2016-01-19 20:45:00	2016-01-19 20:55:00	10.87838264915849	5.735548105264196	-8.265841386890022	-4.137208878001654	37.35	4.3	9.912	6.322	85.16	-0.0153667621362613	-0.009473562589868	-0.0227260910904615	0.1192990244425718	0.0054484151769328	-0.0457210856745926	-0.0123840987496708	-0.0552778988389801	0.1119213696093611	0.0045868296906629	0.0706681122002572	0.040530519995857	0.0907002586977995	0.038384186990604	0.0163274791411161	34.96372	16.214333	46.38892	60.501865	35.04827	16.15527	46.806553	61.00235	2.523048	3.6184902	2.9456627	2.226784
2016-01-19 21:20:00	2016-01-19 21:30:00	11.163039878908265	6.179962796188171	-8.241732259028991	-4.300408669666456	41.76	7.122	10.045	5.212	74.345	-0.0069847710489082	-0.0052039046442588	-0.0049448677469856	0.1242280508441789	0.0054695870397091	-0.0286211052739616	-0.006535954107822	-0.0336975488492501	0.1178897119420165	0.0048978484022906	0.0718926140403232	0.0601157371370199	0.0865757704435369	0.0307493834672118	0.0135834736301557	33.087006	23.720556	38.555943	56.40008	33.224926	23.793186	37.835907	56.801186	2.634929	4.496223	4.551293	3.2983377
2016-01-19 21:50:00	2016-01-19 22:00:00	11.372109556339112	6.536832799170995	-8.198909943174064	-4.401235235103909	43.486	8.723	9.533	4.457	67.202	-0.0011694123040655	-0.0050499627774414	-0.0024405767712373	0.1111462905004937	0.0050179116810307	-0.0164418462664943	-0.0151095364639411	-0.02386775858565	0.103227506428599	0.004868226388528	0.0716883639953564	0.0616814243046351	0.0643789956896525	0.027709256481076	0.012708276217497	33.26334	30.131851	32.14457	55.448734	33.104103	30.817308	32.319252	55.40759	1.9908977	3.656323	3.517911	1.6725556
2016-01-19 22:20:00	2016-01-19 22:30:00	11.550044517295689	6.871512855690665	-8.139449166974746	-4.464710335216167	41.556	6.742	10.068	4.997	75.643	0.0005015137833322	-0.0011143521560366	8.93542128543863e-05	0.1127729333562268	0.0026185009322322	0.000535429479511	0.010062625167445	-0.0189328187387732	0.1040006870632263	0.0034034360280102	0.0591405299027275	0.0683474525062064	0.0747199063172706	0.0321839668862491	0.0127259597316721	28.38374	22.204483	38.47296	53.016945	28.594213	22.6091	38.156216	53.29353	2.064534	4.435733	3.9976835	2.8226895
2016-01-19 22:50:00	2016-01-19 23:00:00	11.697686663146492	7.183950743265752	-8.066185069084431	-4.490201675262713	37.193	8.335	8.645	5.045	66.521	0.003866264143918	0.005574824359964	0.0038597032194041	0.1127161834422349	0.001805505842251	-8.001300536145373e-05	0.0129678802035958	0.0141931809530725	0.1026578854183538	0.0012187851439584	0.0558090257006337	0.0584410698685502	0.0864248732417622	0.0368137294514258	0.0156140263992293	23.161108	7.247789	44.50423	52.35072	22.672848	3.1876018	46.344593	52.93667	4.128966	11.283966	6.1488094	3.3437052
2016-01-19 23:20:00	2016-01-19 23:30:00	11.81570952548725	7.474025597054677	-7.981176119534322	-4.477649962739594	39.868	9.228	8.882	4.733	64.32	0.0019343121796071	-0.0031864811331402	-0.0045070244020582	0.0919329276473746	0.0039706922378677	-0.0101161448316481	-0.0202206476872149	0.003697016729934	0.0866546504346934	0.0036478627843891	0.0616952895152644	0.0562157299028152	0.0435937542567091	0.0212008904491364	0.0070301855127748	30.356129	33.019913	30.16017	54.206356	30.531387	33.006393	30.164454	54.274002	1.4797128	2.6707904	2.946632	1.0589993
2016-01-19 23:50:00	2016-01-20 00:00:00	11.904635744404468	7.741544516244652	-7.885684848522504	-4.427575949046816	39.481	9.082	9.203	4.995	65.654	0.0016950121226827	-0.00695986041705	0.0014772476673799	0.1225401869615392	0.0037851187641321	-0.0179373179614079	-0.0247155055766748	-0.0090098230372437	0.1121038087431193	0.0033277138898045	0.0734782756154899	0.0711877665211203	0.0777166988110471	0.0392942480141958	0.0126075828014259	28.279402	31.215359	31.606716	53.58806	28.417034	33.44083	32.013817	53.774494	2.1100974	7.8563337	6.01208	1.9359093
2016-01-20 00:20:00	2016-01-20 00:30:00	11.964850111107635	7.986238411581979	-7.780174252412595	-4.341097527514432	34.401	9.345	8.877	5.927	64.521	-0.0065853854286956	0.0001728943173378	-0.0168544330785209	0.1015698181069775	0.0054609616815741	-0.0125277636763795	0.0028494482849459	-0.023658996974343	0.1004073574652692	0.0055630065964433	0.0516167361898137	0.0593839181992193	0.0654496371850047	0.0220325523040892	0.0128691523769868	27.43523	26.958422	35.316673	52.369007	27.397045	27.03093	35.02095	52.115494	2.124645	2.7451694	2.8666883	2.1144242
2016-01-20 00:50:00	2016-01-20 01:00:00	11.996609131802728	8.207756802848218	-7.664326028965526	-4.219956424126683	41.855	10.358	8.792	4.448	60.701	0.0170543617888408	-0.0092230005553426	0.0014370861033488	0.0888411189034422	0.0021679091621672	0.0262852338944332	-0.0009250564064232	-0.0056113667579339	0.087140551153833	0.0019305687874856	0.0392852308160643	0.058098148612537	0.0533844812333756	0.015933074805383	0.0122262684194167	26.406239	34.1777	27.061338	51.170776	26.443172	34.458275	28.346731	50.860252	1.7700089	2.5399785	3.7033014	1.6034164
2016-01-20 01:20:00	2016-01-20 01:30:00	12.000046747663395	8.405661424271152	-7.537085788978609	-4.06654909724566	32.564	9.135	9.808	7.305	68.177	-0.0027220849059895	-0.0036032490554255	0.0005573623097272	0.1128812265699861	0.0025532259378247	-0.0025479249754119	-0.0086161351967659	0.0035364349270556	0.1043836680886798	0.0026472335269157	0.0530231365869738	0.0620206866123386	0.0823978239382367	0.0269435050046217	0.010484967565658	24.39113	20.533928	44.770306	55.16941	24.267122	20.544884	44.444317	55.11771	2.065787	3.7803729	3.0087128	2.2127984
2016-01-20 01:50:00	2016-01-20 02:00:00	11.97517753977754	8.579418112502154	-7.396742136726204	-3.8839539311305216	35.202	9.668	9.517	6.633	65.545	-0.0048751263241404	-0.0216249811722701	0.0008733194631577	0.0987273272789015	0.0032925835781135	-0.0082905021103292	-0.0417628836743861	-0.0105649807261909	0.0856645564152785	0.004261561607693	0.0521680538440914	0.0712156280307973	0.0569858815005758	0.0422569096210945	0.0117616862632431	26.473455	32.848225	34.468857	54.674694	26.274414	32.26522	34.287247	54.148434	1.7004151	3.4235692	3.2248988	1.9082255
2016-01-20 02:20:00	2016-01-20 02:30:00	11.921897078499116	8.72838669815551	-7.241042833285816	-3.6759412933498137	38.082	10.515	9.247	6.05	62.085	0.0029353883435105	-0.0054686795414578	0.0092555229510835	0.118951681854787	0.0031917404527501	0.0069275599292998	0.002799009877876	0.026730992162831	0.1081837469582117	0.002700976074272	0.060608960809753	0.0722380575939866	0.0806309305664193	0.0369839844941966	0.0103139592591135	26.617168	31.684557	38.9486	57.111202	26.313665	31.58508	39.15406	57.308006	1.9382045	4.235676	3.6462564	1.6375595
2016-01-20 02:50:00	2016-01-20 03:00:00	11.839979472053876	8.851808301465015	-7.067347919026964	-3.446950998808386	38.206	12.12	7.575	5.113	52.855	0.0081772399249579	0.0071807977490743	0.0054161418359291	0.1339831080206931	0.0021578943993854	0.0118760645767351	-0.0026907095338069	0.0052605883138007	0.1181392814923642	0.0023165187214945	0.0640562853272633	0.1023822636293548	0.0812866436804398	0.0582163765897096	0.0213891843675276	25.489159	33.605785	28.802656	54.82193	25.574867	37.71991	27.985859	54.440662	2.316006	13.323611	14.836314	2.4887562
2016-01-28 02:15:00	2016-01-28 02:25:00	11.753695203127982	7.861340401603175	-7.628867382752553	-4.259964286299435	44.603	-4.525	5.8	2.547	36.979	0.0104376924670634	-0.0096528167856347	0.0146628834018854	0.1154125135700227	-0.0019614706587691	0.0380173956500813	-0.0143778549484095	0.0284700099234728	0.1063158841617735	-0.0007021553603368	0.0533755831913838	0.0833767326846258	0.0638681993931757	0.0312546554124498	0.0136030591197402	16.241423	23.373701	19.543924	35.030342	16.197504	25.070164	19.942986	35.44668	2.5048606	4.3552237	4.3569174	3.0297196
2016-02-03 21:25:00	2016-02-03 21:35:00	11.775788052333908	4.962344191557448	-9.03740583037552	-5.689282546874175	12.393	-2.898	4.905	6.318	59.516	-0.0045605637934388	0.001705976844047	-0.0111250429958077	0.0921693588924283	0.0033102175436141	-0.0093979014250208	0.0073970063096693	-0.0235412073366684	0.0866212966809528	0.0031340876121505	0.03726298984465	0.0411152701770743	0.0849935335150962	0.0442174349708556	0.0145134926439754	14.79297	-18.497114	43.939976	50.331738	15.216091	-18.501867	43.872322	50.296402	4.723166	4.3955083	3.2031412	3.2096694
2016-02-03 22:05:00	2016-02-03 22:15:00	11.899545194064205	5.34799411401081	-8.92576495936266	-5.772983411438699	21.128	-4.28	5.083	4.77	45.626	0.0042682524054588	-0.0041191963180119	0.0069826025544856	0.0934008713620459	0.0035195800554702	0.0087907744071743	-0.0082206028922886	0.0399939729162786	0.0893770706137532	0.0035827077542902	0.0413116661000175	0.0275339123433644	0.0854272829167052	0.0335083642628181	0.0095814966726688	17.713194	-11.417385	42.289547	47.48551	17.621923	-11.937147	42.146923	47.40195	3.1169136	3.4639387	1.8214612	1.6363566
2016-02-04 02:25:00	2016-02-04 02:35:00	11.465390908468848	7.100795474974412	-7.760670858640785	-4.561135366219733	34.516	-3.177	5.62	3.457	48.779	0.0010370011506884	0.000495570152584	-0.0034706068708502	0.1077839556355241	0.0029646328719847	0.0056349452637916	0.0022895906568201	0.0034003771701992	0.0953914614393687	0.0030874724292913	0.0746518299215781	0.0578423498443786	0.0632989173467445	0.0363506680021668	0.0146157086201901	21.922558	16.316109	23.970436	36.93313	21.237783	15.386259	24.079178	37.076153	4.3344455	4.7496386	3.54559	3.3552012
2016-02-25 21:05:00	2016-02-25 21:15:00	11.975404206526571	2.2059762311678	-9.52280213113332	-6.917986982441917	33.285	-4.603	7.778	3.79	46.183	-0.0011341389030753	-0.0101898932835049	0.0011538863371966	0.0927806865938575	-0.0018636949649457	-0.0049117358034536	-0.0090428614107095	-0.0102446576374792	0.0927085798797477	-0.0011220099615755	0.0531278834014825	0.0338329400864104	0.0686364935626611	0.0132817138661253	0.0113141626817213	26.433968	3.0542316	36.52808	45.33115	26.817255	2.8352215	36.715828	45.625797	2.4496279	2.727217	2.0407434	2.2524204
2016-02-26 00:10:00	2016-02-26 00:20:00	11.31219052767996	3.695221574101167	-8.572906339612132	-6.38863046802799	42.877	-5.625	9.155	2.608	43.14	0.0142198815681223	-0.0093722369525865	0.0139423434599034	0.2550592191619855	0.003748976287983	0.0116271185343044	-0.013293275277204	0.0064275136498519	0.2151894038867593	-0.0008789390330383	0.2109070749066806	0.163852189757786	0.1415018910841146	0.1636500749570051	0.0368635694295162	25.65103	17.276001	19.245594	42.36017	24.332367	14.652624	24.310272	43.019833	6.583277	15.388104	14.419442	4.527486
2016-11-11 17:25:00	2016-11-11 17:35:00	11.51612193034746	6.75860032406252	9.223102809770246	-1.3689382943231525	339.126	6.333	-3.785	5.542	53.698	-0.0075524641609133	0.0051249287365073	-0.0017301347583847	0.1012578370407346	-0.0007039014016653	-0.0032791275807833	0.0076659790620341	-0.0111263770395812	0.0983097569837287	-0.0004955105828567	0.0470550721627671	0.0517573978446944	0.0845236289934494	0.0432481250424783	0.0163990902648291	11.895906	-6.900643	38.291973	42.66993	12.616795	-7.242209	38.929367	43.10928	5.9750495	10.349027	6.6947145	4.722969
2016-12-05 06:20:00	2016-12-05 06:30:00	10.258568896285867	10.120863834637056	1.542868532773716	-0.6513079924544914	323.658	2.087	-4.565	4.123	70.618	0.0014962937385361	-0.0036412440725939	0.0042967139961245	0.124129090375491	-0.0029087211920467	0.00077696636186	-0.005150322086096	0.0084758972767058	0.1174037628382146	-0.0021807526444501	0.0396889758727312	0.0733794399183008	0.0978363638770966	0.03402409928723	0.0133736609417548	9.181315	-18.528042	41.183594	46.45158	9.100397	-18.861881	41.9291	47.42135	1.7981217	5.189583	4.2443657	3.755475
2016-12-08 10:15:00	2016-12-08 10:25:00	11.924287753624254	11.305463658420337	3.7485308773701065	-0.5676769175853152	319.652	5.562	-5.175	3.423	49.676	-0.0095872658047468	0.0280541271550023	0.0138863202369121	0.5099194585021487	-0.0059790669949659	0.0077312339837102	0.0274883513284219	0.0267106229668957	0.433176087345689	-0.0035834195312874	0.2942423302543304	0.3275624252780998	0.3676875096303492	0.2648088396416833	0.0913331748731018	7.9006505	-5.005912	10.395654	26.405024	7.8848367	-5.8286214	10.253344	25.86226	8.992375	16.511738	16.399206	10.988994
2016-12-09 14:55:00	2016-12-09 15:05:00	11.243517518381395	9.70230939287334	5.672316687299478	0.3236325231251153	316.018	7.958	-5.458	3.965	40.926	0.0007014039021441	-0.0041689617945441	0.0071840361183581	0.2208282955126523	0.0035505818080032	0.0013803146723793	-0.0099623255302561	0.0086171500209447	0.2019508043599236	0.0053205596566234	0.1114193177378871	0.1613179814784298	0.1434226872922434	0.1015488514429621	0.0442762303655673	13.150725	-25.290985	19.501902	40.000107	13.137157	-26.920076	21.644846	40.960915	7.611557	12.205499	16.211317	7.912512
2016-12-06 15:05:00	2016-12-06 15:15:00	11.32155273621659	9.541600310360309	6.092809266169264	0.1051530808721181	41.359	-4.027	3.917	6.51	63.35	-0.0074009198461324	-0.0009412350117783	-0.0122180594611546	0.1561525667437888	-0.0031772559241174	-0.0046568583305167	-0.0198832429423043	-0.0481666200763251	0.1440505714444585	-0.0023878015185164	0.0543031325934179	0.0970489393449234	0.1204958789042268	0.0520374873007355	0.0177926520896967	-5.0999064	24.54314	35.929993	44.07159	-4.952345	24.489082	35.567715	44.240204	2.3201928	4.510644	6.018961	6.244269
2016-12-06 15:35:00	2016-12-06 15:45:00	11.10443208236611	9.201234705916972	6.210104635090758	0.2795463487444707	41.485	-2.997	4.053	6.375	69.532	-0.0039160102216534	0.0043711616233025	-0.0089082521384045	0.1236426312265263	-0.0039700395499155	-0.0025283312549809	0.0061578261016017	-0.0299894095276387	0.1152182137918961	-0.0023131204943582	0.0334802519080917	0.060727694528058	0.1120346649426738	0.0467637165853543	0.0165819014901584	-1.858291	17.892193	54.89754	58.03583	-1.774507	18.02813	55.533985	58.284157	2.4644814	4.3402624	4.2762837	3.516271
2016-12-07 20:25:00	2016-12-07 20:35:00	6.86395498702031	3.87403157843342	5.396068797774177	1.727335774748633	17.713	8.195	3.84	10.252	51.635	-0.0013035335403079	0.0040120402544055	5.0498143857986114e-05	0.175064031579317	0.009246158153578	0.0456106674835365	0.0047936661101439	-0.0005278355776471	0.1638323451538666	0.0024763064020766	0.1560311596116217	0.0789268266548255	0.0644759126804357	0.0640522686208345	0.0603010908425089	-38.49004	-11.530127	96.3846	104.43261	-38.41991	-11.547406	95.92105	103.82826	0.94810075	0.9389059	1.8319288	1.8393252
2017-01-18 05:45:00	2017-01-18 05:55:00	11.956618576045472	11.215734013144868	-4.121573324750684	0.4225355839324703	40.432	-6.358	10.385	8.803	51.138	-0.0045895628349717	-0.000201185886226	-0.0054488823047902	0.1016384451864316	0.0027169427632134	-0.0051788839545776	-0.0044686814586929	-0.0119161002465603	0.1002731741553095	0.0024931546152577	0.0546071751249085	0.0671455531720938	0.0653689668345087	0.0385226174104664	0.0134351910061609	2.1841264	34.48255	38.497902	52.337982	2.3004189	34.855087	37.997726	52.202595	3.6578586	5.345448	4.9801235	1.8429228
2017-05-15 17:40:00	2017-05-15 17:50:00	14.735195826080355	-4.218744840832834	-14.116117719463396	0.2465161083084893	19.148	-2.823	5.397	7.505	80.38	0.0140204137004313	-0.0040651637929929	0.004430130984827	0.0976713357932894	0.0105852127008666	0.022658240016728	0.0135853305898302	-0.0069789035582968	0.0910563219545108	0.0144791896657474	0.0542665151796842	0.0567153687767575	0.0614289790613113	0.0250607457119269	0.02653903748896	6.9909825	0.9120087	33.542233	38.216896	9.907005	-0.20684516	36.32837	39.71582	14.885326	6.9773746	9.97166	9.16223
2017-10-07 22:00:00	2017-10-07 22:10:00	22.405430286623965	-5.625205648717437	21.64679415968481	1.3326685695032012	339.933	5.418	-2.827	4.333	37.245	0.0081593391273831	-0.0017737330476421	-0.0102152622321543	0.0955045584244247	0.0104348299260495	0.0544858429012813	-0.0035049657081798	0.0022768377585764	0.093913271426788	0.0140022463805704	0.0821050787153805	0.0093094389895922	0.0483837697636079	0.014894650994396	0.035497800590598	8.347144	-5.621023	14.298497	17.673504	8.234665	-5.6051006	14.282627	17.61475	1.9696723	1.2796917	1.5558397	1.1414057
2017-11-02 04:45:00	2017-11-02 04:55:00	22.99518112675856	4.1296430157640245	22.60060694369274	-0.965216127009939	337.053	-2.297	-6.55	7.338	71.323	-0.01452986999922	-0.0718989071240652	0.049617545895789	0.0885577259675852	0.0105424331544207	-0.01452986999922	-0.0718989071240652	0.049617545895789	0.0885577259675852	0.0105424331544207	0.0	0.0	0.0	0.0	0.0	-2.802125	-7.63737	26.207779	27.441374	-2.802125	-7.63737	26.207779	27.441374	0.0	0.0	0.0	0.0
2017-11-02 05:15:00	2017-11-02 05:25:00	22.811770394421213	3.95182387151168	22.41890653725888	-1.4654441398420353	332.92	-1.28	-7.025	6.503	76.332	0.0316688386389846	-0.0393933085772759	0.0435043671792867	0.0666886651918954	0.0040814446073345	0.0316688386389846	-0.0393933085772759	0.0435043671792867	0.0666886651918954	0.0040814446073345	0.0	0.0	0.0	0.0	0.0	9.222726	-14.036564	20.146479	26.229076	9.222726	-14.036564	20.146479	26.229076	0.0	0.0	0.0	0.0
2017-11-02 09:55:00	2017-11-02 10:05:00	20.66824086994299	2.210632877104634	20.172421581265528	-3.919460226379797	318.277	4.758	-9.008	3.308	55.801	0.0332313834977223	-0.0467768350561016	0.0229978324357263	0.097053233134153	0.0004052104682772	0.0380835501640973	-0.0653840614418604	0.0500215329692734	0.0909087310800862	-0.001936370278416	0.0308494422865138	0.0480152577508891	0.0522185904616367	0.0196443792994666	0.0070046154312452	12.916073	-17.878992	15.842497	27.83345	12.86447	-17.983189	16.532423	27.829983	1.3472669	3.2699914	4.994742	0.47166485
2017-11-02 15:20:00	2017-11-02 15:30:00	17.028522397094054	0.0412158854655509	16.999843128639412	-0.9852818360253636	335.977	7.163	-5.887	5.632	44.535	-0.0078850037161469	0.0209026362138073	-0.0096671982702716	0.0971196673620564	0.0044960206780918	-0.033953491277331	0.020649916227828	-0.0043060389531833	0.0851142429242409	0.0037410730585576	0.0597364158057337	0.0515953469203834	0.0632364320300408	0.0372784649792729	0.0245398565335757	15.197774	-12.363758	24.599236	31.724613	14.7935505	-12.534357	24.665155	31.91775	2.0409608	2.1495283	3.5267854	1.9314128
2018-03-26 06:45:00	2018-03-26 06:55:00	17.612409930396563	10.63140576856964	-14.01919655227362	0.7936792768068973	344.544	4.092	0.333	5.25	53.945	0.0246617981797599	0.00127341830434	0.015919618541796	0.0855660437462171	-0.0011278308424975	0.0230536969391561	-0.0014151602650872	0.0602840236921275	0.0817567321174774	0.0012337812777286	0.0357053753573248	0.0202416217908084	0.0696867762998189	0.009086042535911	0.0069277756141686	4.5102053	2.7576668	18.00672	19.024105	4.0468125	3.5214193	17.703426	18.701483	2.5921633	1.7815365	1.2439342	1.3086916
2018-05-01 15:25:00	2018-05-01 15:35:00	21.240628541343707	-0.5906376960958948	-21.202067923433187	1.132758945584876	38.933	-3.487	1.745	1.292	38.896	0.0127989538521684	-0.0070995352077387	0.0120879080211901	0.1050956500985514	0.0060663040447404	0.0278713001304177	-0.003113049031135	0.0742530019082968	0.1116155569333515	0.0010001703196634	0.0448824755865137	0.019356113520407	0.092910971655709	0.018351644884432	0.0152143079282483	2.7783687	0.6987267	10.765501	13.098203	6.3822584	0.55319357	9.38298	12.267204	6.363764	1.307129	2.787986	1.5873303
2018-05-01 19:25:00	2018-05-01 19:35:00	18.862652562722698	0.7347287267755904	-18.7003681148284	-2.356574614920689	33.379	-2.808	2.887	1.82	57.529	0.0151995130258819	0.0124046457263666	-0.0001651299988845	0.0788545745147708	0.0002743065430605	0.0182432534246809	0.0183376030323608	0.0017932161367623	0.0730576325609774	0.0018573809376359	0.0370025619431672	0.040614451407269	0.0566403931507454	0.0198429122755194	0.013253392901941	-3.3415403	-2.2520685	9.276084	11.245062	-3.576097	-1.7193773	8.609465	10.697729	3.181068	2.6590989	5.141872	4.4114466
2018-11-21 17:55:00	2018-11-21 18:05:00	19.0469090965458	11.145374934549755	14.8267673492646	4.327895626450395	320.346	4.062	-1.408	1.215	23.823	-0.01422109015499	0.0168025040059278	0.0063056312409523	0.136915943868271	0.0060868505221733	-0.0036463198693163	0.0245998136081023	0.0038247509398022	0.1123398949335734	0.0039731177067892	0.0997254161797148	0.0923795979047351	0.0875997493478679	0.089057361700985	0.029648872042426	7.082901	-6.838791	4.1374774	14.885787	7.3504586	-8.768332	4.4972687	15.2037525	4.7974753	7.8127785	6.498291	4.3303213
2018-10-21 14:50:00	2018-10-21 15:00:00	16.065163037807434	3.548573219032973	15.632898016881866	-1.0523255315744786	43.546	-2.752	2.147	6.75	71.0	-0.0005030780467082	-0.0070181846071109	0.0082119732689366	0.0854642219730708	-0.0042767670714744	0.0004187291354138	-0.0133417767436889	-0.0101735109573972	0.081395995632436	-0.0047810658866201	0.0370315011957407	0.0530884037153111	0.0603975665056947	0.0255027057362116	0.0267453344446725	-8.328808	10.501007	21.143362	25.520178	-8.747646	10.513632	21.442274	25.329824	3.6582506	3.126108	3.0850766	2.8417432
2018-11-17 08:25:00	2018-11-17 08:35:00	23.774919702171672	4.720095912254907	23.160099727691428	-2.5642259142569066	24.209	3.692	0.097	3.278	44.667	-0.0186442563978476	0.0119217345698062	0.0222911928401415	0.169414550146696	0.0013970980736935	-0.0218679102968742	0.0210690994687278	0.0243857897404005	0.1360665883006188	0.0006174190594893	0.0941840892037014	0.1114785938655416	0.123891125226009	0.0945117663984033	0.0241758504494142	3.8596518	0.73609513	6.0825005	10.34879	3.5225759	1.0053928	5.1289525	8.256958	3.5539858	4.488013	7.101379	5.3423553
2018-11-21 11:15:00	2018-11-21 11:25:00	13.288136200764562	9.382980795351736	9.30353414508187	1.4062041040826128	40.642	5.443	1.477	4.398	40.295	-0.0053966807907664	0.0003863184736985	-0.0030015847092951	0.104941186710702	0.0081954300365721	-0.0035829153734924	-0.000138789969953	-0.0074850699895346	0.0994322214477294	0.0091405774153036	0.0515829686532261	0.0660924364178705	0.0740036867137587	0.0391304063612343	0.0331002148905299	-2.2420514	10.2706175	18.34078	22.116352	-2.4808922	10.138253	18.657024	22.849184	3.1175075	5.416211	4.8359404	4.4949055
2019-03-26 16:55:00	2019-03-26 17:05:00	15.13330096313564	2.5976893658746114	-14.90814287734412	0.112138305317857	19.388	-0.955	4.127	4.455	75.66	0.0041477135861816	0.0039375907617965	0.0016967403993917	0.0718652929232369	-0.004847035661274	0.0062680303503184	0.0104961881921061	0.0153012568225551	0.0731029947427398	-0.0063762672186383	0.026967100788791	0.0427068831031528	0.0518537482319973	0.0105299736508318	0.0145338039750867	7.3728824	8.640046	22.12058	25.412468	6.7245336	9.237178	23.269497	25.024967	3.2754917	2.578705	3.6437492	1.786549
2020-02-19 00:15:00	2020-02-19 00:25:00	15.381567604507778	11.253561532408677	-10.315716252718572	1.880064164694265	343.86	2.027	2.273	9.345	79.702	0.0076101275743062	-0.0062003284127856	0.0010208765705101	0.1191527844140902	0.0013518084082234	0.0061560306670464	0.0048941903881566	0.0167574512082337	0.1138792969462091	0.0022224613374222	0.0579220427593947	0.0780684991276663	0.0762766058160371	0.0341729199476405	0.0312866126720944	-3.0584419	-15.89114	24.40875	30.492216	-2.5528374	-16.255451	24.304987	31.280787	3.0911634	5.2868576	6.9064274	3.6192398
2020-03-06 18:35:00	2020-03-06 18:45:00	15.110669365751557	14.669429976850578	-0.3280575327969017	-3.6097566919935695	349.681	4.36	1.648	5.532	53.503	-0.002094720097739	0.0113749193205229	0.0051431725663939	0.0762460523203412	-0.0023160773090317	-0.002094720097739	0.0113749193205229	0.0051431725663939	0.0762460523203412	-0.0023160773090317	0.0546372083072686	0.0122470216281347	0.0501798841789336	5.672769015536983e-05	0.0061631328656553	5.830351	-3.4476256	24.620953	25.548788	5.830351	-3.4476256	24.620953	25.548788	0.54868984	0.77890587	0.44783688	0.66189384
2020-03-06 20:15:00	2020-03-06 20:25:00	13.32090045699394	12.865591890956166	0.7852771688177437	-3.3621306961300714	340.326	5.182	0.925	5.213	46.324	-0.0095365269678527	-0.0012755867885039	0.0012740669999566	0.1157685685778674	0.0007501986442239	-0.0659241124629408	-0.0015053895115039	0.0041138785568161	0.1118017073318757	-0.0035348815849579	0.1018819360234307	0.0441760516739029	0.0435892393686268	0.0303859912217588	0.0418934509527062	6.618821	-11.296049	27.755938	31.146229	6.9346538	-11.007244	28.155722	31.379507	1.6487727	4.6709704	2.7314835	1.9264851
2020-03-06 20:45:00	2020-03-06 20:55:00	12.741302461187123	12.269308208997876	1.0981497803629077	-3.2552267859989468	330.115	3.365	0.072	5.735	60.725	0.0017562439833507	0.0019760883754697	-0.0020874931499941	0.1142264521763639	-0.0089903728642942	0.0128952013547516	-0.0009480662148345	-0.0059220318455238	0.1083253325807168	-0.0054714083428596	0.0971186603832463	0.0633198450741704	0.0327215051603504	0.0384161221866675	0.0608170883628976	6.3247504	-26.606794	17.525475	33.24092	6.2117352	-28.148418	17.360819	33.918243	1.8258063	5.668709	4.8069696	2.9465861
2020-03-06 21:15:00	2020-03-06 21:25:00	12.139432168628296	11.643571471342373	1.3987544387093498	-3.13592189385439	337.615	2.18	0.962	5.97	70.649	-0.0359480386156341	0.0080165891857199	-0.0009007676300797	0.1073849778461077	0.0072964252372268	-0.0815288922074817	0.0108680602300705	0.0027262124772378	0.1014843525284581	0.0118548173157854	0.0910795479459769	0.0271367308306727	0.0425218232516099	0.0258030378959361	0.0267771783451739	12.031668	-5.094924	40.559166	42.792614	12.257317	-4.9522004	40.465714	42.796436	0.97397304	3.7885087	0.9500853	0.8726036
2020-03-25 02:05:00	2020-03-25 02:15:00	15.656680003962396	4.785594599026614	-14.890695809272644	-0.7039733098148506	315.431	4.5	-0.567	2.188	23.768	0.0029801601369098	-0.0036838215590001	0.0038495474989297	0.0836872065266315	0.0009106652732195	0.0017463519645785	-0.0004464261358486	-0.0005987527092872	0.0829776776617424	-0.0008018045478606	0.0402727471304431	0.0403379599035619	0.0655042162025275	0.0239493191209495	0.0297067196307693	2.6681106	-1.4629849	15.13602	16.49259	2.2632039	-1.1594757	15.133134	16.846289	4.517892	3.5304425	3.7446754	3.6401424
2020-04-21 01:15:00	2020-04-21 01:25:00	20.31291004136628	10.695256555038949	-13.954807781812956	-10.1729375573858	2.509	6.505	6.313	10.753	60.199	0.0203986054798096	0.0083041940406408	-0.0132871973866089	0.1609413239448603	-0.0121979619342183	0.0041160093315658	-0.0571448231145947	0.0022817888001182	0.1207351111242694	0.0004362736139284	0.068710711815108	0.1633015281158659	0.0614243645113319	0.0996042477216134	0.0985087595013917	13.984448	2.0222423	25.579435	29.34477	15.014286	2.07689	28.655062	32.503456	3.8983543	1.6941353	7.588849	8.276718
2020-04-21 02:40:00	2020-04-21 02:50:00	19.29964543565293	10.502445983805025	-13.255084500695668	-9.299298219215	16.37	6.615	7.808	8.73	57.532	0.0570969951232534	0.006443499412623	-0.0369118130557422	0.0682939783571536	0.0067870478078721	0.0570969951232534	0.006443499412623	-0.0369118130557422	0.0682939783571536	0.0067870478078721	0.0	0.0	0.0	0.0	0.0	22.459278	11.048304	28.182823	37.692913	22.459278	11.048304	28.182823	37.692913	0.0	0.0	0.0	0.0
2020-05-01 20:55:00	2020-05-01 21:05:00	13.699614780338578	6.925608985118423	-8.314196582985133	-8.401571881981619	37.531	3.595	2.948	1.458	43.567	0.0019957984909621	0.006095697880581	-0.037934845396976	0.0781054686478391	-0.0057577997202075	-0.0064540766831498	0.0481360305450637	-0.042324636271436	0.0755689390141747	-0.0032826264550938	0.0266350672967162	0.0595501486692213	0.0204437735712623	0.0073023216254655	0.017671981113218	16.225317	9.077503	13.856743	23.398994	16.0128	10.590259	14.971267	23.391455	1.3850267	2.355663	2.474611	1.9363692
2020-05-15 16:10:00	2020-05-15 16:20:00	17.547041100656532	3.5521217888024785	-15.747948383128543	-6.875776590406471	31.6	-3.658	1.74	1.767	29.84	0.0003265871477939	0.0047595472967667	0.0100318269073338	0.1013923763119182	0.0015987007150139	-0.0044371441361544	0.0091621916697434	0.0030253613167602	0.093037914195221	-0.001643438082738	0.0535400476922152	0.0736115937904986	0.0631172643542481	0.0459562404182765	0.0288350319147985	-1.1355348	1.7059516	3.5127285	8.523233	-1.3365697	1.8551651	3.7594984	8.48114	4.031795	5.2715173	4.8364677	3.365878
2020-05-15 16:40:00	2020-05-15 16:50:00	17.11883161039529	3.637245050513453	-15.090245163409678	-7.218201273692984	37.308	-3.885	1.432	1.14	19.838	-0.0017748630767579	0.0016094532695383	0.0028968975107284	0.0958052857954682	-0.0024124719601395	0.0005877021343726	0.010558157703995	-0.0027111883229719	0.0846144278578349	-0.0045793937189433	0.0448708251600682	0.0676925975149193	0.0585949261168853	0.0294027852951026	0.0263429552744136	-4.133803	-2.2772956	5.6175857	9.455471	-3.837508	-2.5630412	5.9019423	9.798996	3.1814444	4.3510284	4.3066626	3.467871
2021-03-27 17:20:00	2021-03-27 17:30:00	17.52765539813291	7.135063800109396	-15.961975860911744	-1.2326279216263094	316.583	4.275	-0.927	2.652	37.012	-0.0074118334673234	0.0061829796129351	0.0005217790495191	0.1534552887114603	-0.0035146373627926	-0.0052323556126102	-0.0010868576644261	0.000854467121801	0.1335881804929826	-0.0003160057506774	0.0942617393017409	0.1121333786700568	0.1004763443966333	0.0899976501002264	0.0410585180338285	3.4310434	-4.3673787	4.5080686	13.040113	3.20972	-5.2377605	4.790149	12.505852	5.8126187	6.9391217	8.123533	5.3901687
2021-04-02 22:00:00	2021-04-02 22:10:00	12.61419174562605	10.14899441037898	-0.1554163139896373	-7.489231149330173	328.334	6.468	0.03	5.04	38.589	-0.0006150758902565	-0.0060785343548357	0.0062124234194787	0.1846798623970299	0.0089814362392612	-0.0242771952209252	-0.0086094900400114	0.0194373328821153	0.1613832035667695	0.0069666549331881	0.1544041057350738	0.0691181749098916	0.1162738556284445	0.0900379309037988	0.1072152681338899	13.665051	-13.518081	21.617392	29.770117	13.857538	-13.776799	21.6675	29.720858	2.406778	6.104602	3.1438086	1.8617947
2021-04-06 09:05:00	2021-04-06 09:15:00	13.8443302369574	10.73809209376445	-4.149395916610038	-7.690266404056857	335.476	-2.403	-1.208	6.502	70.016	0.0074355936857808	-0.0031762664007459	0.0015990153095315	0.0952286006637344	-0.0011813173687082	0.0498086427286645	-0.0021981449830639	-0.0161549956492219	0.0868057417078973	0.0041139455804656	0.0719609408795202	0.0410265487900361	0.0497015322928116	0.018200115863259	0.0357467355484421	2.8381484	-16.672897	20.691713	26.86565	2.7433891	-16.784359	20.871334	26.91913	1.3873922	2.0667386	1.4851742	0.9091231
2021-04-06 09:35:00	2021-04-06 09:45:00	13.306032875638737	10.348500531554787	-3.740151465124189	-7.481227425296958	331.85	-2.72	-1.745	6.783	68.05	-0.0057431675797519	0.0027703201482932	0.0037517196389788	0.0931184605307215	0.0142640673844659	-0.0200438184249141	0.0038747562362202	0.016151453768268	0.0882759341467945	0.0064679771144623	0.0691442653745129	0.0429716517407038	0.0557415383904933	0.0334409591048963	0.0629353837797337	4.1177816	-14.898703	21.227114	26.410215	4.0883894	-14.934933	21.216022	26.797047	1.6562916	2.4095993	1.5638666	1.735928
2021-04-06 10:05:00	2021-04-06 10:15:00	12.748823811768217	9.937312272079438	-3.300762109080412	-7.272228579631569	335.974	-2.905	-1.185	6.167	64.963	-0.0163217882652213	0.0096889113348326	0.0100971825383639	0.1021504092516712	0.0037123574970431	-0.0497153082267127	0.0112130003087081	0.0267748231279285	0.0963386786760258	0.008539260270971	0.0753955730209102	0.0434086050621893	0.058172134866536	0.0313100536487098	0.0746892496818977	6.261276	-14.527931	22.575882	27.67206	6.2944174	-14.8286495	22.626537	27.58394	1.4851195	1.737029	1.1898426	0.91133666
2020-11-21 08:20:00	2020-11-21 08:30:00	13.746459450886327	7.340090739145679	11.403131279451395	2.2478831206225416	34.59	-4.875	0.943	3.793	39.536	-0.003554382993994	0.0012031264695779	0.0048785314629641	0.1050833873899179	-0.0003895392455882	-0.0069563624164941	0.0204624727452973	0.0126388151477445	0.0955898271393709	-0.0063787232400609	0.0523354871469019	0.084095180351387	0.050769113447254	0.0372003813034405	0.0369765229560903	-13.858278	13.951579	18.192568	27.036192	-13.908889	14.500608	18.341585	27.039274	2.6999514	3.1198897	2.7004657	3.3208687
2021-02-16 22:25:00	2021-02-16 22:35:00	12.284112609402507	8.764467609488149	-8.399642091063114	1.877997865420756	22.324	5.922	4.923	3.85	46.943	-0.0036925263044904	0.0127198983307509	0.0023808284972252	0.1033109599756688	9.157535039625403e-05	-0.0127383639910795	0.0112615840954085	-0.0009210657254721	0.0965867648131178	0.001522943152342	0.0737162830467515	0.0609497533448408	0.0430105603606112	0.0225125649105661	0.0279369411329693	8.146974	18.402506	28.013971	35.052784	8.42764	19.740847	28.265667	35.20144	3.4271617	4.4366555	3.848622	2.7113671
2021-02-16 23:10:00	2021-02-16 23:20:00	13.142660270926214	9.754017537766709	-8.620940831534261	1.8071537488614	35.519	6.503	4.415	2.107	37.29	-0.0160266579276015	0.0080009079593286	0.0064161320686672	0.1328178109387738	0.0039623559962557	-0.0296855120910569	-0.0021852860220465	0.0026658899566386	0.1113570652639138	0.0056989054456523	0.0997927817851661	0.0857509270712527	0.0574621843583929	0.0577510827768253	0.0367004402810903	12.373129	20.333225	14.936646	29.29937	12.635006	20.586409	14.527711	29.131111	3.8719025	5.1645055	6.0370297	3.048652
2021-04-02 22:55:00	2021-04-02 23:05:00	11.532301765759517	9.261816424461408	0.5596345067686396	-6.848107085481622	8.167	6.015	2.897	3.408	31.193	0.0203300944191009	-0.010974611497761	-0.0145569133841375	0.4027903778994842	-0.0191523682050751	0.1580902742989938	-0.0108838755360131	-0.1073697420582363	0.3495400630767072	-0.0164471315042769	0.3154059421937878	0.1795019220686199	0.2280966995295056	0.1491158032175459	0.1759903995978238	19.168121	1.048218	28.574738	34.81763	19.538006	1.363992	29.088501	35.80944	3.4794726	4.6481504	4.139712	4.8593636
2021-04-14 05:35:00	2021-04-14 05:45:00	17.221773655370868	2.033319453149637	-17.09754907793537	-0.3572690168987003	32.795	-3.898	3.492	2.618	53.133	0.0016980249367798	-0.0007032005719624	-0.0023933194135181	0.1465333088875635	0.0016556053052783	0.0070271803180284	-0.0028930406572363	-0.0076319375742934	0.134016807573444	0.0008237738948403	0.0837047794303969	0.0860728671740082	0.0987651518042552	0.0520257524498281	0.0278169011599666	-10.032364	-3.3286488	12.062244	17.663946	-9.75524	-3.1057756	12.485916	18.079767	5.061383	5.4776444	4.3510575	4.44576
2021-05-04 05:20:00	2021-05-04 05:30:00	17.96268077524558	7.529863863877371	-12.493205186296452	-10.482276746511523	21.321	-3.532	3.213	4.23	55.234	-0.001667217793327	0.0050207182064576	0.000650383484117	0.084092760513856	0.0002183679742582	0.0020297207386293	0.0031739362617781	-0.0023459741815885	0.0812691791467442	0.0003468789578624	0.0381707395122521	0.0572477271962725	0.0578236463301433	0.0321667460785087	0.0414746341768507	2.6206896	-2.4326978	13.35841	15.387525	2.579553	-2.5848117	14.315365	15.882007	3.7092834	4.37212	4.5669427	2.8615346
2021-05-07 20:40:00	2021-05-07 20:50:00	15.121246328419232	6.586092066353132	-7.907537314002485	-11.078934703758494	2.849	-2.252	2.043	3.888	60.237	-0.0027190914440388	0.0049309034012476	0.0059723557301717	0.1029671311487349	-0.0030605342461753	0.0013062295205394	-0.0035182717111851	0.0154066929341191	0.0923350468544502	-0.002405201614906	0.0456266862979544	0.076127873666301	0.0711366666777726	0.0490185597514776	0.0570379288813295	8.303266	-2.7158475	14.782428	17.706583	8.249175	-3.2035415	14.956856	17.640265	1.6417238	3.8439727	1.9403466	1.5979862
