Start_str	End_str	Rmag_avg(Re)	x_avg(Re)	y_avg(Re)	z_avg(Re)	Clang_avg	gseIMFBx_avg(nT)	gseIMFBy_avg(nT)	gseIMFBz_avg(nT)	Shock_Ang(deg)	Jx_avg(uA/m2)	Jy_avg	Jz_avg	Jmag_avg	divB_avg	Jx_med(uA/m2)	Jy_med	Jz_med	Jmag_med	divB_med	Jx_std(uA/m2)	Jy_std	Jz_std	Jmag_std	divB_std	mms1Bx_avg(nT)	mms1By_avg	mms1Bz_avg	mms1Bmag_avg	mms1Bx_med(nT)	mms1By_med	mms1Bz_med	mms1Bmag_med	mms1Bx_std(nT)	mms1By_std	mms1Bz_std	mms1Bmag_std
2015-09-07 15:20:00	2015-09-07 15:30:00	11.95145809728939	2.983939585824853	10.260180088277702	-5.35350149951032	152.294	-4.01	9.34	-6.808	68.609	0.0209465566277307	-0.0141855937163194	0.0707658413477049	0.0765390956336566	-0.0004168670819097	0.0241913210149013	-0.0081394223392939	0.0702122208218485	0.0771139034305925	-0.0021623234696968	0.0053988029063838	0.0131777510116904	0.0047845871880068	0.0039054979172259	0.0027279407980817	-23.227377	14.929248	-35.983295	45.45254	-23.141382	15.815332	-36.46053	45.203518	1.8735371	1.4567798	1.8038948	0.37989935
2015-09-20 08:25:00	2015-09-20 08:35:00	9.627837494481154	6.546122783501694	6.052891879140795	-3.633673026881491	147.687	-8.687	7.605	-3.748	38.305	-0.0001541473528853	-0.0004848913674598	-0.0025618682364716	0.1487865772670635	0.0043941767079696	-0.0074677322679217	-0.0035039787724802	-0.0077185564745764	0.1348029802347234	0.0019588625874794	0.0673046330214268	0.098671884855718	0.1029878489718967	0.05236342232938	0.0358972560589286	-16.02052	36.11497	-30.22593	56.966434	-16.444607	42.227226	-35.0941	56.878227	5.6590457	21.134895	19.09685	8.530987
2015-10-03 14:30:00	2015-10-03 14:40:00	11.912068449500216	6.380681436434419	8.563494312233667	-5.2772085297878695	172.1	-6.145	3.523	-4.958	37.849	0.0026771178671269	0.0041263016398289	0.0102023622589489	0.0906950339359617	-0.0026873909534344	0.0155413981475456	0.0162800041119547	0.0247244293750185	0.0850177826518067	-0.0021931331745282	0.0402221719514069	0.0421242036055361	0.0698707214132127	0.0132996878537403	0.0067567954959809	-16.748371	-1.924018	-28.679176	33.84778	-16.703463	-2.95938	-28.975779	34.33133	2.2142375	5.863078	3.7784212	3.8194158
2015-10-03 15:00:00	2015-10-03 15:10:00	11.827298092777454	6.102146068786667	8.716477178920284	-5.164279765182194	198.047	-5.888	1.013	-5.932	42.332	0.0060163402447708	-0.0020216896181092	0.0131206265524602	0.0995925459572856	-0.0018553362799231	0.0252873420521829	0.0008964077641437	0.0647076685374095	0.0956568382089159	-0.0026220117893472	0.0535042079137375	0.0325168589141877	0.079517812188508	0.0231708446780942	0.0057942871443377	-17.536144	-8.027933	-31.618158	37.303993	-17.449032	-8.097049	-32.53229	37.42456	2.5957906	3.3857358	2.776159	2.4479022
2015-10-18 07:40:00	2015-10-18 07:50:00	11.10504266499646	9.608287442496966	4.675944729904888	-3.022671773600159	153.376	-3.148	8.53	-5.84	76.616	0.0036321012462812	-0.0046679357971341	-0.0048700307156107	0.1379267376438815	0.0008761701836874	0.0058129073768613	-0.0060680256109415	-0.0176379050769963	0.1248174691289028	0.0007601528053099	0.0441588781116692	0.0902248003245314	0.1054862254539722	0.0474634480033361	0.0153002363934613	-7.860445	14.598505	-34.207043	39.801212	-8.093164	17.086926	-34.26918	40.445526	4.1853924	11.474152	5.0285425	5.9454365
2015-10-18 08:10:00	2015-10-18 08:20:00	11.32273317015744	9.645857183532804	4.927106752945456	-3.2990393225082983	153.069	-1.913	10.015	-6.753	83.956	1.827635092169324e-05	-0.0028857414119153	-0.00614491417085	0.0966733875408278	0.0020193066939193	0.0022603401684501	-0.0014438412016611	-0.0182778518763462	0.0915354004254547	0.0010521850840287	0.0314016953046499	0.0593404431501925	0.0759624706151743	0.0312729204312292	0.0125060938183922	-6.641138	17.336252	-43.683224	47.897217	-6.594388	16.249016	-43.905964	47.778008	2.648188	5.5997357	3.3316932	2.8637202
2015-10-18 08:40:00	2015-10-18 08:50:00	11.509039459236206	9.650474139500709	5.163826023772038	-3.5580394240578723	153.741	-2.052	10.143	-6.747	83.871	0.005452309070012	-0.0058193166312801	0.0060682068098577	0.101686939642437	0.0041552090043737	0.0075793639320339	-0.0095827592803909	0.0008539484202591	0.0911126491749624	0.0041707848144628	0.0334755562052798	0.0541282581443208	0.0920646318369375	0.0478179797623711	0.0127834295053355	-4.550348	11.903725	-43.78086	46.718315	-4.708177	9.68025	-43.79036	46.621307	3.8066201	9.670635	3.0892687	3.757961
2015-10-30 14:10:00	2015-10-30 14:20:00	11.148595110095782	8.469218064036397	6.182471557405381	-3.786637893145631	149.776	2.577	6.013	-4.188	65.176	0.0182397208679511	-0.0195326986313182	0.007612590701802	0.0909941831764019	0.0039523720410574	0.0172191680244086	-0.0383170538372448	0.0263674166666463	0.0910669224847208	0.0046512777425078	0.0388432336164969	0.0529747967640168	0.0585187241264876	0.0152246793654862	0.0128363285453727	-13.1061945	13.799744	-25.377888	31.930214	-12.952553	12.882258	-25.518633	31.987303	2.1375008	3.5415082	2.4271436	3.1154637
2015-10-30 15:15:00	2015-10-30 15:25:00	10.5755001300217	7.607854605616651	6.4273482305044	-3.5565027928005635	136.857	-2.64	5.928	-2.682	73.582	0.0018089799601762	0.0006644205701183	0.0100316028737683	0.1543092655543529	0.0014894576298626	0.0138799012172681	0.0059494558520728	0.0061800752070315	0.1380045769610741	0.0030566412403643	0.0900512451795128	0.1190575305658948	0.0828127968514313	0.073721632840501	0.033908869886441	-13.993136	21.48405	-15.748513	33.342102	-14.096692	23.019032	-16.699642	33.174732	3.6379154	8.77741	11.321118	3.483859
2015-10-30 15:45:00	2015-10-30 15:55:00	10.255900193325894	7.159965522691057	6.501183764082715	-3.413299487618209	161.422	-3.575	3.895	-4.555	63.57	0.0088257875533239	-0.0036993836622172	-0.0014368716089616	0.1021131493880484	0.001389773959669	0.024656731445191	-0.0075720141157703	0.0130773071825278	0.0963337239446772	8.064063674618871e-05	0.0592357394082143	0.0429768248608801	0.0823599870505766	0.0424923175741596	0.016621322664584	-21.365646	2.3772779	-34.6585	41.507774	-21.807291	3.7785923	-35.312912	42.449257	3.7708888	6.7958617	3.0327346	3.171658
2015-10-30 16:15:00	2015-10-30 16:25:00	9.898943425199857	6.67890343158939	6.543363245559417	-3.2501070927310702	146.406	-5.048	3.392	-2.602	46.027	0.0022815991083048	0.0013226329889315	0.0043086947098335	0.1059706328439115	0.0035568907228215	-0.0267000844743626	-0.0307918158235317	-0.0283494775447522	0.0963697639006686	0.0075567684847049	0.0552704185458119	0.0728449466919383	0.075878730035055	0.0539864054535139	0.0185144559349425	15.781396	23.596245	24.004286	37.44669	15.266485	24.106495	24.659492	38.29849	2.8568769	2.830664	3.6167035	3.0068579
2015-11-07 03:55:00	2015-11-07 04:05:00	10.21735399261797	10.138912990967649	1.0307562244996091	-0.7297103214798764	160.481	7.563	6.5	-9.263	60.41	0.0071146740134164	-0.0065738877662006	0.0064473001091538	0.103144746068314	0.0025026315616559	0.0059863472293342	-0.002836563748119	0.0480406449876745	0.0991992602044904	0.0012476589328948	0.0281510105513339	0.0489316167887066	0.0878540499891175	0.0200419619795269	0.0080117057907517	1.2888322	20.534767	-53.839798	57.913784	1.1652157	20.048372	-53.891632	58.10402	2.5578005	4.8302536	2.466074	2.002402
2015-11-07 04:25:00	2015-11-07 04:35:00	10.540999932830209	10.416890143823707	1.3377225028213051	-0.8999192813205955	156.727	6.608	7.522	-8.967	65.129	0.0034758607110763	-0.0107641283811551	-0.0009881174905664	0.129499923611628	-0.0012719440506991	0.0036369476834642	-0.0099603129384433	-0.0093551491367249	0.1152109459263614	-5.036841743113323e-05	0.0393969169365775	0.078381126824462	0.1052117250468818	0.0460860002817246	0.0141382437091867	1.0614971	27.517412	-43.12513	52.364723	1.110007	27.808163	-43.700302	53.43807	3.3764386	9.9334545	6.2451577	5.0122623
2015-11-07 07:10:00	2015-11-07 07:20:00	11.722153021541724	11.214474277680653	2.782509537556181	-1.975004554512017	174.186	3.812	5.448	-9.635	74.693	0.000399496947341	-0.0052913275463112	0.0035965480925356	0.1297170400263973	0.0008080276417595	-0.0026837298388569	0.0066746178257004	-0.0233646645258271	0.119903792491349	0.0044165332054034	0.0276139459363493	0.068833826480759	0.1138625470324314	0.0409864334244488	0.0107185338022937	-0.68804336	5.475942	-37.914177	38.53025	-0.8913978	5.6890697	-38.19352	38.651936	2.5114353	3.174843	4.870269	4.8446307
2015-11-07 11:00:00	2015-11-07 11:10:00	11.870422844101595	10.582455256552532	4.3405026039499575	-3.1744600335090816	201.447	-8.14	0.777	-8.338	46.756	0.0010944354243108	0.0071306968089996	0.0028582652126173	0.1363910533423056	0.001591905802566	0.0040702341948594	0.0115450138771934	0.0025332899172549	0.1274908560116195	0.0019544329444692	0.0618889166671312	0.084763110995835	0.1067410686384915	0.0621801704733302	0.0243319181478671	-7.4556427	-14.858196	-30.298006	36.39716	-7.63432	-14.573693	-30.642187	37.115364	7.9352155	7.760699	6.3088174	5.7066584
2015-11-08 11:25:00	2015-11-08 11:35:00	11.760711965146951	10.438106477125816	4.395107256280605	-3.168886509138716	139.913	-2.71	8.508	-3.663	66.249	0.002154495037929	0.0023229674784056	-0.0075570237627514	0.0852255440223668	0.00065032562255	-0.0004389828110625	0.0056572650856535	-0.0214483738115625	0.0824803459338328	-0.0004797892869114	0.0374379858636192	0.0451279042987	0.0695748458398364	0.03290202101043	0.0132037354752676	-13.306597	15.388724	-34.361504	41.63704	-13.947817	14.395227	-34.85176	41.214134	3.267503	10.957953	4.107389	2.9277542
2015-11-09 14:50:00	2015-11-09 15:00:00	10.131886743725756	8.060038457372103	5.376304220211522	-2.963774520816083	137.169	-2.682	6.053	-3.007	77.946	0.0170550792505281	-0.0092313987014586	0.0007732764487831	0.1128185758618524	0.0012982655915385	0.0196492828579404	-0.0136375772663489	0.0014179898055368	0.1100399774410257	-0.0003504160303423	0.0548237537699655	0.082277098444446	0.0576003448885519	0.0272328108050521	0.013962871835755	-12.520476	25.526993	-12.095513	32.27446	-10.503366	26.356272	-11.712985	31.556713	6.4425397	4.7132936	7.0592213	5.1579337
2015-11-16 05:25:00	2015-11-16 05:35:00	11.49062695248518	11.400513178027571	0.9975925407273352	-1.0325964350823489	154.716	-1.573	5.047	-5.603	72.878	0.0011416317520148	-0.0002163983474993	0.0046027642940725	0.0891585209573514	0.0003663907167864	0.0005924606149918	-0.0043140232555098	-0.0055272442517117	0.0848751280047193	0.001295513877847	0.0204254043557782	0.0625566561172465	0.0640836370635406	0.0225951020822304	0.0060174280085672	-6.2335954	15.272961	-32.42968	37.00371	-6.5729585	13.773664	-32.57807	37.532463	1.7090591	6.0262465	3.9618034	3.0761213
2015-11-16 12:15:00	2015-11-16 12:25:00	11.18355411083369	10.129905995873818	3.901206747252957	-2.689941189741552	157.031	-3.308	4.987	-4.803	58.715	0.0109080919137717	0.0012577773951893	0.0188234052608091	0.1090531792446865	0.0014334592779722	0.0226821429851042	-0.0021146223347687	0.0715160452642983	0.0994885236964682	0.0023346080104505	0.0400845519093738	0.035189910547872	0.0997249970117356	0.0370468526402346	0.0127061964051108	-15.760386	9.91899	-42.27464	46.583443	-15.4377365	9.2812	-42.63523	46.77103	3.0268278	5.311688	2.12689	2.4090023
2015-11-16 12:45:00	2015-11-16 12:55:00	10.943019933917444	9.786024382249789	4.084642123939895	-2.701352654478141	142.867	-2.537	6.215	-3.56	62.931	0.0166387471365007	-0.0107805410619508	0.0299262050359455	0.1012916979038604	-0.0002475467038775	0.0290667936269029	-0.0169022693620734	0.0551304659514787	0.0964420364829336	-0.0005116137936482	0.0418546369366908	0.050813742880317	0.0727422649574865	0.0255718960036542	0.0134332260679122	-15.679381	15.434788	-30.694754	39.93382	-15.529216	13.407263	-32.608227	40.338966	3.2483532	11.795393	5.4747887	3.3451576
2015-11-16 13:45:00	2015-11-16 13:55:00	10.360259597016611	8.985264744737854	4.422693084083835	-2.6528641528000545	150.567	-2.543	5.322	-4.378	63.32	0.0131753841769964	0.0054640411659675	-0.0110414853271141	0.0926242681408842	0.0006830622355306	0.018605971979793	0.0011830072476427	-0.0468444489412952	0.0885809489197628	-0.0028529915171698	0.0288422175302243	0.0512874826493574	0.0703983856520592	0.0128186557272703	0.0081790942124712	-10.61802	8.470471	-34.289234	37.045284	-10.73506	8.426768	-34.526608	37.340847	2.216569	2.9252338	2.9888217	3.208206
2015-11-16 14:15:00	2015-11-16 14:25:00	10.014685218333486	8.525290003141636	4.570565784150272	-2.592490489303445	150.549	-3.177	4.995	-4.275	57.806	0.0015013745390089	0.0331695344808515	0.0170350039205998	0.1729781976558471	0.0011686633574172	0.0059042896314855	0.0507613123373806	0.0371044955085792	0.1567755484059328	0.0024812206589656	0.0850765304522369	0.1254305271752313	0.1102773636286007	0.0812596871001468	0.0266039629817136	-2.9094677	22.288284	1.3489453	33.369053	0.8802526	23.390274	8.141195	32.827736	12.669142	10.071846	19.563892	6.184947
2015-11-18 08:15:00	2015-11-18 08:25:00	12.015553669293793	11.697467476933008	2.072748013824906	-1.8014448486996584	200.169	1.825	0.208	-5.992	71.604	0.0054947300730522	-0.0115075939405458	-0.064370233077565	0.0845717915040555	0.0042689203379931	0.0047586873649304	-0.0109001865115768	-0.0725812888619106	0.0832571606862383	0.0056950383385714	0.0184747500241594	0.0405881305375355	0.0329216822624718	0.0150434589476344	0.0074313185579547	-0.6488245	-7.427336	-27.186405	28.401709	-0.41976577	-7.1604724	-27.602491	28.594507	1.963368	2.8232434	2.9009001	2.875837
2015-11-27 01:35:00	2015-11-27 01:45:00	10.11899079588592	9.87814001303358	-2.144955467713064	-0.4622633746700413	135.167	-2.9	5.565	-5.113	73.513	0.0090123400347318	0.0727531158640225	-0.041788244461774	0.2002887121992243	0.008627099372371	0.0028918499924888	0.0857035201253009	-0.041755518117934	0.1739179090055763	0.0083900400308683	0.065474589661754	0.1495263035498961	0.1189719082401043	0.0883418336721701	0.0348132337533846	1.1019697	34.72992	-25.086693	49.48432	0.9251553	31.800701	-34.71163	49.24839	7.7244024	9.459868	21.740734	3.1370077
2015-11-27 03:00:00	2015-11-27 03:10:00	10.975861127341108	10.8634887115867	-1.4714079952559402	-0.5363255956985501	167.714	0.378	2.473	-7.532	85.265	0.0063669025220191	-0.0037429460865113	-0.0155304390782599	0.0988287204595267	0.0010734929595357	0.0088232516455856	-0.0234387776868012	-0.0072798451375123	0.0929604973809507	0.0007370025861397	0.0293783567411051	0.0844042193351079	0.0420370649184185	0.0168196479380417	0.0060990165288301	-3.9336603	5.197443	-37.62669	38.382877	-4.062268	5.117531	-37.853233	38.50951	1.3093526	3.614286	2.7209415	2.6814787
2015-11-27 03:30:00	2015-11-27 03:40:00	11.2127513212747	11.130572085358034	-1.2274448421113662	-0.5728595357767672	160.346	0.977	3.57	-7.003	80.096	-0.0011016878168349	-0.004613621474398	0.0005592077362277	0.1113954851093701	0.0056607549490453	0.0029314639874658	0.005383269005656	-0.0013152067038828	0.1039163004180274	0.0010068253710903	0.0364021313702704	0.0729003665820413	0.0838963217102493	0.0359448082801846	0.0181981770112999	-2.8451307	1.7856814	-31.934385	32.676014	-2.6604218	0.8528252	-32.260437	32.966255	1.6628693	5.8502593	2.5890517	2.6571307
2015-11-27 04:00:00	2015-11-27 04:10:00	11.41762302568208	11.35840417479543	-0.9826196296703112	-0.6180041445288172	154.138	0.69	4.382	-6.37	81.489	0.0051210188397626	-0.0154651127726754	-0.0068248391468075	0.0830414406198631	0.0010592229569555	0.0009686059939712	-0.0152560125588766	-0.0143763898749467	0.0818740256836074	0.0003897434358343	0.0261104793956538	0.0531320699514496	0.056217335401021	0.0090141503966711	0.0107824920759572	-1.3611952	9.436788	-31.360495	32.87463	-1.6354537	9.501579	-31.294907	33.025288	1.7336594	1.9818946	1.7676061	1.9243575
2015-11-27 04:30:00	2015-11-27 04:40:00	11.591484091109765	11.548311464452658	-0.7381173677762694	-0.6730091794898013	164.761	1.122	3.28	-6.937	79.167	-0.0006477152399879	-0.004323863449186	-0.0078803701795199	0.0888334119626961	0.000894441192824	0.0014529165643509	-0.0224691208021731	-0.0173806754242901	0.0859689624366854	-0.0015902730236115	0.0263544926030696	0.0714340787580398	0.0471552586582048	0.0145205299796116	0.0079143885255816	-2.4435883	10.987159	-32.350094	34.39859	-2.320753	11.025173	-32.556843	34.76055	2.2654123	2.3517828	2.1492672	2.2884061
2015-11-27 05:00:00	2015-11-27 05:10:00	11.735153498753156	11.701378790971011	-0.4949141689232086	-0.7385201095334221	171.018	0.778	2.543	-6.86	81.885	0.0072960729380863	-0.0176815589170183	-0.0011926099423136	0.0908981875587997	-0.0002805625461612	0.0068212434915169	-0.0342300336185124	-0.0025917189012222	0.0837050276734485	0.0001787215076596	0.0413307413384941	0.0685657839425107	0.0484566128558984	0.029365834906582	0.0082759128615398	-0.6008409	0.99012613	-28.979786	29.293812	-0.83642733	0.9841784	-28.479305	28.849731	1.8058642	3.6540847	2.7412977	2.677718
2015-11-27 05:30:00	2015-11-27 05:40:00	11.849284288178382	11.81847988507947	-0.2537566714841843	-0.8145498182934231	168.446	-1.037	2.633	-5.867	83.091	0.0025958521717362	-0.0143628006045401	0.0011841170159854	0.0967617307724365	-0.0032619324280682	0.0078916576377316	-0.0241912627784559	-0.0044293395228926	0.0910270595831661	-0.0023069004109632	0.0388125964528478	0.0665268488378559	0.0623643678583439	0.0259451675425447	0.0129958246301889	-4.330162	11.928118	-24.465544	28.111643	-4.276474	12.820389	-24.219372	27.698805	1.496959	4.1119304	4.597332	3.100504
2015-12-02 08:25:00	2015-12-02 08:35:00	11.849196303675129	11.777234412645166	0.5135196419203824	-1.1980039018633797	142.187	-3.985	2.827	-1.978	37.791	0.009654587065604	0.0021466610190349	0.0266971166563833	0.1063032593504501	0.0014704376370445	0.0070542777535547	-0.0132769933551494	0.0621584311018993	0.1043768811263398	-0.0008745291564571	0.0344210929905475	0.0616710140864663	0.0763745600144785	0.0182036076835252	0.0133151788309543	-6.099115	10.980634	-20.128178	24.075377	-6.1415296	11.392121	-20.534298	25.171087	2.4891891	3.371733	4.6935425	4.7840757
2015-12-05 08:20:00	2015-12-05 08:30:00	11.79595618578764	11.746073512983584	0.1167433115195051	-1.076765306128362	162.283	-1.695	5.253	-7.835	78.732	0.0002309538014058	-0.0099775368365168	0.0065778091562343	0.090316207736295	0.0018343575955852	0.0006930948885569	-0.0135194866251647	0.0609116876573859	0.0849128161047809	0.0007582756006591	0.0154411799561211	0.0524755392913042	0.0722699516700201	0.0141743765700737	0.0104792741249857	-2.1158006	12.332717	-33.689598	36.049595	-2.4020846	12.808355	-33.2809	35.988678	1.7256805	2.3125353	1.7695178	1.8560222
2015-12-06 12:40:00	2015-12-06 12:50:00	9.532589418664957	9.15476356083075	2.1769450641260826	-1.5228743678217669	156.705	-1.33	5.867	-7.337	81.595	0.0027238003765388	-0.0080510049438114	-0.010029617237208	0.1347843364415299	-0.0028157105024199	0.0002551542924299	-0.01559470602443	-0.0350966843109417	0.1239961575438297	-0.0034449956640518	0.0557424524153085	0.0640653928160523	0.1148579589430674	0.0490913427352856	0.0188706726182849	-10.46437	8.090833	-49.425293	51.90764	-10.104992	7.4397926	-48.7838	51.74172	2.56328	8.125157	5.7233524	5.363432
2015-12-16 00:20:00	2015-12-16 00:30:00	10.658369549733049	9.49170995055088	-4.651516452542424	-1.3674816196903905	208.495	1.778	-4.582	-6.412	80.837	-0.003659510316562	0.0147407027060979	0.0242539040228561	0.0882214224999741	0.0012890294551576	-0.0027654723304552	0.0136166807670212	0.0665836781512832	0.0879027818233939	0.0018382289765517	0.0227457712983787	0.0358311236034097	0.0734252370196103	0.0151134961701283	0.0100283803402767	-7.60245	-17.637733	-30.63931	36.64676	-7.1844764	-17.406881	-31.661781	36.34737	1.914775	4.8429165	3.149982	1.3083975
2015-12-20 19:55:00	2015-12-20 20:05:00	7.179513687304618	4.664935499795193	-5.35544437685963	-1.0482339603824868	173.838	-3.937	-0.128	-15.178	79.138	-0.011485681661433	0.02320386113984	0.0096160310754478	0.1833270334727362	0.0046112395261459	-0.0073763183322185	0.1039062217581193	0.0042521888014581	0.1702577753938967	0.0033752230597004	0.0840331373451793	0.1614975779937207	0.0559576335858449	0.0585516825820943	0.0456738023386471	-8.360272	-65.485016	17.002333	70.00595	-8.265537	-66.404	16.309418	70.35868	10.562549	7.4333863	10.833872	5.5337954
2015-12-20 20:25:00	2015-12-20 20:35:00	7.798035131280744	5.402734889473684	-5.489132126725711	-1.2188813551708029	169.037	-3.395	0.937	-15.667	81.173	-0.0061153421785669	0.0581813466375377	0.0383217497128414	0.3019817311142967	-0.018217643654902	-0.0018044591800844	0.0649887052784717	0.0324770752576811	0.2640915116987966	-0.0090751862428429	0.156759676871429	0.233741563164979	0.1612021743681212	0.1374514923361596	0.1027631920902476	-2.0936308	-34.27326	-3.4469705	42.64785	-1.8308284	-37.15595	-1.303979	42.97762	9.6711855	24.312494	16.053093	17.731712
2015-12-20 20:55:00	2015-12-20 21:05:00	8.357321072389079	6.08343485434012	-5.564381682688844	-1.3679244632439929	175.657	-3.963	-1.137	-16.237	80.176	-0.0022499306809186	0.0105380981391739	0.064668793501237	0.2762333597389346	-0.0075377081217576	-0.0120499023737322	0.0412612222761088	0.0501183638616345	0.2480115451783723	-0.0016443553281799	0.1447238305876279	0.1914343276661813	0.1768806859305395	0.1298928925111891	0.08782161303506	-1.6809462	-28.309402	5.216251	37.165985	-1.5852664	-30.14845	5.7428794	38.62465	12.849997	19.80281	16.068142	16.297411
2015-12-20 21:25:00	2015-12-20 21:35:00	8.863720898257164	6.711950757548498	-5.59308715321507	-1.493301178359194	174.462	-4.077	-1.042	-16.985	80.366	0.0084866547134504	0.0511890062499925	0.0319827964084054	0.2477555630031241	-0.0040273536747704	0.0175699182937346	0.022973161175418	0.0478851104214876	0.2215435200683699	-0.0007264278651591	0.1538534487323107	0.1457761754031235	0.1565880793851693	0.1085072418952659	0.0559103648152297	10.934323	3.8134868	-22.956171	41.28219	10.032103	2.2498379	-13.079801	32.907024	12.617946	15.108422	34.47873	23.089586
2015-12-20 21:55:00	2015-12-20 22:05:00	9.322174220996992	7.292247665959081	-5.584246399934785	-1.5936939602496167	173.102	-4.747	-0.802	-16.923	78.169	-0.0023076471343284	0.0093486417325754	0.0019298619691942	0.1556268930156312	0.0036016395338666	0.0001573422307219	0.0278087315488605	0.0124369500496018	0.1309928238163398	-0.0003124573449856	0.0635164928170518	0.0862721112451134	0.1368980894789498	0.0780706463180395	0.0429880045910441	13.358429	-16.160591	-44.917683	54.548927	13.120472	-25.019396	-44.09793	54.89485	3.6350863	21.443895	9.353684	6.493929
2015-12-21 01:30:00	2015-12-21 01:40:00	11.470478524617626	10.26158611919755	-4.867958915499478	-1.604141002404072	194.581	-4.802	-6.517	-15.795	79.123	-0.0054866804179864	0.0020621530337631	0.0403699067982466	0.0740425103776111	-0.0020709936575893	-0.0044706616116454	0.0078012557131671	0.0730847102778784	0.0749297512509492	-0.0036400515173658	0.0110210076175362	0.0193333911634004	0.0577699395695517	0.0037948266991721	0.0053989309688069	2.4506528	-20.10969	-58.724213	62.350136	2.3366709	-18.782265	-59.005768	62.06083	1.0913299	5.090394	1.3388816	0.5431954
2015-12-21 02:00:00	2015-12-21 02:10:00	11.63425336130535	10.529030146924397	-4.70771682556106	-1.5268864552320351	193.495	-4.277	-6.008	-16.112	80.712	0.0028383506192223	-0.0337770375675596	-0.0765406773673349	0.0839336723457637	0.0038493463566441	0.0028383506192223	-0.0337770375675596	-0.0765406773673349	0.0839336723457637	0.0038493463566441	0.0036471449627565	0.0030775610468461	0.0054048168999717	0.0038135985081089	0.0024187924539306	4.7587566	-18.990803	-59.166878	62.33548	4.7587566	-18.990803	-59.166878	62.33548	0.3267119	1.1166792	0.6653805	0.31629753
2015-12-21 03:30:00	2015-12-21 03:40:00	11.948080970983195	11.133358206305104	-4.15317385707953	-1.2469224891188233	204.074	-4.528	-7.775	-14.977	73.772	0.0075744380296156	0.0048163825915531	0.020841874825523	0.0882652607474639	-0.0027784851823081	0.0035913632840987	0.0225313943187845	0.0651412983603148	0.0929665715980752	-0.005531120150413	0.0124935318872638	0.0338350296936272	0.0780684748456475	0.0109444726812158	0.0051721842228774	0.08156053	-29.171793	-51.777374	59.555164	0.32080624	-30.771917	-50.580345	59.22479	1.1945839	3.0189047	2.1445796	0.46772897
2015-12-21 04:00:00	2015-12-21 04:10:00	11.995059514146837	11.269716133928949	-3.943310668684315	-1.1506407238090652	202.086	-4.952	-6.57	-14.683	71.785	-0.0164405954116084	-0.0040177240155816	0.0121887088264214	0.0721783324235583	-0.0023481915584754	-0.0130464388003572	-0.0139747533081022	0.0552486721744738	0.0714176325310466	-0.0017119549147976	0.0135933332020984	0.0284109155752782	0.0615537941575402	0.0024731845302907	0.005157332834429	-0.127395	-21.676586	-61.20857	65.4116	-0.8422932	-19.301037	-62.35322	65.277596	1.626634	6.927635	3.4889565	0.71664155
2015-12-21 04:30:00	2015-12-21 04:40:00	12.01365961965348	11.3736391002304	-3.720866599912097	-1.05936313042013	208.541	-5.27	-7.723	-13.897	70.627	0.0082057063204407	0.0113937934663897	0.0306135140558275	0.0827014982877711	0.0005054625843913	0.0051280690787327	0.019564944701434	0.0585583884659971	0.0832453926487473	0.0012789578275043	0.0216101334874906	0.0449547124630445	0.0579946440398982	0.0120873631894176	0.0085895885322787	-1.8529301	-33.46249	-51.38433	61.60056	-2.0657046	-35.448147	-51.25325	61.799404	1.7343174	4.976815	2.2586818	1.3308915
2015-12-21 05:00:00	2015-12-21 05:10:00	12.0039592483409	11.444986964877687	-3.48603550523471	-0.976542747236436	211.789	-4.538	-8.02	-13.422	72.821	0.0034805359593575	0.0087456609783023	0.0283636452626485	0.1113638981982529	0.0009907896737779	0.0017250496073246	0.0311081792185436	0.0774239217051511	0.1037245249902159	0.000963840703515	0.0273785558517072	0.0655264253036837	0.085694233938221	0.0296307058817227	0.0119950770378794	-1.4551172	-31.379597	-49.549816	59.222923	-1.1174079	-30.747984	-50.146526	59.56632	2.1698575	6.497063	4.5376844	1.4616351
2015-12-21 06:45:00	2015-12-21 06:55:00	11.745458663653872	11.432835276088516	-2.573601797396812	-0.7882938245241982	218.297	-7.372	-7.903	-12.342	62.535	-0.0159616975016655	0.0013872920130474	0.0242605538112618	0.1044739226332913	-0.0008866064115278	-0.0101192947270956	-0.0208589111844086	0.0173622738650265	0.0815710082432231	-0.0014061468850739	0.0255714821688267	0.0624692399375483	0.089050377111391	0.0491604579868098	0.0082425427605458	-4.3561597	-33.3203	-46.471516	57.58668	-4.12659	-33.03908	-47.329967	57.314034	1.3816077	4.4968486	3.0064225	1.9399033
2015-12-21 07:15:00	2015-12-21 07:25:00	11.606127359535174	11.35198429407376	-2.289819469695708	-0.7681724965233009	210.235	-7.497	-5.683	-13.238	61.35	-0.0064769446488338	-0.0320957047488192	-0.0373492466301836	0.080960733718059	-0.0028043296183912	-0.0103427718702802	-0.0311124406290621	-0.0630717046344025	0.0814701522021233	-0.0008332206250826	0.0225031094188185	0.0301578562452675	0.0531003167989076	0.0121630903126284	0.0074208626170585	-3.0798936	-28.269743	-48.370914	56.21585	-3.3432882	-28.773945	-49.15169	56.559067	2.0881996	2.4540927	2.3991854	2.0801466
2015-12-21 07:45:00	2015-12-21 07:55:00	11.436705293498472	11.235082205575374	-1.9970886523983555	-0.7625300382519598	215.525	-7.182	-6.783	-13.045	62.894	-0.0135888964944587	-0.0019476146461439	0.0102026249401546	0.0908788980983486	-0.0028913495890602	0.0004576098881228	-0.0041336643153963	0.0116179830338767	0.0867234912581933	0.0011147763088493	0.0249823651543858	0.0515128514430381	0.0699881263722694	0.0144776038226898	0.0099220268945615	-0.76854116	-33.049004	-43.512634	54.969334	-0.7691877	-33.437454	-44.823704	54.57718	2.6355643	4.1354504	3.5156975	0.97845566
2016-01-20 08:10:00	2016-01-20 08:20:00	8.984359215077125	8.204346940428316	-3.508209386162093	-1.047592713167922	150.241	10.242	5.037	-10.583	60.245	0.009305332721775	-0.0128616984088013	0.0076946164122897	0.1787486117817869	0.0042461246299038	0.0086822138165901	-0.0113874601794926	0.0128059567554381	0.1625837222835246	0.0063585773117286	0.0999716595187055	0.1374857129023958	0.0919516329704261	0.0755771802594551	0.0577431231864811	17.400345	51.52288	-29.172901	64.37118	17.602037	52.089684	-32.074135	64.47241	5.885529	7.9622436	15.973403	4.239715
2016-01-20 09:05:00	2016-01-20 09:15:00	8.042385336434814	7.587609428020688	-2.5399699335322508	-0.8084885627184552	146.639	6.93	6.902	-11.828	75.009	0.0096627567622191	-0.0073005607525159	-0.0073840644968779	0.2193953223739469	-0.0069530631807719	0.0176612185438883	-0.0086685234934207	-0.0060978066255817	0.1962716859217076	-0.0083419379998564	0.141330799765617	0.1394576794082401	0.1211741195269565	0.0785677448825312	0.061629687946045	5.423445	42.130627	-55.188007	70.58435	5.1892905	41.767555	-55.988613	71.22949	5.7129273	9.087759	6.9265604	5.5831327
2016-01-20 09:35:00	2016-01-20 09:45:00	7.451256731401613	7.152141273120807	-1.970183207637613	-0.6949100216268066	147.247	7.433	6.877	-11.713	73.283	-0.005688326736568	0.0255005588370144	-0.0143696148963741	0.2547104490371158	0.0007314937383148	-0.0012383700429165	0.0195647167508572	-0.0068026235911702	0.224899882505156	-0.0023593774588759	0.1828764403428015	0.1478641230682256	0.1406980812446203	0.1054288856753701	0.0870999502795567	-7.1760135	24.075861	-70.312485	77.13243	-7.6085367	23.992678	-70.73557	78.88625	7.535477	18.126451	7.3860397	8.092176
2016-01-20 16:25:00	2016-01-20 16:35:00	7.231239071396281	1.4874755475246593	-6.812544290848326	-1.9138916430781543	181.138	8.217	-2.443	-11.14	54.72	-0.0368464057941595	0.013713565787065	-0.0034172252457836	0.1747895092512866	-0.0085445190919091	-0.0366237194370433	0.0542777674335381	-0.0037291186788215	0.1529452128219367	-0.0082029903455648	0.0973528104213452	0.1504401581451645	0.0400171380679956	0.0686819234547807	0.0223010321440573	24.793118	-91.83991	16.828693	97.82508	31.05449	-85.39061	15.962368	93.17874	15.731327	17.202408	5.898319	18.463858
2016-01-20 21:00:00	2016-01-20 21:10:00	11.061115200712376	5.867094972503175	-8.326771591424551	-4.311424690602942	186.592	1.445	-5.053	-9.777	75.986	0.0027228618704656	-0.000525360226425	0.0014374009660426	0.1741567866639911	-0.0026947726244543	0.0011338389585502	0.0036077938841194	0.0044624896458544	0.1627826100820362	-0.00304709829692	0.0684540663083179	0.1128361772804961	0.1285128159024674	0.0601055380904623	0.0197684819837984	-11.205427	-1.6820753	-51.182137	56.579166	-10.584078	5.108534	-51.1436	56.371353	6.9595804	19.00232	10.093947	7.629631
2016-01-31 18:05:00	2016-01-31 18:15:00	10.10241180743079	2.841237958333368	-8.821025503466117	-4.021532720336278	135.753	3.362	3.522	-7.283	79.283	-0.0065312749594957	0.0200177184682974	0.0019023390100296	0.0745905639442391	-0.0028232597922269	-0.0113634497723864	0.05139010908456	-0.0179194979710929	0.0689315732597352	0.0012742875787324	0.0191962378577709	0.059902371339566	0.0365336297305776	0.0132185101561534	0.0084627218068665	-5.994317	-43.003895	12.031818	45.271442	-6.6535697	-44.042366	10.549183	45.14874	2.4270554	3.091318	3.5657122	2.9478068
2016-01-31 18:35:00	2016-01-31 18:45:00	10.436311008891236	3.2457395475400337	-8.9304077811746	-4.315885516608383	136.135	3.42	3.373	-7.515	78.729	-0.0055151252321212	0.0097026423824655	-0.0042730540185603	0.0705211705574568	0.0006430817503505	-0.0065906073986747	0.0197283234957825	-0.0089848126503924	0.0726012055914434	0.0027066081684911	0.0187905700452593	0.0582840709292809	0.0344977813834212	0.0104783937926188	0.0078709508889923	-5.7250338	-38.60502	9.11335	40.48493	-6.0024962	-36.612595	9.3151655	38.87456	2.2246168	5.0611396	5.0669975	4.835914
2016-01-31 19:05:00	2016-01-31 19:15:00	10.734082286386808	3.635840286226848	-8.99753488397358	-4.587266723583601	135.406	3.603	3.367	-7.647	77.872	-0.0011333842628834	-0.0002245192557596	0.0130230000744493	0.1587409953982543	-0.0001833232623045	-0.0024665362890364	-0.0150757591140338	0.0090595096081209	0.1420904785841339	0.000925362904749	0.0635185627475437	0.1453385809010015	0.0750226134386849	0.0758850006173487	0.0324386741388732	4.2486877	-29.72442	6.9803753	32.05952	4.8726826	-30.153082	7.545493	32.14945	6.4801865	6.0155	6.0858135	6.141777
2016-01-31 19:35:00	2016-01-31 19:45:00	10.997450609072692	4.011146707005192	-9.028255016212333	-4.831446734355786	136.489	3.437	3.213	-8.127	78.853	0.0274033963118353	0.0493231849095776	-0.0116984784791932	0.1481692809657496	0.0044474280348938	0.0292474820827517	0.062589238345182	-0.0262657583507351	0.1267092291370403	0.0009698638580633	0.0691859123335886	0.1162827045282575	0.0918985120330133	0.0901117951634953	0.0285097936373599	12.7667465	32.424408	-25.471176	45.206	15.107143	33.324417	-28.74221	46.19272	9.307818	6.1937966	8.884185	4.843321
2016-01-31 20:05:00	2016-01-31 20:15:00	11.227842684718455	4.371305932636004	-9.02804193571905	-5.044643208108368	138.031	3.268	2.943	-8.512	79.424	0.0103614088418549	0.0276557451275194	-0.0323302813883463	0.0980851685823038	0.0048831604624695	0.0216404492609491	0.0520027021483722	-0.0553440210100459	0.0997333954544663	0.005807303226983	0.0321579983719723	0.0529164161619564	0.0648429700519943	0.0183204954752334	0.0059458490765126	10.308316	28.28258	-33.188965	45.023266	10.212164	28.961302	-33.116013	45.09137	2.6794965	3.018839	2.8001077	2.1707323
2016-01-31 20:35:00	2016-01-31 20:45:00	11.426436275651858	4.715981079305574	-9.001944640138868	-5.223597903131336	141.06	2.982	2.42	-8.962	80.016	0.0222029810032322	0.022074919167255	0.0251087618772593	0.0853357354187307	-0.0015319640802979	0.000660348896178	0.0442363455923424	0.0282406861620911	0.0831507888339754	4.5355582819046336e-05	0.0394550254266699	0.0502792250573279	0.0406237790123732	0.0079704159398847	0.006266435118382	10.83803	27.54136	-34.413593	45.456463	11.355209	28.373528	-33.850166	46.15894	1.5476385	2.9240766	1.6810826	2.786763
2016-01-31 22:05:00	2016-01-31 22:15:00	11.8401910479254	5.653624949836716	-8.810924724502042	-5.531068467459853	166.306	5.105	-1.165	-5.775	48.993	0.0064688325317316	0.0086184989622262	0.0103197640204268	0.1102146054134335	0.0020088071646547	0.0069868569488147	0.0315949608755066	0.0246818101309702	0.0997085374754403	0.002008441218411	0.0544515825025185	0.0754091767306883	0.066157328902256	0.0332215824637234	0.0105888128992077	12.414419	30.458273	-30.984476	45.30963	12.234802	30.593754	-31.135368	45.950653	1.9275202	2.6380997	2.8816838	2.8068335
2016-01-31 22:35:00	2016-01-31 22:45:00	11.919519119008577	5.932764641318062	-8.72068569494922	-5.552065894014138	163.091	5.263	-1.018	-6.358	51.907	0.0069187363906456	-0.0065031421591373	0.0034638499686891	0.122263043531932	-0.0004262808511759	0.0120924492281982	-0.0234579120475253	0.0164988796834936	0.1097338354455734	0.0003334788126215	0.0459894310621212	0.0811887881540527	0.0883572066757957	0.0408356373403206	0.0167121579162892	7.649818	24.81364	-34.680733	43.52241	8.132002	24.90707	-34.22146	43.17578	2.4491913	2.711375	4.2514396	3.770205
2016-01-31 23:05:00	2016-01-31 23:15:00	11.970233486730436	6.194463500510153	-8.620832584050554	-5.5312715334154	149.637	4.858	0.628	-7.447	61.981	0.0026395555119037	-0.0044647833758321	-0.0068538939272718	0.1873102668303422	-0.0030933597370774	0.0026316160192911	-0.0026308900773549	-0.0098858967045376	0.1685247245002344	-0.0026743973599011	0.0915901779888321	0.1211848576073199	0.1363174700593908	0.0815213125908255	0.0435877188821602	5.925447	10.355975	-18.076294	23.528357	5.8164034	10.087872	-18.317625	22.620638	3.657087	8.449696	9.41046	9.426262
2016-01-31 23:35:00	2016-01-31 23:45:00	11.992548778973983	6.43820205407938	-8.512351942526095	-5.468936352553904	142.761	4.97	1.69	-7.927	65.784	0.0009110168847858	-0.0006411923885739	-0.0020882587032116	0.1311670759877373	0.0003767854128064	0.0016608532644549	-0.0076636363827532	0.0005596344011884	0.1197784585983685	0.0004596390095217	0.0861296667358707	0.0830706408939418	0.0786817571028522	0.0575384206599107	0.0243916431878455	6.296013	8.55348	-9.486143	17.54128	6.3764067	8.084555	-10.089317	17.124468	7.1090355	8.30263	5.413727	6.623647
2016-02-01 00:50:00	2016-02-01 01:00:00	11.92441188740684	6.96494484319638	-8.202182313380087	-5.138466306896098	141.013	1.258	2.037	-8.383	88.24	-0.0052907473604036	-0.003430254537481	0.0026419825608225	0.0850964138347826	-0.0001011912616011	-0.0051571188078957	-0.0122954975156551	0.020334746055937	0.0827996639512202	0.0008485030644125	0.0384846559505606	0.0575157220316117	0.0503352179636762	0.0113181389828927	0.005220752095275	10.194217	29.308308	-26.507092	40.895573	10.566374	29.82447	-26.826927	41.835594	1.6479297	1.9913336	2.1995056	2.143752
2016-02-01 03:35:00	2016-02-01 03:45:00	11.134198929116913	7.651599041616438	-7.185107339459802	-3.7142355968216414	153.703	4.167	0.743	-7.393	66.389	-0.0042146564468634	-0.0016340883353665	0.0112304846542942	0.1186027655382876	-0.0044463823299068	-0.006845498799628	-0.0102126519077494	0.022992423349682	0.1050120158817174	-0.0048625236733426	0.0543822706380769	0.0798857855345377	0.0836210946737824	0.0491080332589085	0.0211568498884269	5.812378	23.244774	-28.009148	37.25979	6.044136	23.56437	-28.524645	37.90799	3.5980718	4.4176006	4.5716887	4.8667655
2016-02-01 04:35:00	2016-02-01 04:45:00	10.612213680520366	7.708516070498085	-6.6148977966302285	-3.072255568695495	158.913	6.135	0.42	-6.45	52.729	-0.0004256967917727	-0.0050079434768749	0.0093933451994724	0.1135618657917086	-0.0010089528610543	0.0004691471524	-0.0109478521669018	0.0096379469074037	0.1030471380062831	7.889990512510783e-05	0.0524966111690765	0.0700956097662863	0.0831642783674288	0.0424592060298873	0.019132212574549	5.266327	21.118769	-31.654905	39.01243	5.4337754	21.793955	-31.71612	39.818012	3.0192354	6.2377625	4.5687265	4.7643285
2016-02-01 05:45:00	2016-02-01 05:55:00	9.824297212146272	7.611139530809485	-5.756301256855497	-2.334524029360381	147.623	5.218	2.305	-6.927	64.549	-0.0104517511073398	0.0049335977316321	-0.005811723471454	0.1311388719318783	2.432571344825062e-05	-0.011392364321342	-0.0005417325786037	-0.0050325360542891	0.1208949343502735	-0.0018855370283254	0.0572250324319872	0.0917420617275987	0.0826928483996073	0.0387216901651176	0.0232480276383023	10.53036	34.173615	-28.139967	46.325985	10.980386	34.223778	-27.326843	46.795288	4.841324	6.9578924	4.6833634	4.27431
2016-02-01 06:15:00	2016-02-01 06:25:00	9.421548659246746	7.5058578278356896	-5.317439057694692	-2.0371690367850355	148.11	5.11	2.35	-6.7	64.603	0.0019609327355988	0.0112151544312967	-0.0174607851135496	0.2615068323227675	-0.0008673610791404	-0.0028607305404175	0.0288870719103854	-0.0330996931637338	0.239623113210814	-0.0040275094600076	0.1158038911145739	0.1942788752658806	0.1690610811467232	0.1085594415136495	0.0501219056525523	0.14272882	37.749004	-35.193832	52.913162	0.5280317	38.342133	-35.39096	52.78288	9.156961	5.985109	5.3958435	3.5492063
2016-02-02 22:00:00	2016-02-02 22:10:00	11.86816894934512	5.404600476715655	-8.904709314274832	-5.687560042467351	174.078	-6.013	-2.83	-7.673	62.519	-0.0033865774588276	0.0002328434287774	0.0004004284607637	0.1269659005639711	-0.0007520802759404	-0.009131181915938	-0.0116897911837779	-0.0031205595140865	0.113878025752692	-0.0008797822869964	0.0635963800755923	0.0716644432705617	0.0988011003008031	0.0532286855795543	0.0242071210312958	-15.703074	-12.565814	-25.896338	34.18008	-15.568513	-11.822347	-26.80759	34.040176	2.7115116	6.596666	7.6378474	4.0042024
2016-02-02 23:00:00	2016-02-02 23:10:00	11.981020456154903	5.940305711488917	-8.709889777816032	-5.691576810820755	158.886	-6.272	-0.753	-7.622	54.894	-0.0083126261924105	0.0001436098773985	-0.0141035802967642	0.1198188564169589	-0.0001635071944089	-0.0046951041766647	0.0024185935923064	-0.0519847788198958	0.1104035803441273	-0.0016675340402755	0.0574900690311519	0.0457465996129606	0.0995467292502927	0.0349125152333273	0.0152552914882836	-10.761516	-2.254494	-33.649757	36.48941	-9.790417	-0.011212526	-33.91107	36.370117	4.201039	7.3224688	3.0991967	1.6106733
2016-02-02 23:30:00	2016-02-02 23:40:00	11.994827408574956	6.182684035877826	-8.599349728904759	-5.630284896496352	163.791	-5.92	-1.387	-7.562	58.136	0.0004767799915082	-0.001112653216702	-0.0036654493103795	0.1005975496827983	0.0005324796982457	0.0009786176237371	-0.0089120866346017	0.0015054620129774	0.089994290716415	0.000345281407941	0.0417113964980422	0.0656491733439357	0.0755373956564721	0.0406274111152342	0.0177669683427706	4.2354	21.969397	-28.37644	37.024204	3.8647375	22.664524	-27.61391	37.18022	4.4171147	4.62752	6.8418474	4.7706923
2016-02-03 00:00:00	2016-02-03 00:10:00	11.980339148018473	6.407272715225454	-8.480538724902976	-5.527607081393118	168.115	-5.585	-2.038	-7.803	62.033	-0.000250986724542	0.0002966871699363	-0.0003106785840644	0.0592697174140606	-0.0015003082720265	-0.0008637088493962	0.0007586480979559	0.0013402288328966	0.0496163766748287	-0.0026049130219684	0.0273797139040381	0.0324648506862932	0.0576396327479932	0.0401657897137168	0.0154816174925263	-4.031105	2.6629183	-39.320744	40.246735	-3.678571	3.7217817	-39.132812	40.15034	3.9115918	5.945418	1.5581083	1.6548817
2016-02-03 00:30:00	2016-02-03 00:40:00	11.93749492046688	6.613374806903155	-8.352737074824175	-5.384920950771776	166.807	-5.642	-1.755	-7.587	60.384	-0.0071650429113839	-5.997376204655309e-05	-0.0333520183179954	0.1047682528474419	-0.0010798415173296	-0.0102010596183769	-0.0025441985677136	-0.0471191216581514	0.0895362024168135	0.0019718051927372	0.0429296071083075	0.0512698047887886	0.0811444415378126	0.0352601219508684	0.0135918164223362	-5.969199	2.727748	-40.412277	41.26062	-5.168332	1.8576858	-40.563828	41.182358	2.761989	4.254381	1.1170567	0.8724814
2016-02-03 01:00:00	2016-02-03 01:10:00	11.866113554187578	6.800204096620856	-8.21438155547637	-5.204253010117736	170.087	-5.412	-2.05	-7.308	61.695	-0.0139764467651028	-0.0348245939790541	0.0337654269892165	0.0830201738717411	-0.0026387831029566	-0.0248802093773414	-0.0456941328488977	0.0616026932123908	0.0859664218688831	-0.0033127585572778	0.032849489926185	0.0367501610987046	0.0440871968871747	0.0054030045912897	0.0043418249620261	-0.7575926	8.098165	-40.25297	41.259315	-1.4860343	8.139098	-40.254414	41.38945	2.427639	3.148439	0.9226325	0.8847386
2016-02-03 01:50:00	2016-02-03 02:00:00	11.682840034594584	7.066280961078625	-7.953637650113301	-4.826418394611263	173.14	-4.368	-2.5	-7.847	69.188	0.001911716981301	0.0063454870887077	0.0108727355206066	0.0989231327338475	-0.002140872014197	0.0006907193315239	0.0056807489959635	0.0440344324834656	0.0924797096653247	0.0002237281326721	0.0338714760442645	0.0379155604100844	0.0886716354675684	0.0287032333222845	0.0148992409710929	-2.5141165	0.44221017	-45.571426	46.5309	-2.432209	-1.2440073	-46.176487	46.67584	3.9805937	8.110252	3.2033315	3.1669455
2016-02-03 02:50:00	2016-02-03 03:00:00	11.353837146145166	7.304522430619777	-7.571865302783135	-4.268304375713533	177.518	-4.68	-2.555	-7.005	66.119	0.0012386137931849	0.0072159034102689	0.019990763894484	0.1220460352984073	0.0016177902467742	0.0007491641529314	0.0078197449078527	0.0503854951608492	0.1101540961123686	0.0013406755293208	0.0498121342062237	0.0602179515929959	0.0970481752393528	0.0329210883888017	0.0146488781661856	-10.60911	-11.070189	-33.65954	38.4417	-10.548639	-9.97884	-34.434395	37.645714	3.5452907	7.43803	8.374833	5.3229213
2016-02-03 03:20:00	2016-02-03 03:30:00	11.142986839808191	7.387340097204809	-7.343607943503467	-3.957609853183675	175.053	-4.658	-2.042	-6.823	63.98	-0.0046127688693331	-0.0001701616063901	-0.0094704037556257	0.1058645707088716	-0.0007901889748724	-0.0086967630975313	0.0016509237369556	-0.029418719126343	0.1006932137027266	-0.0007098832428606	0.0470863334109532	0.0557348583534407	0.0840329477839264	0.0358987653068561	0.0168760185839004	-7.9517274	-7.378822	-36.69625	38.717033	-8.200591	-7.7040796	-36.79209	38.70481	3.5933466	4.495045	2.9101844	2.6210163
2016-02-03 04:40:00	2016-02-03 04:50:00	10.41958897402858	7.473355169081667	-6.5753602508807205	-3.078819342411745	177.157	-4.377	-2.053	-7.48	66.976	-0.0058287697190685	-0.0091049452911613	0.0047571572618392	0.1194998120757115	-0.0025745349745785	-0.0072540437901089	-0.015035241068504	0.0103859570637887	0.109213641347296	-0.0028012826847882	0.052825073289263	0.0856443105576611	0.0793117209880461	0.0476978556045789	0.024179205702835	4.5994654	27.728104	-22.45269	39.864334	6.9758844	32.357952	-19.700872	39.96384	6.42215	11.905211	10.973123	2.8893158
2016-02-11 21:25:00	2016-02-11 21:35:00	11.92758589013888	4.083288555034099	-9.284745361581589	-6.2758203129475945	205.065	2.988	-7.91	-6.045	57.903	3.500989899145243e-05	-0.0169823093503277	0.0007083271708461	0.1556065248056918	-0.0004740849494227	-0.0082530864609307	-0.0508696954102977	-0.0006558020547534	0.1372642199820672	0.0003283142538802	0.0726074788669347	0.1255510813795889	0.0858850971453946	0.0669826929625127	0.0259621223549259	-12.806544	-28.361767	-0.5620514	34.6381	-15.701847	-31.345512	-4.289062	36.57661	8.663572	9.674629	10.907823	7.5201077
2016-02-11 22:55:00	2016-02-11 23:05:00	11.971570442581154	4.861766254604309	-8.949980408555142	-6.291118758335069	214.276	2.65	-9.565	-4.853	58.271	0.017180799063745	0.0175110005752809	0.0063277163155557	0.1997769761573188	0.0005842218601647	0.0254382202012333	0.0547408843996455	0.0005005536567553	0.1720119723696717	-0.0004945856003827	0.1109932332047236	0.161713875040536	0.0912568576175557	0.086773867315682	0.031538768046985	-23.391376	-35.867016	-12.744691	46.285503	-23.853	-36.49298	-14.585286	46.43141	5.8929496	4.6659174	9.9428005	3.0059152
2016-02-25 22:55:00	2016-02-25 23:05:00	11.715580472343722	3.1340054737392258	-8.99745735582143	-6.8174140148917495	142.012	7.125	0.877	-7.418	50.005	-0.0016896077564879	-0.0090065437600629	0.0004552927455291	0.0882859075169333	-0.000388743062406	-0.0076178432290296	-0.0179608169245266	-0.0010457723137535	0.0850579731904271	-6.0101468217277225e-05	0.0412865281449201	0.0548879271056262	0.061681989487969	0.0284904932508386	0.0104718792873145	7.412483	25.42298	-23.64509	35.69564	7.4807925	25.773846	-23.704197	36.338455	2.4139373	3.6341221	3.9158413	4.533471
2016-03-06 17:00:00	2016-03-06 17:10:00	11.60240571580828	-1.271148397410349	-10.075958825154116	-5.610036334382843	206.607	8.62	-11.937	-10.187	60.376	0.0043986299222115	0.0014646146324876	-0.0023553524846378	0.1097661403375953	-0.0043076302039519	0.0416086547416468	0.0330442170224271	0.0042110107270187	0.1057246369580154	-0.003405000968553	0.0756013715142239	0.0714561799625762	0.043539283842564	0.0263753185597376	0.0187452425156801	-59.782253	-54.78303	-31.961452	87.29724	-59.11593	-54.801178	-31.99922	86.77211	2.8289793	2.0985773	3.916188	1.8894358
2016-11-10 10:35:00	2016-11-10 10:45:00	11.021336381807735	8.833648668830332	5.773038296374303	-3.179125017816394	141.665	-7.21	8.19	-3.907	44.247	-0.0117002242115903	0.0141758697521965	0.0118737644426474	0.0894370938172709	0.0001484961585438	-0.0093110601347138	0.0284369816710626	0.0097099938637037	0.0808444372244462	-0.0021841624702007	0.0360061850960236	0.0629307858561895	0.0533392431685575	0.024117360901104	0.0097094056117587	-16.529375	25.784582	-28.537542	42.062534	-16.567646	25.230019	-28.412962	41.923157	1.48976	3.054224	2.6135345	1.2560374
2016-11-10 11:30:00	2016-11-10 11:40:00	11.412168061080925	8.82795785181277	6.446859780819828	-3.277344220393912	170.342	-4.65	4.403	-6.175	55.123	-0.0037774720296711	-3.218182707632947e-06	-0.0114775591452643	0.0967118155353929	-0.0003554894830977	-0.0006623602572049	-0.0004843091491316	-0.0075422838577244	0.0849833451481862	-0.0001715433286698	0.0356735501824016	0.0620340821691814	0.0771834761050995	0.0432544439558338	0.0180530750891734	-7.49356	-1.9820074	-30.086197	33.432823	-7.1577253	-6.394807	-31.387373	33.805553	2.9309697	11.621137	4.983343	3.9978433
2016-11-10 12:25:00	2016-11-10 12:35:00	11.699114019257712	8.723145694663208	7.079250702361969	-3.2647072051817863	137.282	-6.343	6.583	-2.765	40.526	-0.007629295947204	0.0307922663145039	0.0012535513416241	0.1166749050766251	0.0014991770160777	-0.0144080210856119	0.0498681111214873	0.0075930283325522	0.1062822113513138	0.0009269495574768	0.0511728392761194	0.0701090169261053	0.07942262353415	0.0351680906608784	0.0109410078719303	-12.155482	25.677713	-19.301016	34.550278	-12.226924	24.338223	-18.74757	33.915546	1.8448156	4.371733	3.0169215	4.186308
2016-11-10 12:55:00	2016-11-10 13:05:00	11.813514423437253	8.627224037458548	7.40453963567735	-3.209504732631404	141.038	-5.245	7.437	-3.813	50.499	-0.0073116088147515	0.011097397953058	-0.0061930104506563	0.0824600717256374	0.0014027436562787	-0.0106414260289651	0.0198836237691145	-0.0169427906113453	0.0803716616482398	0.0008762599204705	0.0248372471993981	0.0510715099512965	0.0619053290090509	0.0217430345421558	0.0067886314080231	-12.954062	17.584013	-33.902092	40.51287	-12.681795	17.596794	-34.35166	40.772156	1.9249626	3.2182932	2.6408432	2.4700308
2016-11-10 14:15:00	2016-11-10 14:25:00	11.977525057709771	8.24693528384295	8.1874745769137	-2.9003601665490275	169.254	0.48	5.95	-9.385	88.933	-0.003108206510837	0.0107253689883381	-0.0014705792479801	0.1036808829561467	-0.0007258858792764	-0.0030938648955885	0.0107344604776381	-0.0024337176965391	0.0910046972533096	-0.0001996543823043	0.0502964276283724	0.0592220916972665	0.0812942303872948	0.0449763301287078	0.0170660500010252	-3.6329489	5.655121	-39.792534	40.57054	-3.6246672	5.8327346	-40.00605	40.785072	2.2629168	3.3734214	3.023977	2.8812034
2016-11-22 08:05:00	2016-11-22 08:15:00	10.409975265095923	9.637234667700891	3.52719478876513	-1.7460032399186094	136.194	-7.97	6.45	-3.11	48.059	-0.000519684907526	0.0111541139408754	-0.0008626569922967	0.1279259355442308	-0.0061967973123853	-0.0030950293835865	0.0231970722712919	-0.0070638379767806	0.1163348152883785	-0.0056304325136067	0.0510887473327237	0.095625139766306	0.0850436844460378	0.0524122051237924	0.0191481426236929	-13.809185	25.416973	-25.678783	39.613983	-13.841845	26.065184	-25.79264	39.87921	2.185323	5.0664096	7.7674108	4.1982665
2016-12-02 09:45:00	2016-12-02 09:55:00	11.6878449623514	10.9108034348518	4.036005440850114	-1.126648056396803	136.743	-5.103	1.852	-0.972	20.195	0.0067466808563383	0.0074092546509011	-0.0044373936971614	0.1178401709111456	-0.0048298003987495	0.0060409489553024	-0.0018687139565108	-0.0048136775997482	0.1100852476697471	-0.0048667103394543	0.0497351544397521	0.0929734336453111	0.0751020936231822	0.0546970635139135	0.0195766323188606	-5.5516887	18.02832	-10.151682	22.690123	-4.9601774	16.715631	-10.989983	23.131998	4.1903796	8.227215	5.849949	7.970243
2016-12-06 12:20:00	2016-12-06 12:30:00	11.974708711211434	10.83991159066688	5.05331820283629	-0.5936325666122814	181.869	0.458	2.315	-9.377	88.41	0.0096582458211414	-0.0069458475309517	-0.0035732497443217	0.1193186362570579	-0.00319502293663	0.0125508475204743	-0.0047670555335368	-0.0107228806540475	0.1088876473863747	-0.0026723529870086	0.0477719965179143	0.0623459941943857	0.0972529379255711	0.0393023948927417	0.0086164913857131	0.21565428	-5.0004497	-33.52687	34.195816	0.43826953	-4.7463617	-34.092777	34.65274	2.9752831	3.2522976	2.7215893	2.5660522
2016-12-06 12:50:00	2016-12-06 13:00:00	11.921551176177571	10.674759002707065	5.283421557317261	-0.5067042156231983	187.474	-0.153	1.272	-9.57	87.952	0.0087095454448499	-0.0041734217104874	-0.0010656773775113	0.0843545140881441	-0.0021928206231565	0.0094666892086659	-0.0018205602861535	-0.0043342736937951	0.083034346233491	-0.0017440739880133	0.0288567067914639	0.0490620998887013	0.0674198381974207	0.0276398083705244	0.0116571245809628	0.44534636	-6.516425	-33.460327	34.38996	0.29931453	-6.124234	-33.880524	35.055523	2.388908	3.7254455	3.326442	3.1996017
2016-12-06 13:20:00	2016-12-06 13:30:00	11.839750896275367	10.47828155000638	5.497554870996981	-0.4006448874163855	174.155	-1.157	3.307	-9.073	82.14	0.0054354993722243	-0.0137316226745642	0.0143159463405607	0.114649680292318	-0.0057587539968578	0.0112821481749563	-0.0197893591947769	0.0229397781507819	0.1077374776273539	-0.0062051877431972	0.0451386154363474	0.0658336004254441	0.0856062030301637	0.0312806455963787	0.0109624002410033	-2.2519662	3.5787628	-37.63323	38.218327	-2.2799394	3.7849114	-37.85195	38.183495	2.6666768	4.274878	2.798636	2.5915313
2016-12-07 07:35:00	2016-12-07 07:45:00	11.09963346140721	10.858799660243925	2.225596990195713	-0.577535179598701	162.559	-3.283	2.79	-4.642	57.962	0.0037397613105886	-0.0051260622437225	-0.0010725243259679	0.0987182521781236	0.0029361812019648	0.0054853694083174	-0.0001362920172909	0.0042909511177552	0.0909116171729382	0.00079897797428	0.0266548118105842	0.0600340263741918	0.0822797267217435	0.03715691145497	0.0177626497045178	-3.2675595	-1.7479237	-28.295164	29.964746	-3.4013057	-4.673571	-28.564667	29.764866	1.6330762	8.954761	3.606661	3.5107014
2016-12-07 08:05:00	2016-12-07 08:15:00	11.317330848439092	11.01029517621995	2.547763839635813	-0.6023419501786367	158.654	-3.822	3.197	-4.413	53.55	0.0111813834749236	-0.0080779593881224	0.014482364525492	0.1004574222034461	-0.0054969386201593	0.0086553277285577	-0.0156687408072287	0.0143183016729876	0.0933810923351811	-0.0058384639080336	0.0305442233367505	0.0682319059384084	0.0677097555939552	0.0219425509137727	0.010748118714141	-3.3293757	6.156568	-27.56044	28.766777	-3.475889	5.96031	-27.590822	28.432848	1.866595	3.6023824	2.5861344	2.0464385
2016-12-07 08:35:00	2016-12-07 08:45:00	11.503625410344098	11.12406477921917	2.862605869103272	-0.6266090683464202	154.102	-2.54	3.788	-4.317	65.086	0.0085224461287683	-0.0052672355063455	0.0043130000195938	0.1123582706674098	-0.0019340533647167	0.0077744416072113	-0.0060531648679259	0.005927974883044	0.1076019645578328	-0.000754895764166	0.0338844475692151	0.0729331753266666	0.0887683901701236	0.0429165211007559	0.0172326270632361	-5.071086	14.296228	-23.62724	28.703619	-4.6393795	14.64135	-24.392847	28.78598	2.9807014	4.446437	3.3982017	2.1563687
2016-12-21 09:40:00	2016-12-21 09:50:00	12.001696571295431	11.842729789171086	1.8818569139916856	0.4976987683067222	171.094	-8.36	2.393	-6.725	37.135	0.0026462568070662	-0.0046879579821821	0.000630141871792	0.1423398214869241	-0.0020589092734899	0.0051435028073134	-0.0027568176130345	-0.0054215801540751	0.1285926683322094	-0.0008699627665014	0.0642226507598444	0.0820811102569891	0.1174817143232267	0.0665774936066686	0.0214667024258415	-7.4492564	-2.7656975	-33.42585	35.68035	-7.601019	-2.4742317	-33.94382	36.027866	4.063012	8.747319	5.1866918	5.2216725
2017-11-14 14:55:00	2017-11-14 15:05:00	11.70191242597266	10.081922507332346	5.926743020723074	-0.4015729084432659	163.5	-0.168	3.543	-5.17	88.219	0.0058057680301604	-0.0068709121185474	0.0085488438922953	0.1247246548530572	-0.001932766038713	-0.0079787368600064	-0.0034952646488446	0.0111705474192712	0.1162280645627981	-0.0006254259783654	0.0915698579842159	0.0718421832674662	0.0530195661988349	0.0309058597557122	0.0352648132969279	-4.2072334	5.206471	-34.049995	35.011635	-4.2844753	5.1814194	-35.774017	36.266594	2.7714117	3.5204263	6.1067324	5.9801493
2017-11-14 15:25:00	2017-11-14 15:35:00	12.307266496415716	10.44878807933578	6.497046872730024	-0.2793658026129281	163.002	0.562	3.693	-5.332	81.075	0.0049565827641255	-0.0239075381778971	-0.0111658351525071	0.0881803366229284	-0.0034422917443835	0.0142947674142688	-0.0432523255369062	-0.0113171726827154	0.0834585745829727	-0.0010437953949932	0.0445264376974953	0.05681432915888	0.0459638162251304	0.0163763932514236	0.0205170636424971	-4.767041	11.232203	-28.870657	31.463871	-4.870377	12.187024	-29.557259	31.720343	1.346932	2.2511806	3.397975	3.294699
2017-11-14 15:55:00	2017-11-14 16:05:00	12.886404687101686	10.787995078840716	7.047004917560411	-0.1280041786981478	164.081	0.727	3.612	-5.727	80.013	0.0037386935682319	-0.0147050374266954	0.005724950873008	0.0740118350136642	0.0031944221081531	0.0084190343920538	-0.026513378826191	0.0054352639776934	0.0699877009771104	0.007128932588406	0.0416854396421317	0.0556901264427794	0.0253629066330102	0.0163579457748067	0.016683094617274	-5.2294245	11.2341175	-22.34336	25.789051	-5.8964233	10.196474	-22.188301	25.461758	2.0152345	2.8947911	1.2794499	1.3344806
2017-11-14 17:35:00	2017-11-14 17:45:00	14.651480221615785	11.751746494998116	8.732653614939986	0.5488898158916	150.041	-1.008	4.375	-4.807	86.076	-0.0339899555572496	-0.0066473339653403	-0.0633985322459894	0.0722418024316693	-0.0036359411441414	-0.0339899555572496	-0.0066473339653403	-0.0633985322459894	0.0722418024316693	-0.0036359411441414	0.0	0.0	0.0	0.0	0.0	-2.6705992	11.6611	-21.634747	24.721966	-2.6705992	11.6611	-21.634747	24.721966	0.0	0.0	0.0	0.0
2018-03-10 03:05:00	2018-03-10 03:15:00	11.895392964548428	1.587743280602513	-11.415654234406247	-2.9426549941932385	176.094	10.462	-3.647	-8.135	38.503	0.007661049878578	-0.0060420417691716	0.0245873504251496	0.2173697084878255	-0.0046773615307949	0.0229209557069118	-0.0219382745174093	0.0297404936665637	0.1975042394268894	-0.0007428613085702	0.1331506444812453	0.1405208008559841	0.1179856016850706	0.0696127674410059	0.0518992065453017	3.6627562	-3.9443634	1.4310566	26.012342	4.9852495	-5.077536	1.3464687	26.272598	12.511184	16.56303	17.6999	9.926224
2018-03-10 03:55:00	2018-03-10 04:05:00	12.882454678879771	2.1754590465259187	-12.420523160354827	-2.636728762744028	161.21	11.815	-0.943	-7.248	30.288	-0.0285663236364574	0.0093606822857013	0.021794186071518	0.0779659371738529	-0.0035662786916332	-0.029821442596208	0.0428967120760088	0.0358345163838131	0.0746859622765878	-0.0046426896893418	0.017723125342629	0.0571559973381409	0.0349885541972108	0.0102504894770305	0.0099089181052129	9.668843	15.320109	-25.592999	31.4824	10.101226	15.850272	-27.580664	33.59316	2.5208118	3.1580036	4.4055405	5.271497
2018-03-10 05:25:00	2018-03-10 05:35:00	14.492400151849354	3.1952019698549665	-14.016846863350333	-1.8289044052224688	169.794	13.528	-1.107	-5.54	21.367	-0.0188163994853957	-0.010444527787375	0.0695625006642273	0.0782138734585005	-0.0127850930506875	-0.0188163994853957	-0.010444527787375	0.0695625006642273	0.0782138734585005	-0.0127850930506875	0.018882733069765	0.016387701461266	0.0154850198989792	0.0070410763532933	0.0051448406211723	8.745191	3.4375556	-28.199322	30.492258	8.745191	3.4375556	-28.199322	30.492258	4.85136	4.4427757	1.754878	0.2693138
2018-03-10 06:00:00	2018-03-10 06:10:00	15.068101584838333	3.5783132947991647	-14.563995602467209	-1.459462073283457	208.301	12.693	-5.555	-4.818	27.59	-0.0153528045276638	0.0188310592486945	-0.005357827949382	0.0627866012288179	-0.0096052923049936	-0.0153528045276638	0.0188310592486945	-0.005357827949382	0.0627866012288179	-0.0096052923049936	0.001720558776107	0.023186891421777	0.052827652486227	0.0028669756319106	0.0087973500821359	2.378883	0.008735895	-29.708036	29.84739	2.378883	0.008735895	-29.708036	29.84739	0.97770065	1.2483839	0.8063946	0.7243395
2018-03-10 06:30:00	2018-03-10 06:40:00	15.541427360657076	3.900730794391373	-15.00107365076972	-1.1335179314944737	206.458	12.625	-4.877	-4.705	25.855	-0.0122291079887199	0.0012101095218562	0.0251684441756835	0.0873534558498426	-0.0039642399865291	-0.0277773404322318	0.0052060642462734	0.0487148353021669	0.0889854826764162	0.0003666772426165	0.048880394508846	0.0355700052646285	0.0593107157206792	0.0180587657865679	0.0242915766388822	16.411055	5.1653023	-25.82076	31.834148	16.729103	4.95058	-26.146276	32.072636	4.065007	5.5693893	3.6445093	3.1822472
2018-10-07 12:10:00	2018-10-07 12:20:00	15.39300225455096	0.3060249349677456	15.103265140319834	-2.956528556218444	137.05	-9.543	10.267	-2.817	56.506	-0.0013379791273962	0.0163897919089857	-0.0473949957866529	0.0939249787497223	-0.0022386712177226	-0.0027754601836296	0.040881444826131	-0.0602658657414351	0.0824057713084529	-0.0088161550149151	0.0534118642076715	0.0432622810437147	0.0532370948687062	0.0354039535751306	0.0279662992112747	-26.551563	22.856348	-15.696924	38.721287	-25.385056	23.576736	-14.011796	38.032	1.8858917	1.5489234	4.8472815	1.9761946
2018-10-21 12:30:00	2018-10-21 12:40:00	13.804754876738087	3.998599194305031	13.102791809617887	-1.7023420091720878	153.794	-0.703	6.71	-4.608	88.196	0.0147598582811951	0.0105705114718771	-0.0061254660376359	0.0878999564060207	0.0060124447884307	0.0124658600990429	0.0155769682429419	-0.0046814840341541	0.0807188640437325	0.0042920146953776	0.0461704396198346	0.062541825621182	0.0459705683203647	0.028234566149888	0.0247287875073161	-10.452447	11.018406	-12.945995	20.468546	-10.34602	10.876251	-11.98893	19.063236	2.077242	2.2692516	5.6099916	4.498089
2019-04-08 23:25:00	2019-04-08 23:35:00	15.368970140239004	11.048331965849796	-9.657336655254309	-4.5688641287820175	218.158	3.465	-3.92	-1.433	59.003	-0.0067204367572889	0.0080410859946034	-0.001774325696701	0.1708037417745525	-0.0011681636402994	0.0003474311410102	0.0066258304950142	-0.0017767149364944	0.1510779534243831	0.0021334561465713	0.1061887706007116	0.1274914492575851	0.0975557937374432	0.0893661618785534	0.076984750342437	1.4327068	-6.4912577	-4.738207	16.96298	1.0610712	-6.6631403	-7.506345	17.255299	7.682083	8.446398	11.021659	5.54347
2019-04-23 20:00:00	2019-04-23 20:10:00	17.75850572528574	-3.525852370880991	-17.35718634565399	-1.287759404548186	221.214	3.55	-8.573	-3.382	77.095	0.0150738887876597	0.0215190842229328	0.0079454744691118	0.0725804115110432	-0.0043063304115423	0.0222724497407581	0.0335348117229587	0.0187653462763959	0.0703769758860816	-0.0025848243726568	0.0262671189599588	0.0438903918918615	0.0440989536643862	0.0068229972574258	0.0197092204760734	-11.291784	-8.043646	-23.483204	27.331213	-10.974838	-8.014527	-23.246223	27.018566	1.4015572	1.098529	1.6346776	1.5854048
2019-04-29 23:30:00	2019-04-29 23:40:00	15.572805948457278	6.7514727477792364	-12.823503520810254	-5.699719923963613	166.843	2.673	-0.548	-2.097	40.451	-0.0041125571666098	0.0061401049146291	0.0049753223529991	0.0943652103622516	-0.0056003465049522	-0.0052741940770947	0.0082615302288726	0.0048368396931592	0.0871880482699451	-0.0091860888902564	0.0477270267075699	0.0702950178232646	0.0544527029359645	0.0368636729961373	0.0608560295441208	2.251512	6.129734	-9.661869	12.6334095	2.2992663	6.228269	-10.117	12.935609	2.727058	3.6689448	3.3524663	2.920383
2019-04-30 00:15:00	2019-04-30 00:25:00	14.794594721244556	6.698203915502681	-12.04598293793179	-5.376567243561515	188.319	2.515	-1.752	-2.413	52.843	0.0036594302132814	0.0186088816936641	-0.0051798489943139	0.1052695296817045	-0.0056692501694609	0.002904724267598	0.0199087081266111	-0.0026721399820136	0.0952630473585084	-0.0051225487288264	0.0628288121835555	0.0773458539966979	0.0513146643138135	0.0432189126203526	0.0584156777893449	0.6349996	3.383391	-8.80421	13.530622	1.0208671	4.168704	-9.755405	13.569746	5.223801	5.04944	8.707371	5.9067907
2019-04-30 00:45:00	2019-04-30 00:55:00	14.253012670383148	6.650475620360731	-11.517700541816636	-5.124560558591671	193.347	2.363	-2.152	-2.53	58.219	0.0037613420954674	0.0142071666958983	0.0051330834250483	0.1098057276749418	-0.0134827692773208	-0.0011229316264943	0.0347600098932313	0.0052700906321464	0.0984877677241177	-0.0108194764178502	0.0696538216623967	0.0924542207573644	0.0452459249750571	0.060263368060424	0.0569041257348015	-3.368665	3.8339949	-9.020652	13.604032	-4.1298046	3.5764136	-11.683936	14.774015	5.2869916	4.9160347	6.716804	4.425496
2019-05-13 16:00:00	2019-05-13 16:10:00	21.661290323764288	1.5606357762866945	-21.52577057673996	-1.846689142603503	195.026	1.322	-2.783	-5.318	77.806	0.0021481524228806	-0.0074198874259186	-0.001308608973752	0.1493659044876757	-0.0059741727980342	0.0060553854910234	-0.0029745494962593	-0.0053640450325204	0.1124777464126486	-0.0025526493929503	0.0938891752443002	0.1198986950688098	0.094775275836785	0.0996214612393685	0.0746301461102257	-3.415541	-3.5259175	-11.524145	13.421037	-2.8155098	-3.46413	-12.64488	14.482906	3.2063258	2.8855798	5.8957295	5.4905767
2019-05-13 16:55:00	2019-05-13 17:05:00	21.05410006222178	1.7864490536071609	-20.78261060748196	-2.856568628782877	173.16	1.873	-0.808	-5.703	72.604	-0.0076912984045921	-0.0159200727821425	-0.0036674704214973	0.089690908521579	-0.0060282173763809	-0.000107576372431	-0.0214153844180075	0.0028079427953206	0.0740263346823161	-0.0039912076993821	0.051651106935784	0.0642011281705077	0.0630869966268991	0.0552375497814995	0.0320090130538199	2.868286	3.6946154	-14.343755	16.386486	1.9167087	4.3374796	-15.1100645	16.905727	3.736802	4.044263	4.7049174	3.3999453
2019-11-23 12:20:00	2019-11-23 12:30:00	17.589468161686085	9.440133371270012	14.6997396968638	2.04706283479323	146.097	-5.163	3.958	-2.793	36.92	-0.0105583915924101	-0.0039773100904083	0.0084595051213648	0.0956806514688993	1.331423183537669e-05	-0.0126802406423502	0.0062884048737079	-0.0108723011618704	0.094811597039028	-0.0034696792944822	0.0573635190175644	0.0517397883759232	0.0610189241892223	0.0271101994539549	0.0149851334629452	-8.548641	11.27512	-10.936453	19.579287	-10.058182	10.11222	-10.284887	19.58026	6.673312	4.6236506	4.2911615	4.5596538
2020-02-18 06:40:00	2020-02-18 06:50:00	14.289118256609036	13.736108296897475	3.347152638959519	-2.0720153169803748	188.628	0.252	-2.912	-6.252	85.742	-0.0236327265409692	-0.0334274581442286	-0.0099591166675993	0.0724235215907541	-0.0064722738242134	-0.0240686256473085	-0.0391360472307212	-0.0021416100712299	0.0751503690595722	-0.0063681830646363	0.0271376727392363	0.0209028408285159	0.0487599401422692	0.0089906643813826	0.0061534712944131	0.6831409	-3.6503832	-22.328209	22.835888	0.88176787	-3.487956	-22.601612	23.060272	2.035858	1.9795538	1.6869441	1.3312321
2020-02-18 07:40:00	2020-02-18 07:50:00	13.175818754583505	12.497448074918236	3.492198288564859	-2.2844550559864505	190.384	0.098	-2.89	-6.323	87.102	0.0533236918819333	0.0187196930797754	0.0412262270684847	0.0699531616385036	0.005100654242636	0.0533236918819333	0.0187196930797754	0.0412262270684847	0.0699531616385036	0.005100654242636	0.0	0.0	0.0	0.0	0.0	-0.8727519	-1.8100317	-29.901377	29.96882	-0.8727519	-1.8100317	-29.901377	29.96882	0.0	0.0	0.0	0.0
2020-04-11 15:10:00	2020-04-11 15:20:00	16.450182600869542	0.8888301788410137	-16.312666782524243	1.9262097703158163	194.57	3.59	-3.17	-5.168	63.514	-0.0013506503404246	-0.0056482743886774	-0.0127820484113442	0.0895158658715934	0.0010254678010132	-0.0038260667947862	-0.0029325637049615	-0.0224836513369286	0.079789773777084	0.0011605192143539	0.0328897595148075	0.049758550531499	0.0727315621721204	0.0321177139082991	0.0160968480847436	0.34574023	-3.1395767	-10.491284	13.285555	0.31483662	-2.9834647	-7.660983	10.102923	2.4157705	4.111758	9.942386	8.070382
2020-04-21 10:55:00	2020-04-21 11:05:00	11.2951922419776	7.818928245807396	-6.332789861723757	-5.132124812195777	216.484	-5.247	-5.07	-4.593	49.296	-0.0016221230213286	-0.0116232037914858	0.0090048902837771	0.1075932639793373	0.0017824891393202	0.0002117703595824	-0.0168429168761096	0.0051515996746103	0.1023741037465587	0.0022353832511015	0.0674476780817576	0.0643599773852437	0.0561734261261032	0.022121426607805	0.035047234257224	-20.10092	-19.190437	-22.797249	36.384872	-20.338402	-19.28212	-21.180927	36.002792	3.8379896	3.8325093	5.6520677	5.4350324
2020-04-21 11:25:00	2020-04-21 11:35:00	10.646006601335456	7.509271945305948	-5.640420686965839	-5.013032981218066	219.667	-5.177	-6.438	-5.148	53.906	0.0136454006384578	-0.0089985122130153	-0.0089154541777881	0.1456347847947624	-0.0002216306021103	0.0571732078693837	-0.0249180387266826	-0.0164105413418604	0.1358452129749094	0.0034035550246125	0.1069797930018296	0.0858725184662493	0.0647637513914983	0.0463710469405398	0.0456854617188654	-28.157253	-23.617296	-31.729935	49.05116	-27.878017	-23.605677	-31.365559	48.460117	2.981547	5.446912	4.238022	2.8106086
2020-05-05 07:25:00	2020-05-05 07:35:00	15.056723097175029	6.419382988577428	-12.20052608548859	-6.053336733696372	208.578	3.34	-2.097	-2.582	44.404	0.0002841912555924	0.0070262589277316	0.0011703244942566	0.1004491859063422	-0.004351559666606	0.0007198865661015	0.019808107885083	-0.0065208534971524	0.0954487345247802	-0.0047154343279884	0.0483101326513459	0.073364933962681	0.0590949841266143	0.034194727523819	0.0337680135229737	-1.2739427	-1.6675596	-9.077323	10.993059	-1.3845618	-1.7252891	-9.544325	11.486475	3.4450548	4.4125853	4.209222	3.8744013
2020-05-19 06:40:00	2020-05-19 06:50:00	14.97197209115744	3.2074727023461675	-13.451482929184548	-5.738357735683416	223.702	3.435	-5.768	-4.532	57.787	0.0558066656648032	0.0275746333186045	0.0407793167979129	0.0744157040804101	0.0108203919257566	0.0558066656648032	0.0275746333186045	0.0407793167979129	0.0744157040804101	0.0108203919257566	0.0	0.0	0.0	0.0	0.0	-11.383105	-7.1657915	-16.70094	21.443998	-11.383105	-7.1657915	-16.70094	21.443998	0.0	0.0	0.0	0.0
2021-03-31 07:20:00	2021-03-31 07:30:00	18.981710522171337	7.363076729311871	-17.49540143343982	-0.0185062684455703	205.937	4.96	-4.56	-4.805	59.479	-0.0072620133526519	-0.0189505015712396	-0.0072012401787378	0.1671444862817425	0.0024287734056509	-0.0036223317362381	-0.0179077248689648	-0.0303514306584525	0.1428834827263523	-0.0029644043937657	0.0808433761992393	0.1082366141477968	0.1253014273980606	0.0804841645227318	0.0416353143726365	4.748178	-1.836498	-17.180534	20.946434	4.1444426	-2.736307	-19.167095	21.917568	5.7177663	7.2315793	7.9157734	5.475738
2021-04-23 22:25:00	2021-04-23 22:35:00	12.917334675343003	8.248358527080596	-3.4885723051783177	-9.3085662987543	203.433	1.705	-7.392	-5.59	81.916	-0.0122990940652182	0.0205289153010539	0.0220765922113308	0.5114031373539967	0.0163327004927621	0.0140409637738637	0.0034188875377434	-0.0048999424156424	0.4378887019145432	-0.0168343466904727	0.3198177987682891	0.3676948208899099	0.3660393557516547	0.3331585610242677	0.4751614767798772	-2.891003	-8.717912	-7.3446903	21.623442	-2.8526845	-8.781729	-5.8424845	22.679695	9.312072	13.434803	12.094765	9.177315
2021-05-02 03:05:00	2021-05-02 03:15:00	23.267563162558407	-0.6629887801544904	-22.723772698363195	-4.956611297224367	218.411	-3.765	-7.045	-4.007	68.377	-0.0107180774633337	-0.0216946621573718	0.0098469934390943	0.0841556342389356	-0.0026343632554719	-0.0105719470912523	-0.0304527685627096	0.0270490675356297	0.0822234347312035	-0.0024889002184381	0.034148385829555	0.0443139201725294	0.0588908371139253	0.0140817089894987	0.0071647805066024	-12.474798	-11.093042	-18.038181	24.731508	-12.674164	-10.668886	-17.775604	24.658138	1.7023352	1.5208418	2.4267178	1.872058
2021-05-12 13:45:00	2021-05-12 13:55:00	22.362576570718065	-4.953699423113064	-21.77681796330874	1.1449096910927867	191.498	-4.348	-6.165	-17.685	78.893	0.001003422721237	0.0016727256010297	0.0016817855035611	0.0749034319195063	0.0034644285562472	-0.0048078777618344	0.0024673375663831	0.0228808619020296	0.0727419638534705	0.0013803241763722	0.0326243125311239	0.0296694288129402	0.0660532234865539	0.0265284425557347	0.0185682723018897	-8.780281	-5.9015765	-36.001614	37.80396	-8.997311	-6.5641947	-33.960846	36.962837	3.6602857	3.1622405	6.1795506	6.3626223
2021-05-18 03:00:00	2021-05-18 03:10:00	19.79783591422304	3.4473191415573283	-15.5750339441447	-11.725499967055308	223.714	0.65	-8.057	-4.548	74.307	-0.0025956525476737	0.0025745728236267	0.00145770607475	0.1250444741537142	0.0032269029678904	0.0004010304859421	0.0161703514071019	0.0123534174710472	0.1148677492160926	0.0003741742529829	0.0432510711411302	0.0780040620627897	0.0961902340026328	0.0398399322116114	0.0324543526587059	-8.3871565	-12.520949	-15.878591	23.432154	-8.867735	-13.458841	-16.048582	23.8537	4.0490994	6.21129	5.020557	3.2192736
