Start_str	End_str	Rmag_avg(Re)	x_avg(Re)	y_avg(Re)	z_avg(Re)	Clang_avg	IMFBx_avg(nT)	IMFBy_avg(nT)	IMFBz_avg(nT)	Jx_avg(uA/m2)	Jy_avg	Jz_avg	Jmag_avg	divB_avg	Jx_med(uA/m2)	Jy_med	Jz_med	Jmag_med	divB_med	Jx_std(uA/m2)	Jy_std	Jz_std	Jmag_std	divB_std	mms1Bx_avg(nT)	mms1By_avg	mms1Bz_avg	mms1Bmag_avg	mms1Bx_med(nT)	mms1By_med	mms1Bz_med	mms1Bmag_med	mms1Bx_std(nT)	mms1By_std	mms1Bz_std	mms1Bmag_std
2019-09-17 07:30:00	2019-09-17 07:40:00	9.433433673345537	-9.184207792889696	-0.2987579015058063	-2.1323761896657696	284.799	-0.28	-4.797	1.262	-0.043241786162105	0.0275665428637774	-0.0032159543322467	0.0854905833065526	0.0201223581189676	-0.0734663830681151	0.0188114051974973	-0.0030307380709593	0.0823353546666642	0.0345910173184032	0.0637660343242542	0.0239490894687642	0.0125872394035933	0.0113830356122783	0.0279003619558518	-38.69288	-3.2044256	14.451326	41.626118	-38.072582	-1.7227097	13.601002	41.35051	2.4968655	3.237485	2.0787208	2.1334016
2019-10-15 19:20:00	2019-10-15 19:30:00	12.986953870083653	1.2796440057454366	12.621477615877245	2.7785465273280967	310.012	-1.46	-5.508	4.632	0.0024007735391248	-0.0216063760898651	-0.0006268383839305	0.1345341492223135	0.0096262729686756	0.0015570165256669	-0.0320154433050351	-0.0061938113659595	0.1226783239650248	0.0078233317674057	0.0603527180876271	0.1030333520919505	0.0794641359517839	0.0542809906610292	0.0748384755644794	3.440082	-12.330941	23.745222	28.205807	2.9758193	-12.846187	23.502148	27.95874	6.060992	5.4813004	3.0632207	2.8840663
2019-10-22 22:20:00	2019-10-22 22:30:00	16.109190715378553	1.7135189908758173	15.544067009485827	3.866632902887616	287.81	0.758	-3.105	0.99	0.0005779170241339	0.0016348158576263	0.0097259747233542	0.0896484885466873	0.0030682445921837	0.0160230383358468	0.0056196365625013	0.0372441730026894	0.09093441718377	0.0052229051609507	0.0371407101896536	0.0554756362621782	0.0597467044769202	0.0093486343669393	0.0164079052363295	-5.3164587	-2.8298404	18.701841	19.834381	-5.057948	-2.7749517	18.154114	18.69819	0.71794605	2.8790157	2.5233893	2.7929616
2019-10-29 22:55:00	2019-10-29 23:05:00	16.569535359072493	3.4689114359428816	15.609655441849098	4.342073144897193	293.589	-0.913	-5.988	2.573	-0.0047053731542044	0.017510449579572	-0.0466213129065749	0.1121341549640031	0.0088018263410933	-0.0004201346387699	0.0166458298122366	-0.0671549969072913	0.1115189134264095	-0.0020908341763995	0.0124872811738806	0.0895392740531762	0.0525837917456512	0.0294364303555324	0.0199753776173991	1.1316892	-10.528717	18.21025	21.157322	1.0677902	-11.266597	18.350975	21.207989	0.70853907	1.6351217	0.929872	0.39489383
2019-10-30 01:05:00	2019-10-30 01:15:00	18.450198370850845	3.006934695110202	17.81580525078665	3.73660173634153	291.947	0.272	-7.247	2.937	-0.0323564066075381	-0.0163674334076023	0.0345550540536514	0.0835001156829274	-0.0010831440132964	-0.0752070921946269	-0.015501439266983	0.0312172979206284	0.0793028359954148	0.0042602128811544	0.0664845176635193	0.0062948536475374	0.0107000102620473	0.0105318021960055	0.0179271109587269	4.8538265	-16.564451	16.055971	24.023546	1.7016579	-16.413536	15.288147	24.50411	4.529151	0.9443031	1.1678284	1.1716887
2019-10-30 01:35:00	2019-10-30 01:45:00	18.8506911632759	2.894014184222822	18.306931592361163	3.4388630530101807	299.29	-0.057	-7.467	4.192	-0.0391214103671059	0.0111016106815872	0.0301949288265215	0.0815022473426346	0.0078372751142653	-0.0391214103671059	0.0111016106815872	0.0301949288265215	0.0815022473426346	0.0078372751142653	0.0460852188133301	0.0362896248890737	0.0262991026070499	0.0074347144783157	0.0147845836088269	3.5633376	-16.711254	19.413961	26.15902	3.5633376	-16.711254	19.413961	26.15902	2.8967316	2.367402	1.2164078	0.21502876
2019-10-30 02:05:00	2019-10-30 02:15:00	19.2396432751267	2.7792551168583266	18.786578260897272	3.082154146414313	290.11	1.05	-8.185	3.0	-0.0425458103906698	0.0123297676443034	0.0395568784805842	0.0804991455614391	0.0074236123632473	-0.0501962262721863	0.0206872191762571	0.0414316625812537	0.0767601527095523	0.0076733266462617	0.0350375197256754	0.0406325973130363	0.0132787666683584	0.010087851512114	0.0113381485205767	8.589021	-19.978222	11.188757	25.051044	8.211945	-19.832664	9.906695	24.850962	2.6119022	2.0909212	4.3279114	0.67746234
2019-10-30 06:10:00	2019-10-30 06:20:00	22.029933870449398	1.7945340132199796	21.919835032900966	-1.2697881267654347	277.069	-1.545	-10.698	1.333	-0.0066330571846394	0.0050651941670084	0.0335194085510549	0.4787181224488264	-0.0054637228607661	-0.0101254655310844	-0.011220011812584	0.0534418479352783	0.4471922681068084	-0.014040115290598	0.2764532406675936	0.2513745074936806	0.3354260645665993	0.1553973800042606	0.0781476853118491	0.7897996	-14.191896	0.062302962	20.88342	1.869206	-14.626215	1.1018862	20.150696	9.792004	8.367452	10.826961	7.002928
2019-11-01 04:05:00	2019-11-01 04:15:00	23.41191330392947	-7.572109132751415	21.433724641757507	-5.600803413455974	299.696	4.167	-1.278	0.717	0.0206826366861019	-0.0455045653683984	-0.0025659567822067	0.0500501854528461	0.0112481989453166	0.0206826366861019	-0.0455045653683984	-0.0025659567822067	0.0500501854528461	0.0112481989453166	0.0	0.0	0.0	0.0	0.0	5.4347734	-5.633429	-0.7295696	7.8615875	5.4347734	-5.633429	-0.7295696	7.8615875	0.0	0.0	0.0	0.0
2019-11-01 21:00:00	2019-11-01 21:10:00	7.759565671806548	-5.47444225292205	4.471716803917584	-3.2001093804517	309.891	1.975	-2.023	1.688	-0.009110378648836	0.0457081457025159	0.0026514973428754	0.0961806909625636	0.05589209241482	-0.0137055173543091	0.0784505688022529	0.0043722416107528	0.093416236671949	0.0590291332021867	0.0537376541466787	0.0609076949840364	0.0261494472490068	0.0144849949843198	0.0172831829748734	-55.26358	38.3155	20.208683	70.21971	-55.253487	38.319534	20.220934	70.2196	0.8624022	0.10425146	0.35198852	0.7754628
2019-11-02 08:25:00	2019-11-02 08:35:00	14.170720467427904	4.59052382276348	13.402255701286384	0.3363685730127315	303.853	0.733	-2.137	1.418	0.0466893442823874	0.0290896046399556	0.0451134650547927	0.0711429876859149	-0.0018878743878659	0.0466893442823874	0.0290896046399556	0.0451134650547927	0.0711429876859149	-0.0018878743878659	0.0	0.0	0.0	0.0	0.0	-8.15223	6.8128104	21.534534	24.012693	-8.15223	6.8128104	21.534534	24.012693	0.0	0.0	0.0	0.0
2019-11-02 08:55:00	2019-11-02 09:05:00	14.70432672336866	4.545689420196452	13.983890483145489	0.0492797761785813	314.596	0.88	-1.973	1.892	-0.0048341597003802	0.0092519645130959	6.998881293799281e-05	0.0959693334172631	0.0082416686064992	0.0027773782967188	0.0164392879459651	0.0093755928872818	0.0927624099437682	0.0033961128525552	0.0500560913347345	0.0634330587857119	0.0547145602778911	0.0205404046276196	0.0262436007223736	-10.521248	10.844413	16.350727	22.823776	-10.4326	9.113915	16.491669	23.382305	1.7160549	4.0733676	2.7507832	1.3503611
2019-11-02 18:05:00	2019-11-02 18:15:00	22.05095328915249	3.016213951239609	21.737998864790757	2.1456883360023067	300.334	3.1	-0.875	0.52	-0.0082806581995795	-8.863250991761581e-05	0.0205611709495709	0.1305767216279849	0.0032940969237892	-0.0228926938873012	0.0109635868695104	0.0095081535830204	0.1160765857723429	7.979492132839132e-05	0.0819846247799561	0.0871186526209913	0.0834986054573722	0.0687329187782561	0.0263899112150388	5.837358	-3.2217214	-2.7907221	10.637138	6.2471275	-3.3487284	-3.1973658	10.773636	4.02675	4.2605696	6.802321	4.4421167
2019-11-02 18:40:00	2019-11-02 18:50:00	22.39885409435598	2.895156205866057	22.06329810244152	2.556457009267295	260.651	2.99	-1.188	-0.242	0.0220452500549132	-0.0316345628366161	0.0554246077494522	0.1491893382921974	-0.0052227068477127	0.0203873026900158	-0.0448589620294013	0.0522491979939822	0.1218593488461851	0.0014371319959038	0.0619721497136466	0.1249576685883821	0.0981822282879942	0.1067515027094924	0.0238744918869748	6.967452	-5.6261363	-3.4788315	11.782221	6.6313653	-6.682073	-1.4904892	12.087599	2.9643388	4.4670434	5.3902974	3.358189
2019-11-08 04:20:00	2019-11-08 04:30:00	23.4114542641979	-4.892131757616043	22.21627984663276	-5.531011756288233	285.388	-2.947	-0.837	0.245	0.024005256234481	0.0101559336532908	-0.0030584342451186	0.0646138152612048	0.0034085571251435	0.0185007907656104	0.0033080981072887	-0.0042208978567246	0.0689080115765985	0.002657405638574	0.0309001662946139	0.0364970855054588	0.0356344605778593	0.0083950295281396	0.0085906114609305	-3.20549	0.25876206	-0.9059144	5.0104322	-3.3417034	0.13205045	-2.3233542	5.0333233	0.98059046	1.4207256	3.3700542	0.6290145
2019-11-12 00:15:00	2019-11-12 00:25:00	18.05254731090107	-4.734753891755471	17.169666039602124	-2.945670151640828	267.851	1.233	-11.452	-0.43	0.0197421455768885	-0.0233681382395558	-0.0348449255040817	0.0937591585970678	-0.0023811160762833	0.0268781907765427	-0.0370218797239468	-0.0615679380813557	0.0880662238451117	-0.0019000965055974	0.0367825797667582	0.0414907770911579	0.0651639482756848	0.0260766969173466	0.0160854473949279	13.8554945	-16.910128	-21.752974	31.286322	12.969762	-16.0028	-22.316628	31.167904	3.6956408	2.3575497	3.3086777	1.5646815
2019-11-18 20:10:00	2019-11-18 20:20:00	21.15536176502611	-1.4900295772145695	21.00089498161667	-2.0713820330271737	291.211	0.492	-3.415	1.308	0.0246346287887582	0.0275415451363914	0.0242301830144244	0.0441871408101079	0.0013608680377508	0.0246346287887582	0.0275415451363914	0.0242301830144244	0.0441871408101079	0.0013608680377508	0.0	0.0	0.0	0.0	0.0	7.0685844	-7.480287	3.379994	10.8325405	7.0685844	-7.480287	3.379994	10.8325405	0.0	0.0	0.0	0.0
2019-11-18 20:40:00	2019-11-18 20:50:00	20.82257400422964	-1.6129925369660316	20.673173144225306	-1.896600297156472	297.778	1.657	-2.942	1.547	-0.0051954602192406	0.0639547548328528	-0.0304119018785955	0.0710076562667248	0.0002974183601316	-0.0051954602192406	0.0639547548328528	-0.0304119018785955	0.0710076562667248	0.0002974183601316	0.0	0.0	0.0	0.0	0.0	8.258273	-7.715348	3.904115	11.956913	8.258273	-7.715348	3.904115	11.956913	0.0	0.0	0.0	0.0
2019-11-19 00:05:00	2019-11-19 00:15:00	18.27367265415286	-2.4296853369879514	17.97770462322055	-2.196340394079136	289.517	1.338	-3.225	1.097	0.006323142001857	0.0001993418623604	0.0034108247350595	0.0806563136496529	0.0021352170527629	0.0006968994511904	0.0044023728062751	0.0064950141339374	0.0815274219099722	0.0021557549776843	0.0533737331760307	0.0332541874251338	0.0501736110076434	0.0042664120492754	0.0079162288592852	-11.970516	8.51828	11.948753	19.274475	-12.310786	9.126078	12.471275	19.029972	2.7917397	2.6744223	1.7092463	2.2337303
2019-11-19 00:35:00	2019-11-19 00:45:00	17.856170793731774	-2.544024734421397	17.504655901306148	-2.440332863865325	278.784	-0.557	-3.76	0.585	0.0643504521637902	-0.0095839155616421	-0.062055731073171	0.0899096540433933	0.0212644910920026	0.0643504521637902	-0.0095839155616421	-0.062055731073171	0.0899096540433933	0.0212644910920026	0.0	0.0	0.0	0.0	0.0	-15.643725	1.9487386	16.719805	22.979897	-15.643725	1.9487386	16.719805	22.979897	0.0	0.0	0.0	0.0
2019-11-19 21:50:00	2019-11-19 22:00:00	15.34099699368749	8.166803383248412	11.521653138058907	5.991672570042479	297.08	0.96	-2.07	1.06	0.0544123737971716	0.0167748972454593	0.0824580888637719	0.1002069858787528	0.0345137746560608	0.0544123737971716	0.0167748972454593	0.0824580888637719	0.1002069858787528	0.0345137746560608	0.0	0.0	0.0	0.0	0.0	2.0131814	-7.53685	2.9849122	8.352647	2.0131814	-7.53685	2.9849122	8.352647	0.0	0.0	0.0	0.0
2019-11-19 22:45:00	2019-11-19 22:55:00	16.23517281933626	8.356938437951891	12.47381331416278	6.176186122248637	271.866	1.257	-1.893	0.067	0.0262976786260942	0.007669604380066	0.0202210700733546	0.0789258310751054	-0.0004107716422602	0.0368309754296653	0.0164201732186463	0.0275300170402102	0.0735049906785068	-0.0018467188161256	0.0534687221243106	0.041717222353053	0.030196837023471	0.0210017963318949	0.0138941575675513	3.1825519	-5.0969615	-0.5348851	6.1588545	2.8986173	-5.067727	-0.23256597	6.0233555	0.89436996	0.53314877	1.1005896	0.8704657
2019-11-19 23:50:00	2019-11-20 00:00:00	17.22720925183992	8.541248511018823	13.613700392045514	6.203969322979056	295.015	1.717	-1.923	0.86	0.0048786099859136	0.0082856100577503	0.0130495147623536	0.0532978380118814	0.0030081127243308	0.0100380465163225	0.002346473879756	0.0223259082070511	0.0542302500291592	0.0025353648151851	0.032360196006366	0.0247928454381128	0.0334857057545696	0.0143262845352897	0.0091215474756044	4.3416405	-7.2056627	2.8051493	8.9452095	4.397917	-7.4221234	2.8226783	8.9833145	0.8211075	0.98502594	0.84208626	0.98848766
2019-11-20 00:30:00	2019-11-20 00:40:00	17.805716156776498	8.635632111335054	14.326621105702449	6.100408389057935	272.098	0.31	-2.782	0.103	0.0135953854157771	0.0008775915797391	0.0052571404820987	0.0686665264220799	0.0022628139440247	0.0167393487009275	0.000859118407358	0.0132807934622526	0.0696411308432691	0.0022108346457544	0.0445273875469049	0.0330075795728956	0.0449260281673661	0.0242628709073545	0.0139180296847358	3.4176798	-7.133126	1.0367392	8.289654	3.4865792	-7.338779	1.1105499	8.284992	0.9096173	1.2505695	2.0540833	1.2365549
2019-11-22 08:20:00	2019-11-22 08:30:00	21.08252809017713	-0.2544793468439401	19.66740736224972	-7.589364347711918	288.079	-3.403	-2.682	0.875	-0.0088526581913095	0.0077128893482535	0.0113418375041006	0.1005724227381477	0.0002191129911375	-0.0164965843215481	0.0204823557047663	0.001738889016363	0.0943478561251532	-0.0014644046452236	0.0442840176279627	0.0676607824178394	0.0657068740510778	0.0317510987830566	0.0121462758633352	-0.17538129	-5.343317	-0.8620694	9.49283	-0.39836428	-5.2762856	-1.9552653	9.810363	3.4298298	5.0027246	5.930992	3.3434665
2019-12-07 07:55:00	2019-12-07 08:05:00	12.94953884265244	9.742775270150313	7.24036216736418	4.510274924320016	261.925	-0.632	-3.287	-0.47	-0.0029362901944158	0.0277676497105112	0.0042321707585854	0.0844788995408729	0.0066998223353907	0.0009409280790455	0.0433106454670707	0.0039367122627225	0.0818922284893821	0.0046095727767699	0.0357166239502119	0.0479322277786277	0.054354368796367	0.0137282215060432	0.0271715894770583	8.474161	-20.264431	-1.4604677	22.807673	7.8473887	-20.549198	-2.9360194	22.294128	2.2635715	3.8696673	5.4460564	3.7628791
2019-12-07 08:25:00	2019-12-07 08:35:00	13.524146439691265	10.085915875457994	7.854086556654168	4.4144305738301	273.011	-0.91	-3.3	0.202	0.0124154960432528	-0.0187350575430411	0.0018060732642981	0.0876212444130028	-0.0123856641028535	0.0173168857384667	-0.0153419129157681	0.0215065757694401	0.0831393104974586	-0.0008347284900169	0.0619407925909723	0.0367995584412948	0.0461415407122005	0.0122815886131116	0.0403521253394411	5.9723916	-16.398056	-1.9996976	17.680578	5.768715	-15.857691	-2.6548436	17.34074	1.1216034	2.1625235	1.7000108	2.187728
2019-12-07 09:00:00	2019-12-07 09:10:00	14.168837360566917	10.461095805870723	8.531992447906125	4.303966841980649	259.531	-0.403	-3.917	-0.728	0.0034366672083217	-0.0031833022492807	0.0091598832388101	0.1088238985148956	-0.0069342269740841	0.0088842192473383	-0.0022233696821768	0.0080870581632333	0.1000303267191653	-0.0124844941641507	0.0498577700959496	0.0721781846465993	0.0684988384997187	0.0255104904168672	0.0373797452114439	3.5926614	-14.151286	-7.964193	17.421988	3.7120447	-14.236423	-7.713492	17.281425	2.778458	2.849607	4.380119	2.8450594
2019-12-07 11:40:00	2019-12-07 11:50:00	16.813850673947197	11.895121887701883	11.15551004755155	4.094593615725668	264.841	1.005	-4.153	-0.368	0.0156912690426129	-0.0389073430290563	-0.0057842532692108	0.0953807462460041	-0.0087364997750061	0.0161169552073645	-0.0628580530087901	-0.0078003956451244	0.0850122778861444	-0.0068286920144625	0.0513800699358435	0.0650654722386441	0.0300414373395651	0.0217228754740945	0.0119708741740354	6.076931	-13.888074	2.0938385	16.033915	5.8569045	-14.556386	1.683442	16.500742	1.3803391	1.5083915	4.69951	1.8361428
2019-12-13 08:35:00	2019-12-13 08:45:00	21.054705417638985	7.517894520018749	19.106397681881464	-4.66100197206363	268.326	1.123	-3.065	-0.088	0.003002886074874	0.004592628753979	0.0179783103241884	0.1268492440770537	0.0048526075289996	0.0113787078769239	-0.0075961486766103	0.0220918001206333	0.1018364710467477	-0.0016022814766366	0.0745907389098091	0.0798582472633787	0.0930657824676141	0.0697492389653317	0.0353863515914088	2.0227916	-6.70233	-0.48947045	8.119504	2.0501013	-5.2976665	-0.36927283	7.3866777	3.1218164	3.9598606	3.0351405	4.238452
2019-12-27 14:35:00	2019-12-27 14:45:00	16.542581447505732	8.1858870659332	14.164114271249142	-2.4546135624220677	298.993	1.882	-3.03	1.668	0.0001493914130079	0.0313073515958363	-0.0078877389677735	0.0634715931024958	-0.0008614716322477	0.0001493914130079	0.0313073515958363	-0.0078877389677735	0.0634715931024958	-0.0008614716322477	0.0468454648898969	0.0123994496163621	0.0269349065287321	0.0093530207978672	0.0041245993352865	7.6614027	-7.4532433	9.325388	14.19369	7.6614027	-7.4532433	9.325388	14.19369	0.77718616	0.6250112	1.5129561	1.7417316
2019-12-27 15:05:00	2019-12-27 15:15:00	16.069692237702668	7.78382041473706	13.874143802800262	-2.2702863581767176	279.925	-1.163	-3.363	0.587	0.0047142525461777	0.0007081309296372	0.0019684050539092	0.0978226745490737	-0.0012277958300432	0.0060556281877156	0.0136185979828849	0.0082871141381634	0.0951717257535985	-0.0040553497577145	0.0530796302337621	0.0708762112399789	0.0489909612101944	0.026425808119918	0.0179184624437631	5.051239	-11.053189	0.6095786	12.884931	5.0532727	-12.062649	-0.07258581	13.11057	2.847337	2.9159129	2.8365028	2.5872338
2019-12-27 17:15:00	2019-12-27 17:25:00	13.831057532591814	5.925366606473838	12.40852469961054	-1.4884343143122782	257.661	-0.582	-3.548	-0.782	-0.0146767240976487	0.0129769104566548	-0.0215217688364232	0.140512033503462	0.0033581730905223	-0.0140658999994221	0.0274202292920292	-0.0321326391393844	0.1363892218231398	0.0060891420629146	0.0858833544499389	0.0842331119122373	0.0797174344764725	0.0439249187058208	0.0344182284052705	11.204081	-11.139473	2.0436084	23.187407	11.138534	-11.296852	-0.4374121	23.248465	6.7199173	6.382987	14.804464	4.6056247
2019-12-27 17:45:00	2019-12-27 17:55:00	13.264867813608342	5.467242083447385	12.010974486090184	-1.3420815664138968	271.201	-1.547	-3.177	0.052	-0.0016226917148898	0.0112834618346068	0.0030913866752044	0.0980678879585072	0.0109507524789265	-0.0035657931444343	0.0164991993779694	0.0058000795398972	0.0864808956807962	0.0112968016094789	0.0499567765423533	0.0559958441428956	0.0761013329757497	0.044100143160447	0.0229725774847229	1.3907824	6.0179524	20.330988	23.305809	1.5451705	4.888871	20.994068	22.504335	6.6435013	6.0595465	7.0697093	6.25886
2019-12-27 18:15:00	2019-12-27 18:25:00	12.677319937489289	4.997091317034948	11.586962498565867	-1.218390427746138	312.292	-1.527	-2.648	2.408	0.00780830414887	0.0188716031387183	-0.0008324429293326	0.1075716861606412	-0.0031288731946745	-0.0050986346157172	0.0523825802070514	0.0184208819032347	0.1134287075410431	0.001285039028917	0.0374481185290096	0.076002499624183	0.0663433108035269	0.0206472452243325	0.0142778369914453	-11.2142	16.438112	25.741228	32.73232	-10.494557	16.762945	24.928234	32.905617	2.573091	2.0553086	1.8304135	1.1710694
2019-12-28 06:30:00	2019-12-28 06:40:00	10.994077678081815	9.369950923625396	1.204697070209858	5.622991131499785	278.249	0.725	-3.107	0.448	0.0219604357555965	0.0034301992213011	0.0059196277050369	0.0924602804970166	-0.0053464868374375	0.0278485463735434	0.0058263540985522	0.0069952968241885	0.0929224926455339	-0.0003341597489018	0.0310663491926623	0.0222787049943077	0.0818600633550834	0.0119454697996708	0.0174533642468181	-21.823778	4.895644	43.958782	49.358116	-21.815712	4.4319286	44.013397	49.352516	0.24231544	1.854977	1.0191288	0.96641415
2019-12-28 09:40:00	2019-12-28 09:50:00	14.732709882449685	12.71354532258817	4.210572990221297	6.139039455132489	280.454	-1.293	-2.697	0.495	0.0034696469424142	-0.0008104617212302	-0.0089041036478471	0.2343628827754142	-0.00746000402761	0.0120071532003996	-0.0191035618710149	-0.0107499040340976	0.2056093452545015	0.002367961795451	0.1621183015217942	0.1455583679480584	0.1363574526632308	0.1059667617788457	0.0790260883159761	-1.0616308	-7.330717	4.261172	10.286165	-0.9509178	-6.708234	3.2117596	8.999599	3.579658	4.5931506	5.0485597	5.1592417
2019-12-31 06:40:00	2019-12-31 06:50:00	12.584336078007198	5.575812200380203	10.937342341357809	-2.76510215962926	251.043	2.247	-1.445	-0.498	0.0225679348833156	-0.0151924341296845	0.0085390543807342	0.0916977275046322	-0.0081038540275706	0.027809238989924	-0.0277571312008932	0.0119909667834508	0.0858326846924651	-0.0103254917604607	0.059896228648852	0.0440413163882057	0.0532480040560755	0.0276967444188512	0.0311918714381158	5.9135466	-10.967882	-13.228696	18.311485	5.5438647	-10.862332	-13.23403	18.90635	2.1773088	2.932384	3.4813032	4.517886
2020-01-04 10:25:00	2020-01-04 10:35:00	15.077749247371331	13.345482911145323	2.5069919441579067	6.55364059321565	261.295	0.333	-3.783	-0.575	-0.0227829878453995	0.0650332984975221	-0.0160354456290026	0.070749770071373	0.0016266464919699	-0.0227829878453995	0.0650332984975221	-0.0160354456290026	0.070749770071373	0.0016266464919699	0.0	0.0	0.0	0.0	0.0	3.686011	-20.192814	-1.3256866	20.569244	3.686011	-20.192814	-1.3256866	20.569244	0.0	0.0	0.0	0.0
2020-01-04 10:55:00	2020-01-04 11:05:00	15.581016292405018	13.81802989643992	2.809979220713176	6.628199339261838	248.273	0.792	-3.567	-1.43	0.001463826717867	-0.0017821527643286	0.012727407404584	0.0743838780705888	-0.0048646569681741	0.0004964513683532	-0.0023169873082439	0.0212425832919308	0.080371394243798	-0.0005540711103125	0.0409225727535573	0.0363549186758693	0.0540008028313641	0.0233830754754056	0.0203181525210837	0.16361345	-13.689874	-2.4082422	14.374993	0.6021916	-13.757103	-2.56047	14.309511	2.219607	1.8271452	2.9454858	1.8813943
2020-01-04 11:25:00	2020-01-04 11:35:00	16.06815376739624	14.272544880642648	3.089188152849179	6.703438400040782	241.972	1.068	-3.507	-1.867	-0.0221977560580927	-0.0344166142964161	0.0694063560932017	0.3017454198870649	-0.0090953426158857	-0.0181814194802254	-0.0530478463127113	0.0799502911354149	0.2748293308846091	-0.0021062474906644	0.150629274947618	0.1940044883530539	0.1990284601162006	0.1240299780922318	0.1122290321330468	2.795517	-8.154438	-6.1312113	11.68687	2.6565442	-7.6254883	-5.333904	10.376728	2.608146	4.498047	5.084403	5.3108015
2020-01-07 22:50:00	2020-01-07 23:00:00	15.510694808877988	13.861922312365664	-0.6562878504842588	6.927981697239371	311.777	3.66	-0.893	0.812	-0.0220620201005516	0.0101913265665407	0.0569870210076157	0.2061809062260924	-0.0087471319986303	-0.0158693912406078	0.024163423845289	-0.0023720704841833	0.1346669664656884	0.0003953094554456	0.1135830684745206	0.1069454363354307	0.177285038481845	0.1307515774504664	0.0718772551532091	1.1554095	-4.737236	2.7980855	12.257754	1.2738076	-2.75468	3.0299819	10.479895	3.0570762	7.645657	10.10675	7.1624913
2020-01-10 18:55:00	2020-01-10 19:05:00	12.475119661315906	7.439642348855013	10.007094339436174	-0.3700662445439401	240.35	1.498	-2.802	-1.59	-0.005968034152607	0.0172616319743792	-0.0050531363671463	0.1102963055923006	-0.0038376188396555	-0.0073645579329036	0.0232243967906288	-0.0070263359282197	0.1025212681063088	-0.0037433104904796	0.0756810295130486	0.0698326903146353	0.0616327618164225	0.0509574403179257	0.0488770537103053	8.507782	-11.851787	-1.3281971	23.674665	6.769842	-12.949066	0.15856037	23.666779	11.104909	8.144497	14.876455	8.067357
2020-01-11 10:45:00	2020-01-11 10:55:00	15.3239697964539	13.736959541601246	0.7516500047239782	6.7493549974472655	293.706	2.762	-3.173	1.372	0.0069126905923333	-0.0063792429303444	-0.0049710870319109	0.1092324932096254	-0.0009641673013981	0.0094479237955153	-0.004314100206937	-0.005344693059927	0.0997192753703409	-0.0004607694090908	0.0673395728000857	0.0690763794720824	0.0636485455473607	0.0392269777224969	0.02808256136867	1.3935069	-14.084058	0.28126827	14.920311	1.3394085	-13.910402	0.40383443	14.4985695	3.0764933	3.6564932	3.6808019	3.7615218
2020-01-24 17:45:00	2020-01-24 17:55:00	14.356550478115327	11.621456599953603	8.42331429789155	-0.3144498465042181	277.168	-1.322	-3.192	0.413	0.0070969817198503	0.0080971260471403	-0.0030976930554242	0.1475816665024399	0.0018182199494134	0.0015436673595581	0.0112986960014274	-0.0033159113344081	0.1299605941822904	0.001033855963962	0.0884726454841657	0.1032436528366613	0.0830706235618526	0.0610947408813746	0.0317693674033912	-1.9286579	5.9101186	2.6301281	12.599355	-1.930381	7.7530274	3.3270838	12.501888	4.8203745	8.428754	6.6838865	5.077138
2020-01-25 08:25:00	2020-01-25 08:35:00	12.214895972848543	10.109552934986858	-3.767358575496386	5.727563276511155	281.344	-3.288	-4.245	0.845	0.0095650528756377	-0.001889227363872	0.0100451609532555	0.0909008692230106	0.0066414148753753	0.0135225721142603	0.0027202041753736	0.0241064214520146	0.0864184086934835	0.0088524136653765	0.0412619529654768	0.0462283641907798	0.0663255881283143	0.0131030801139066	0.0119610466932689	-10.483617	-22.745478	8.7310915	26.741472	-10.732943	-22.877104	8.6073885	26.963526	1.3426142	2.8157701	2.8168724	2.4606233
2020-01-25 08:55:00	2020-01-25 09:05:00	12.820261491037742	10.771491312257108	-3.625512660427107	5.931899615767662	269.83	-2.917	-4.275	-0.04	0.0126482221140957	0.0135209143007344	-0.024791002971267	0.0868691896015254	0.0004166426346926	0.0227493506429304	0.0266287652048627	-0.0259192105566362	0.0832304812757318	0.0048234570116434	0.0408032632074992	0.0583631557710386	0.0425940369115808	0.0172205282390233	0.0261254960556088	-7.4686193	-23.830276	1.524339	25.201458	-7.342553	-23.828499	1.381838	25.156622	1.9993314	1.8450853	2.5003526	2.1273918
2020-01-28 20:00:00	2020-01-28 20:10:00	11.217298356924644	8.768761005708159	-5.749927443651572	3.984069011604994	251.852	3.867	-4.617	-1.52	0.0190401805888802	-0.0004387940184489	-0.0005464772208789	0.1088796837704816	0.0015206977764662	0.0308604198808963	-0.0024340347112129	-0.0012697778529579	0.0976369981847855	0.0041372340115064	0.073952563459644	0.0670942906742923	0.0598397738521998	0.045383456616505	0.0534302833396063	-1.838793	-19.866838	-17.263245	27.55372	-1.6763312	-19.924608	-18.334757	27.199795	3.0747862	5.6942916	7.6079874	6.0535336
2020-01-28 21:55:00	2020-01-28 22:05:00	13.549382525176291	11.34359121054753	-6.01816177708821	4.323073526579393	272.711	5.903	-4.568	0.202	0.0180391806135424	0.0242073482107287	-0.0081537855905681	0.1539031178626358	0.008697944328235	0.0302089076347528	0.043658834001388	0.0073819785439714	0.1415807383644797	-0.0006440546038111	0.0840906069508869	0.092711286623811	0.1017794523372041	0.0575968058063313	0.044653367913098	7.7142787	-3.828696	-1.405669	11.710294	7.021999	-4.389521	-0.46404243	11.887707	3.132248	5.160582	5.715173	2.8495188
2020-02-04 06:20:00	2020-02-04 06:30:00	14.149147521128125	12.588472790848831	6.318328316315068	-1.3435371484227745	241.652	-1.033	-3.862	-2.078	0.01401702700588	-0.0078349705584089	0.0362364975432827	0.3543102737834325	-0.0028861228810775	0.005771097058147	-8.715678194561777e-05	0.026842564334139	0.2661067247402868	-0.0078233044852374	0.2704839464827306	0.2445914272506252	0.1996011907232221	0.2210482851843617	0.1422544913015124	-1.1841445	-6.8502345	-10.552376	14.735317	-1.9418466	-5.72091	-10.016697	14.03337	4.7501574	6.6876316	7.33301	7.975739
2020-02-04 06:50:00	2020-02-04 07:00:00	13.59620371022524	11.96995876308086	6.255548101318286	-1.562865774435135	243.442	-0.908	-4.078	-2.038	0.0052945602689302	-0.0061537168851114	-0.0040884638915703	0.0843883735169954	-0.0067703565716052	0.0158269463569604	-0.0092145734961393	-0.0141917450497347	0.0800432974368909	-0.0043126065104513	0.0552173272750946	0.0484104289688034	0.0454525735234935	0.0204860405239577	0.0282041792773379	-0.28492537	-12.018927	-11.747871	17.125051	-0.19511618	-12.156303	-11.8158	17.151752	1.9809452	1.885197	2.5883853	1.8597586
2020-02-04 20:30:00	2020-02-04 20:40:00	11.735198339833746	8.792778874132225	-7.00834049816291	3.359005215075035	245.156	-1.912	-5.257	-2.427	0.0019606625615785	0.0142025603709079	0.0159884336597015	0.1253380590341488	-0.0044642685799122	0.0035304891803513	0.0437063236949687	0.0171322426951655	0.0994248150122491	-0.0031503121833016	0.0731306989710709	0.0915101981955518	0.0855737154325029	0.0761356300684648	0.0447071900953904	-7.479392	-27.290012	-23.316833	38.114426	-8.8070755	-27.56987	-23.321638	38.14965	8.111061	4.311176	5.5180387	2.5447438
2020-02-04 21:15:00	2020-02-04 21:25:00	12.65864188593283	9.813621140494115	-7.230240545751581	3.414065678354796	230.528	-1.123	-4.448	-3.66	0.0148352084956905	-0.0667520519687731	-0.0217803789119322	0.0767211599462056	0.0161731247986085	0.0148352084956905	-0.0667520519687731	-0.0217803789119322	0.0767211599462056	0.0161731247986085	0.0205407285409876	0.0143957438219489	0.0115916781072292	0.0052625417558264	3.8500388390348e-05	-5.986185	-22.470953	-13.305304	27.004993	-5.986185	-22.470953	-13.305304	27.004993	1.8032391	1.1828251	2.6113534	0.09734821
2020-02-04 21:45:00	2020-02-04 21:55:00	13.245266001015452	10.46352949905151	-7.348050025030304	3.457762697090444	232.325	-1.683	-4.478	-3.458	0.0201177840557313	0.0276572795958564	0.0086516490360979	0.072398249278142	0.0007866852839605	0.0253280325827239	0.0438914342483593	0.0084061961979874	0.0709418526794633	-0.0005671828773124	0.0254654279687471	0.0537233148809469	0.02314748504453	0.0085722534829421	0.0038387435903907	-6.887101	-21.657162	-10.751155	25.269918	-6.62111	-21.66449	-10.619898	24.657854	1.5990429	2.4520302	1.8961319	2.3765588
2020-02-04 22:15:00	2020-02-04 22:25:00	13.810649162103504	11.090919466463676	-7.442861498715978	3.5110998740153456	227.103	-2.155	-3.685	-3.408	0.0309399156752548	-0.0317446508829864	-0.0031324690283865	0.0746660654038356	0.000523444183885	0.0282875115843784	-0.0604007330995933	-0.0007557601443456	0.073235575566599	-0.0011838159474723	0.0375028851283658	0.0463089321994546	0.0108041965056393	0.008216236214719	0.0081981893543705	-1.695974	-12.405832	-16.036037	20.578619	-2.5226495	-12.27105	-15.833526	20.187826	2.328986	1.6159188	1.6537173	1.1072953
2020-02-08 11:45:00	2020-02-08 11:55:00	15.230787762956972	12.368130372644318	-6.744622698426906	5.7892176488796485	251.503	2.003	-2.513	-0.808	-0.0080980756481759	-0.0112939943371447	0.0068998113050329	0.1626471477716123	0.0003030729775622	-0.0034081136853463	-0.0056568947559662	0.0157642345327807	0.1466383128366444	-0.0008429701839682	0.094900275773427	0.1098798481790694	0.0924737962046354	0.0584610316135432	0.029346666859197	1.268918	-7.9268303	-4.1967697	14.396361	1.4918722	-8.502041	-4.3138227	14.388131	6.9069996	7.067412	7.465794	5.30994
2020-02-08 12:15:00	2020-02-08 12:25:00	15.729255809019971	12.92380775363972	-6.8163708962140745	5.824136211614827	240.425	2.34	-2.113	-1.215	-0.0077771090578046	-0.029837984823135	0.0390809707300666	0.1789195392747047	0.0016916066582309	-0.011827004109251	-0.0283821928740358	0.0519034963059054	0.1533169452314083	-0.000881041705585	0.1057324790576163	0.1067839244033346	0.1239631445777214	0.0917329513031045	0.0415086256287427	1.7111319	-4.7331777	-1.3140777	6.9425864	1.5358055	-4.2353296	-1.0986578	6.108534	3.065052	3.7763035	3.1668274	3.5414774
2020-02-08 12:45:00	2020-02-08 12:55:00	16.211838551316777	13.462889818722822	-6.895451429450428	5.833170990825198	241.912	1.758	-2.323	-1.24	0.009240486877938	-0.0089572866958096	0.0072964153532857	0.1460170013153365	-0.0032013500725701	-0.0041377140293141	-0.0035755164099623	0.0090113436095614	0.1200263738853658	-0.0034291300793648	0.1074503200784513	0.0836432198957594	0.0956708863951518	0.0811946464349901	0.0299735198996681	4.6443605	-2.8822026	-0.21092603	10.532454	3.8038273	-3.5857093	-1.3045421	10.505508	4.7387667	5.3343825	7.458553	5.0527883
2020-02-18 21:15:00	2020-02-18 21:25:00	12.043226053631711	7.6645179644827985	-9.096731074080052	1.8819074361267027	271.245	2.78	-8.517	0.223	0.0049039758205924	-0.0027781603302205	0.0063648787315616	0.1228318879169638	0.001437583493901	0.002845638278952	-0.0008518361531437	0.0084505013642315	0.1125202350798442	0.0022385874946862	0.0826968415768602	0.0917874440321108	0.0401762040984122	0.0431559498816185	0.0416656827531083	-19.833904	-38.346157	-3.6036642	44.607517	-20.428322	-38.603622	-1.1556503	45.023247	4.8209577	4.1003184	9.333352	3.7594156
2020-02-22 10:55:00	2020-02-22 11:05:00	13.694507537301838	9.019967722316611	-9.175839111647235	4.688503119534766	310.289	4.11	-0.987	0.807	0.0110765150031663	0.0069865436415038	-0.0052452974986317	0.1083233033236561	0.0040864834344293	0.0117110790358479	0.0095603702435577	-0.0037294548219343	0.0977603386985455	0.0040146601456359	0.0621119872864622	0.0687261375003919	0.0685274363242233	0.0417404665658791	0.0294874464760058	4.7493052	2.5801682	5.134405	12.142563	3.7985654	2.0085008	5.6432123	11.532215	5.996281	7.007762	6.162133	5.5829616
2020-02-25 06:20:00	2020-02-25 06:30:00	15.15552269795159	14.840496128790184	1.6245373243907506	-2.609471248417258	260.645	3.683	-1.972	-0.4	-0.0048077801460604	0.0181284165388651	0.0184645633649532	0.1101804696486024	-0.0093420372351427	0.0051805103848366	0.0221507218919951	0.0488962568173428	0.102883914536306	-0.0100120635389266	0.0482747187848751	0.069315243724387	0.0716090183469209	0.0285632883147378	0.0175851602977324	4.8906226	-4.257977	-0.06466004	8.330294	4.8752217	-3.9749014	-0.8445754	7.9501324	2.1285963	3.666821	3.9231627	2.454923
2020-02-25 06:55:00	2020-02-25 07:05:00	14.55290364864816	14.193629390988429	1.7827181880354452	-2.673683660279076	277.735	4.022	-1.658	0.215	0.0146365987622518	0.0040059297845005	-0.0089626116620688	0.2094467078872154	0.0014136485050705	0.0144570887842259	-0.0010744756450892	-0.0085093990285586	0.184872114854534	0.0031861362338241	0.138645026642983	0.1433838792668244	0.1020510286301255	0.0814768381239813	0.0524141198279531	3.3284922	-6.318236	4.4103093	15.429791	3.3694258	-7.6831627	6.483521	16.328117	5.354128	9.260802	9.237984	5.6692877
2020-02-25 07:25:00	2020-02-25 07:35:00	14.017011426240511	13.614477443351737	1.9185030293202596	-2.727746069145643	290.969	3.922	-1.917	0.725	0.0101518201506152	0.0065960371626571	0.0020276752171368	0.114442713552425	-0.0060549042111673	0.0159991800195109	0.0069447746237142	-0.0011405888411473	0.1049458974806915	-0.0065314371062608	0.0855250333400526	0.0663789526401127	0.0467546065514447	0.0309876403645261	0.033594295648884	3.2021685	-9.687234	7.5913625	13.44213	3.2270696	-9.3572035	7.2257833	13.501918	2.385901	3.058357	3.3341215	2.6826804
2020-02-25 07:55:00	2020-02-25 08:05:00	13.46202418313463	13.010753387160577	2.0550955142519864	-2.7787498737465666	294.509	4.462	-1.19	0.568	-0.0193851489822036	0.0027307844649653	-0.0031358455795286	0.1019949844960554	-0.0024191948097426	-0.0321431188381535	0.0026824903449786	-0.0087793358391789	0.0980767741735733	-0.0005659240946887	0.0741709012604124	0.0635964432682088	0.033728215658443	0.0259522748840095	0.0414613695375792	3.3338504	-11.2374525	6.083077	13.740511	2.8816247	-11.210468	5.7481146	13.935314	2.154283	3.892081	2.885695	3.703176
2020-02-25 08:25:00	2020-02-25 08:35:00	12.8866155639795	12.380505905827052	2.192895247641034	-2.8244348511550275	243.076	2.33	-2.35	-1.217	-0.0059921681648405	0.0106960332711597	-0.0074344945302614	0.120734159334577	-0.0115591532240194	-0.0043641983480467	0.007868063949993	-0.0051016349895286	0.1154950775737348	-0.0106864230244045	0.0974902165995736	0.0623576983721162	0.0490104249515282	0.0377318475372719	0.0361224386764169	5.95629	-7.2194686	15.594579	19.468805	6.3261313	-8.062357	13.561012	18.959585	4.4406915	4.8679767	7.2222137	6.8798203
2020-02-25 11:50:00	2020-02-25 12:00:00	8.254392078990387	7.125608407862612	3.1116718412682864	-2.770089752421694	248.334	1.252	-2.78	-1.107	-0.070993737936446	0.0134451523309443	0.0032933589002503	0.0723306930717308	0.000824056957708	-0.070993737936446	0.0134451523309443	0.0032933589002503	0.0723306930717308	0.000824056957708	0.0	0.0	0.0	0.0	0.0	50.061657	29.510761	38.283195	69.5892	50.061657	29.510761	38.283195	69.5892	0.0	0.0	0.0	0.0
2020-02-26 01:10:00	2020-02-26 01:20:00	15.729343899947049	10.582786337273731	-11.574763618397744	1.20016180856257	232.602	4.093	-1.602	-1.213	0.0021211383920522	-0.0153524526228797	0.0118984469723971	0.2403984671249933	0.003372000662934	0.0069184367289271	-0.0044041906123752	0.0170510165123823	0.2077200247037958	0.0006117837433473	0.1455485859900137	0.1501817366681854	0.1573391995448835	0.1052849262701635	0.0638639872812261	4.065505	-2.3812144	-2.661691	15.224064	4.341721	-1.9743028	-3.3632727	15.335888	5.9210596	9.066143	10.882216	5.760863
2020-02-26 01:40:00	2020-02-26 01:50:00	16.209231269995232	11.094183976464969	-11.743887985035656	1.318318182099029	234.688	4.177	-1.678	-1.137	0.0021413653387841	0.0003229424279251	-0.0034655133373411	0.2144391539780331	-0.0030936674893529	0.0066467455839164	0.0099508532677931	-0.0076647660717624	0.1980289406437874	-0.0052641373794236	0.1282571519611177	0.1261930450685922	0.1498239525819422	0.0940975407826349	0.0620268637268666	3.9031363	-1.8947413	-2.450349	12.071993	3.976963	-3.4615266	-1.103837	11.297363	5.158141	7.8865457	7.6088233	5.0787735
2020-02-28 20:40:00	2020-02-28 20:50:00	12.588329699595768	12.112155867581285	2.3811446250885524	-2.467696448049022	249.69	6.517	-2.668	-1.027	-0.0244225642315142	0.0007605192945214	0.0002580836498786	0.0907999863114964	0.0030433799187667	-0.039668155306084	-0.0084667198879947	0.0035346739875931	0.0917931557928174	-0.0076180939851032	0.0619592735375376	0.0521187275971417	0.0372380298050911	0.0171596425851912	0.0377371151118558	6.9756784	-4.395255	-0.5075067	9.128449	6.9667444	-5.2616224	-0.93802893	9.12419	2.318864	3.0107746	2.4363003	2.298867
2020-02-29 11:10:00	2020-02-29 11:20:00	13.609501505073048	7.775687991817151	-10.32601297390856	4.257804520708405	263.767	3.497	-4.727	-0.488	-0.0074503942261559	0.0097069190202115	0.0236268998410043	0.1145581148676579	-0.0177407471949239	-0.0121274432514587	0.0065319550352092	0.028587804062524	0.1144485507302499	-0.0088538103704647	0.0836986886065537	0.0453011673667809	0.0673667718177909	0.0343562155869309	0.061161625032318	4.1897883	-5.3682575	-2.6662722	9.271079	3.8169193	-5.73746	-2.1536684	9.4641485	2.6064172	3.2598305	4.4302487	2.139073
2020-03-03 07:35:00	2020-03-03 07:45:00	13.88799937233505	13.504802813699612	0.4629746358296742	-3.2064438475490853	258.125	-1.05	-2.453	-0.515	0.0082404277801499	-0.0058915483891906	0.0119137315222568	0.0764309043824391	0.0043049246671823	0.0160424199394924	-0.0058900569957987	0.0135773045535368	0.0736343896657554	0.0005205880964013	0.0592504578622758	0.0373391250979195	0.0378129627361311	0.0271572461295388	0.0352168406002562	-1.1512808	-9.334494	-2.039274	10.061894	-1.0865438	-9.230846	-1.8824093	9.985241	1.7524195	1.9835294	2.318306	1.9377979
2020-03-03 08:35:00	2020-03-03 08:45:00	12.749909310473798	12.308641941389352	0.8707933397469265	-3.208990235622395	304.577	0.927	-2.323	1.553	0.0165313467535062	-0.0027746635903207	0.0060388228115565	0.1129853570960128	3.695442605041767e-06	0.0547298081125373	0.0067080395222168	0.0005910283915901	0.1007127718350714	-0.0063577781531711	0.098760415762082	0.0531879227602821	0.0439828399281619	0.0454843456978257	0.0540903964897985	2.5091777	-15.296312	6.852207	19.727892	3.1853764	-15.267143	10.575685	19.969925	3.2416036	4.1276946	9.12085	2.9617493
2020-03-03 09:05:00	2020-03-03 09:15:00	12.148260708716114	11.667493049535844	1.0839678080125286	-3.205147297393855	296.985	1.93	-2.438	1.235	0.0228664634724765	0.0234681371593188	-0.0040062885384577	0.1394085233793106	-0.0098838165164656	0.0600667296160124	0.0205518190940077	-0.0069681410770654	0.121150877790339	-0.0045441887812683	0.1122982272533212	0.0815186390875956	0.0473379387582738	0.0561427054864177	0.0847156178737588	8.280809	-15.553977	19.316723	26.559587	8.631211	-16.80638	20.521664	27.506351	2.7736313	4.1210113	3.9772115	4.326208
2020-03-04 00:40:00	2020-03-04 00:50:00	15.151414751106268	8.749647149996997	-12.364750296151366	0.3473955227166904	297.141	1.847	-2.15	1.098	0.0097742135836096	0.0034483968015494	0.0014378388918031	0.1604561086220372	0.0020626672958738	0.0064007544162485	-0.0008787925222964	-0.0075094942406396	0.1404203812013489	-0.0001399182361931	0.1022209604171048	0.1072211512714587	0.1011756588887546	0.0809033080805521	0.0402113937131203	-0.7550407	-2.0359035	4.6248326	13.182376	-1.1635292	-1.2929015	4.218721	12.5039425	7.557737	7.8560805	8.642361	6.7717667
2020-03-10 09:15:00	2020-03-10 09:25:00	12.346111594611394	11.798520143837877	-0.2715769944278478	-3.625724572180933	228.613	0.91	-1.667	-1.47	-0.0263234056170705	0.002338261884615	0.0042085243113098	0.1281040796847092	-0.02653594207008	-0.0814479608816139	0.0087194975331316	0.003392911921309	0.1127112948404325	-0.0159213789731878	0.1220205232880824	0.0443923170195591	0.0310086365952214	0.0461158004841229	0.083610908043871	-1.125047	-8.402743	-5.379636	10.60076	-1.1117665	-8.067387	-4.7618756	10.317277	1.3840802	2.1495368	3.3045151	2.4273858
2020-03-10 10:45:00	2020-03-10 10:55:00	10.418782533368889	9.803801989191651	0.6385425450144677	-3.4678231255669587	266.864	-1.225	-2.093	-0.115	-0.0193499402002667	0.0440021388814794	-0.0256627883993919	0.304248520987513	-0.0221812578698423	-0.0356472759386587	0.0551645470924449	-0.0312041664625602	0.2687801312396286	-0.0206720428425653	0.2821541526925586	0.1398276363122947	0.0952470303810048	0.1365165013907873	0.1468950315420065	16.564535	-6.577363	40.54451	44.672825	16.054474	-7.643882	40.804222	44.619637	3.394652	4.4495983	3.0362253	2.5263944
2020-03-13 18:50:00	2020-03-13 19:00:00	15.032009460954702	14.27626480293525	-1.5945461580757945	-4.427696447244057	234.924	4.437	-1.415	-0.992	0.0074455512244206	0.0161055693521856	0.0154522417837352	0.1699403159663727	-0.0135390741150564	0.0254936473035979	0.0301770423681579	0.0088016599205622	0.1443304395089349	-0.0090356329377291	0.1147747724112867	0.10810095750439	0.0893825129739688	0.0672471962505221	0.061961123997682	3.1590455	-4.2267914	1.0508174	10.7443075	3.0636947	-3.6027808	0.77021813	9.504737	3.4252973	6.7255487	7.6388392	5.3690734
2020-03-13 19:20:00	2020-03-13 19:30:00	14.515709863794829	13.794635693584317	-1.1886378331007246	-4.358726604815261	248.684	4.128	-1.82	-0.707	-0.0016417448550425	0.006306390491666	-0.0054176477378805	0.2235983745845477	-0.0090890392162558	-0.002088324116412	0.003272963314582	-0.0111911825197426	0.1953549008377087	-0.0119922280519499	0.1366296316544108	0.1675246979992763	0.1333549182972997	0.1207944477085379	0.1071645147052543	3.9857848	-8.766258	-1.1081614	18.485262	3.4631987	-10.816987	-0.7123321	18.217434	6.1544065	11.067945	11.359623	6.455544
2020-03-13 19:50:00	2020-03-13 20:00:00	13.98161980528449	13.29071027815847	-0.7908333775574482	-4.2678783620867815	248.187	4.305	-1.657	-0.66	-0.0012937821604056	0.0107100188366818	0.0027865249041094	0.1230195930461853	-0.0106411404621391	-0.0079767847500074	0.0112417724592917	0.0030226337828759	0.1128111050088984	-0.0119979937917898	0.0853590311507252	0.0892095822107737	0.0564045965961434	0.0584492523300152	0.0559179065827754	3.862363	-11.152644	4.477811	15.5884695	3.3972442	-12.019052	3.7896552	16.073751	6.104864	5.810754	6.066956	4.9185224
2020-03-13 20:20:00	2020-03-13 20:30:00	13.428595064254656	12.762726035707354	-0.4028318393116808	-4.156342932967519	257.207	4.023	-2.135	-0.475	7.313667784116145e-05	-0.0070277043118529	0.001768264829966	0.1055940137461392	-0.0001237447075289	-0.0109704803406543	-0.0104601496431335	0.0011461791920412	0.0975162184460101	-0.0031229351106121	0.0920238408987293	0.0559629899606082	0.0297597434966376	0.0372600438865681	0.053142731257172	-0.16144462	-13.284121	-0.71563756	14.331162	0.25723934	-13.779631	-1.6704689	14.834192	2.5896509	3.5981226	4.6574244	3.6011467
2020-03-14 00:30:00	2020-03-14 00:40:00	7.849317269274155	7.031408306704722	2.3091321935151075	-2.614187163469914	274.871	3.472	-1.302	0.107	-0.0324052034572828	0.0745713036344973	0.0098496644413319	0.0873788297865431	-0.0171754179626302	-0.0277988603532149	0.0812836191117553	0.0094191021173134	0.0860232526926053	-0.0202825197097705	0.0221278656644861	0.0239235818499416	0.0055881630133335	0.0128895424611367	0.0198582149289993	67.51369	28.23805	40.281883	83.54207	67.506096	28.138428	40.293377	83.600136	1.7581321	1.3918577	0.29767728	1.9887282
2020-03-14 12:10:00	2020-03-14 12:20:00	14.186240456455584	5.799280476745544	-12.459097826350936	3.5194509194610704	255.54	0.318	-2.513	-0.648	0.0154948795998543	0.0148742714287304	-0.0117935129944381	0.1063586038370035	0.0034165834028697	0.0128668687602925	0.0149456712334514	-0.019141745323818	0.0902690273266466	0.0025394479733048	0.06547378866626	0.065698088383409	0.0666898761660667	0.0483618132986808	0.0287596066982751	-7.063603	-5.4433765	2.5884657	15.623948	-7.7218847	-6.1007624	0.76093686	16.737053	6.922567	7.4660416	9.147567	5.4276123
2020-03-14 12:40:00	2020-03-14 12:50:00	14.713417520022253	6.265901695716107	-12.867385938343457	3.413391702211118	267.306	0.228	-2.722	-0.13	-0.0355045085037145	-0.0583384890460105	-0.0156731893812798	0.0700685256990847	0.0131359824270455	-0.0355045085037145	-0.0583384890460105	-0.0156731893812798	0.0700685256990847	0.0131359824270455	0.0	0.0	0.0	0.0	0.0	-11.670818	-15.984112	-6.30135	20.770336	-11.670818	-15.984112	-6.30135	20.770336	0.0	0.0	0.0	0.0
2020-03-14 15:30:00	2020-03-14 15:40:00	17.397982959078075	8.728492984914332	-14.915373270753262	2.007760738745479	236.695	2.193	-1.253	-0.823	-0.0096621480810896	0.0034096510688688	0.0001693941628749	0.134036374575601	-0.0018840541064338	-0.0089909136887295	0.0091792770709953	-0.0035917328211865	0.1177357033185337	-0.0034550837547791	0.0838144789907996	0.0821817046420695	0.0926238766001711	0.067060747041643	0.0292193976583079	2.959166	-0.49935058	-3.8535478	10.84055	3.5127277	-0.39155638	-3.8145633	10.59967	5.398853	5.4870615	7.27032	4.2954984
2020-03-20 20:05:00	2020-03-20 20:15:00	14.039240327037264	12.86814547580372	-2.123067710322678	-5.196252404174228	225.77	-0.19	-2.197	-2.143	-0.0034837104765421	0.0035939609966032	-0.0180077592111915	0.2851686242080467	0.004916063893657	0.0270952222487491	-0.0013702523711614	-0.0285746657285485	0.2570846108240469	-0.0019434425541824	0.1930471617440361	0.1821386811995456	0.1471401221486664	0.1054519290761898	0.0990198802837285	3.5254667	-3.1714318	-5.5220156	16.806797	2.820332	-2.8548534	-5.8942776	16.333107	7.1466784	10.62904	10.746509	7.074608
2020-03-24 06:45:00	2020-03-24 06:55:00	15.498306795386483	13.78925392236495	-4.853820872098762	-5.147226687423347	239.145	2.282	-2.017	-1.222	0.0061550678169151	0.0118547026584921	0.0260085266624835	0.1484211382393305	-0.01654509522968	0.0007179921286494	0.0271516837933093	0.0177660026414486	0.1347892119136982	-0.0135813584341146	0.0833802918181931	0.0903156325010225	0.0965943985759479	0.0571462369001026	0.063903490902727	3.7269769	-9.319466	5.113814	14.940329	4.8808584	-8.026801	3.5607543	15.409814	2.6602044	8.313288	9.301614	8.147876
2020-03-24 08:25:00	2020-03-24 08:35:00	13.7694641816419	12.387706202920969	-3.733390018890141	-4.712074661561264	283.826	3.142	-1.142	0.29	-4.870028831267607e-05	-0.0039595062086872	0.0034607614904007	0.1664751024273245	-0.0040479346288927	0.0254624751395997	-0.0002364969793364	0.0075433891168191	0.1485417745389412	-0.0044071941653844	0.1244829553224253	0.10873202520683	0.0691348280322048	0.0664227455128598	0.0681501534451439	1.709311	-0.5831134	0.6527851	13.294563	0.8646463	0.08099663	0.8046994	12.765503	5.269408	9.114313	9.480871	5.259923
2020-03-24 12:40:00	2020-03-24 12:50:00	8.234782022864986	7.362216768414399	0.1057748546181598	-3.6868053217741994	303.665	4.357	-1.163	0.78	0.0910196869751067	0.0563787111924381	-0.0470448665695286	0.1203280200231129	-0.0130430193408424	0.092736003041385	0.0570096820291966	-0.0476687031434597	0.1215267924246597	-0.009254220185725	0.0201140131828595	0.0247346558648668	0.0058365530847031	0.0157471152790933	0.020624641665788	57.192524	1.7578137	39.943558	69.80764	57.17325	1.9062438	39.979954	69.8008	1.928757	0.5948659	0.84461135	1.1148902
2020-03-24 20:30:00	2020-03-24 20:40:00	8.993382356551923	0.1593005603218246	-8.967354848741488	0.6609241045085458	237.135	3.132	-1.587	-1.035	0.0059215396472114	0.0260501293407494	0.0318107643968452	0.1230885727857262	0.0048993994885091	-0.002573978690837	0.0925562701556395	0.0286562680125591	0.1285631103437801	0.0216134469334435	0.0337366747806926	0.1099798017214337	0.0235087300711216	0.0190047955276766	0.0291255285681849	8.255256	10.921193	47.49228	49.43272	8.255353	10.378687	47.01667	48.851154	0.3418502	0.85784876	0.8732919	0.9800372
2020-03-25 01:05:00	2020-03-25 01:15:00	14.653881881054998	4.016479359236578	-14.06950333379092	-0.8074406120626717	251.397	3.653	-3.077	-1.04	0.0025683847694697	0.0140344087811191	-0.0012146605710553	0.0932221444008479	-0.0012332852806777	-0.0021117721618102	0.0102057828253675	-0.0018237489924134	0.0821455849589833	-0.0043691636186831	0.0539713754259303	0.0645724118359544	0.053545475326878	0.0382660696626928	0.0292406162197788	-2.0580175	-4.6495295	-3.7316217	13.373483	-2.7259839	-3.9684947	-6.652952	13.961647	5.453684	4.78021	10.647212	5.1850467
2020-03-25 05:35:00	2020-03-25 05:45:00	18.712105838515225	7.277915962737548	-17.223220785295553	0.7304528453545599	310.313	3.54	-1.127	1.002	0.0158125204325796	0.0634396371888511	-0.0055885388622823	0.0656190150467001	-0.0111339914788645	0.0158125204325796	0.0634396371888511	-0.0055885388622823	0.0656190150467001	-0.0111339914788645	0.0	0.0	0.0	0.0	0.0	1.0697443	0.7092632	-1.1858994	1.7475023	1.0697443	0.7092632	-1.1858994	1.7475023	0.0	0.0	0.0	0.0
2020-03-25 07:05:00	2020-03-25 07:15:00	19.839740512485893	8.257423982412142	-17.976142114854373	1.5122921136891303	275.368	3.162	-1.477	0.13	-0.032284494427021	-0.0188804494330658	0.0356542266092144	0.0838349698074789	-0.0015962436535512	-0.032284494427021	-0.0188804494330658	0.0356542266092144	0.0838349698074789	-0.0015962436535512	0.0218448557400677	0.0392003491148918	0.0485389561023453	0.0034025014654534	0.0118988087018403	4.7082596	-2.347043	1.7231741	6.5079136	4.7082596	-2.347043	1.7231741	6.5079136	1.204912	0.3305657	3.1866179	0.09125996
2020-03-27 20:10:00	2020-03-27 20:20:00	13.983558538452511	12.250644143869494	-3.200871399722338	-5.934068851691936	267.008	4.073	-1.588	-0.087	-0.015040100142321	0.027116281642639	0.0066057459431038	0.2443323848168892	-0.0115772645921051	-0.0244564948249419	0.0154723108884974	0.013867740651376	0.2182146345040579	-0.0084011136132961	0.1793770065945155	0.1663589241251022	0.1197296039775697	0.1244724835096754	0.1319978786416248	7.1054654	-4.4314537	6.598379	20.23976	6.252784	-4.942211	8.594656	20.469795	8.521956	10.63909	12.41957	6.6389656
2020-03-28 12:30:00	2020-03-28 12:40:00	14.066239623081223	2.798026807620787	-13.402765926629806	3.2238813778168325	306.742	2.938	-0.953	0.747	0.0103364031939211	0.0005540494681083	0.0019296166741938	0.1066955925769529	0.004905518835281	0.0145027824847701	0.0047769770708179	0.0092266408798218	0.0966278377424402	0.0063793015552798	0.0474185904235342	0.0674323166387843	0.0740743743806158	0.0317738120449907	0.0372822913657323	-1.735611	2.1119518	19.87501	21.00337	-1.8054465	2.4971	18.839025	19.879316	4.213403	4.2285013	5.4128556	5.1263185
2020-03-31 11:50:00	2020-03-31 12:00:00	9.452422936721796	8.289410005873606	-1.7061461124662225	-4.209372793678335	237.835	2.533	-4.038	-2.555	0.0699943817753316	0.0206793614606357	-0.0403882020276812	0.6156701396416551	-0.0298780716093872	0.2102987217621278	0.0317878826562049	-0.0639779869283944	0.5408943662490936	-0.0367232352843766	0.5707042379457496	0.3090610543608943	0.2098323830928813	0.3052212754929257	0.2201367851461116	32.943775	-1.8804102	58.28311	67.54884	32.57605	-2.0333147	59.498802	68.02537	4.860617	6.6898437	5.284928	4.38325
2020-04-03 14:20:00	2020-04-03 14:30:00	19.352039995269585	14.67643993396387	-11.0809370146508	-6.026050057783677	250.432	3.403	-4.218	-1.5	0.0484603569099779	0.0515035157701089	0.0062486761452597	0.0709934101314526	-0.015892796744597	0.0484603569099779	0.0515035157701089	0.0062486761452597	0.0709934101314526	-0.015892796744597	0.0	0.0	0.0	0.0	0.0	4.2422557	-3.4532354	-0.76245	5.5229425	4.2422557	-3.4532354	-0.76245	5.5229425	0.0	0.0	0.0	0.0
2020-04-03 18:05:00	2020-04-03 18:15:00	16.218773119652354	12.89438420869969	-6.961414662147401	-6.951146457715109	258.428	4.13	-3.827	-0.842	0.00378437303177	0.0124325493110664	0.0123514274535751	0.0879023506363483	-0.0103866774305646	-0.0041473070437719	0.0158493650650443	0.0278032972361399	0.0861087692905317	-0.015166074721197	0.0552575143062166	0.0442508898985388	0.0502138858778627	0.01129569623487	0.0313970617153836	3.9249573	-4.371949	-0.22863476	6.2404933	4.105002	-4.362216	-0.012075663	6.0741487	0.96348643	1.585936	1.3107992	0.8885084
2020-04-03 19:00:00	2020-04-03 19:10:00	15.337592804495388	12.344923818824563	-5.90190160903035	-6.928834064450773	278.576	4.085	-3.533	0.472	-0.0079296435588798	0.0154437886298023	0.0220848442543836	0.0702845749140529	-0.0210521794701056	-0.0072415426001276	0.0205178535274415	0.0267102467342004	0.0697571740803207	-0.0150192399284928	0.0474449814478794	0.0357347045948581	0.0272519200078021	0.0109485729794896	0.0532610614312008	2.219436	-5.2963433	1.2887467	5.9469934	2.046593	-5.587519	1.3806738	6.0536604	0.2882339	0.46928716	0.70060986	0.2558413
2020-04-07 11:40:00	2020-04-07 11:50:00	10.006181800608436	8.344029829438957	-3.104146488810449	-4.567415118903401	238.446	2.408	-1.813	-1.152	0.0678863784966862	0.0142003943554358	-0.0342191470729996	0.1062316552524842	-0.0027452366063427	0.0779170843296247	0.0202233988766426	-0.0273192145629145	0.0923486420842799	-0.0054960358031183	0.0738059689930887	0.0300518271059498	0.0308947291405873	0.0447315849713723	0.0242046381187836	28.340792	-10.035847	33.942764	45.356247	28.054815	-10.0521965	34.6798	45.607365	0.40302595	0.37293425	1.08514	0.56561226
2020-04-07 12:10:00	2020-04-07 12:20:00	9.295775444640777	7.805127300412594	-2.4582006974009314	-4.409539735015508	237.209	2.355	-2.047	-1.328	0.0801123762083882	0.0030774386905891	-0.0366590593215691	0.0907061180996818	0.0149293549366108	0.0811062190674933	0.0020245541957567	-0.0373187006834024	0.0921376016334379	0.0182665198397223	0.0068669962768628	0.0209336315469786	0.0028319285357429	0.0060944734899925	0.0086457137833444	37.163017	-10.7927265	34.979027	52.165462	37.29596	-10.794848	34.98262	52.261852	0.44160408	0.24746837	0.110581174	0.37149873
2020-04-07 13:35:00	2020-04-07 13:45:00	7.084124619002975	5.98341159319849	-0.5063131002933661	-3.7575310723997934	262.984	2.588	-1.99	-0.255	622036.1059719281	335838.00426632573	-336982.1446256895	783117.5186642408	-98509.82428538066	622036.1059719281	335838.00426632573	-336982.1446256895	783117.5186642408	-98509.82428538066	0.0	0.0	0.0	0.0	0.0	85.59304	-7.824377	47.513577	98.2086	85.59304	-7.824377	47.513577	98.2086	0.0	0.0	0.0	0.0
2020-04-10 20:35:00	2020-04-10 20:45:00	13.720592508917804	10.441076887165648	-5.243331131942234	-7.193259598392314	268.953	2.717	-1.768	-0.058	0.0055482518962068	0.0046961782451444	0.0103720793361015	0.2585994967364232	0.0045695484220331	0.0011493078145558	0.0138959689575954	-0.0001161699180362	0.2190024634771837	0.0084205962791561	0.2026612338033425	0.1745494679867681	0.1257933158309542	0.1437002723572226	0.1411186447524679	-1.4593588	-8.987824	-1.6262379	13.469072	-2.1883805	-9.273955	-1.1696494	13.177701	6.1388483	6.046058	6.691914	4.8126345
2020-04-10 21:10:00	2020-04-10 21:20:00	13.068718987366315	10.064568630784366	-4.570869738102104	-6.971379689189722	302.297	2.665	-2.083	1.32	0.0030624288998051	0.0065797783039806	-0.001802177449975	0.1554751812261974	0.0134388620260501	0.0041704667495462	0.0067142618818778	-0.000912913458515	0.1382344209664732	0.0148017828007783	0.1273515441847778	0.0818959424484975	0.0690217561142945	0.0597725006371185	0.0798668693661443	5.665295	-8.798032	12.461518	17.3191	5.6401644	-8.40883	12.314167	17.256502	3.5875103	4.405799	5.02253	4.7271857
2020-04-11 18:25:00	2020-04-11 18:35:00	19.15479487560648	2.414479387971807	-18.95031526103405	-1.3987596110551443	239.613	3.477	-4.393	-2.54	0.0008572138748775	-0.0012650680489367	-0.0060676565026681	0.1088400910040351	-0.0029010950064758	-0.0041766111493463	-0.0045097387935212	-0.0145383039566396	0.0987248857647534	-0.0015910465980847	0.0610138752446094	0.0635597156126833	0.0795688974263666	0.0478197251899365	0.0204443417536841	1.0371912	-6.128805	-9.934878	14.261867	0.30280134	-5.6976447	-9.949217	14.287764	5.4618726	5.1761923	5.861334	4.991919
2020-04-11 20:05:00	2020-04-11 20:15:00	20.355401657983563	3.165635251773041	-19.873339574356425	-3.060713952243469	246.756	3.495	-2.672	-1.148	-0.0374633844105623	0.0353601005042547	-0.0226793129130033	0.1743742133260474	0.0001365950504926	-0.0176162653450987	0.0206684083577465	-0.038187698402678	0.1644457990274061	-0.0007064800044232	0.1121826000408583	0.1110161574061857	0.097796522733559	0.0850617990418163	0.0407040238119918	6.3537817	-2.3243778	4.6328564	15.351196	5.463673	-3.292641	7.950079	17.190203	6.7482247	6.3928304	10.56076	5.4326677
2020-04-14 09:05:00	2020-04-14 09:15:00	13.132266586414318	9.585952055885098	-7.162451786165192	-5.409620677326354	235.101	0.663	-5.842	-4.088	-0.0403669754880278	0.0425481205155706	0.0166502181258426	0.3669895951454696	-0.0169542652723746	-0.0697001042291598	0.0501565887521315	0.0272200171139916	0.3421049185237588	-0.0191309559579269	0.3236222019339546	0.1943815616754895	0.1574588686139186	0.1906423837902255	0.3842685869213536	-7.503345	-19.540895	-7.992103	23.230072	-7.496194	-19.925037	-7.6939335	23.168238	2.6422322	3.264628	4.9041953	2.0185876
2020-04-15 07:30:00	2020-04-15 07:40:00	19.99191349719233	1.8756118537575843	-19.815413819749253	1.8726439130616257	265.573	3.253	-2.793	-0.237	-0.0136251500274096	0.0028009587647661	0.0074726173026872	0.1182894758208694	0.0018795829164071	-0.0115082161016987	0.0033155827205919	0.0090445136491057	0.105347355181506	0.0014077788662579	0.0682242158876103	0.0691198747549854	0.0749891265592381	0.0362270592843149	0.0147726607762549	1.7961049	-3.0816238	-3.0489104	9.63869	1.6278621	-3.2691483	-3.4421828	9.515431	5.2794123	4.636292	6.032788	3.856921
2020-04-15 08:15:00	2020-04-15 08:25:00	20.51177189138756	2.177642404992268	-20.278508159700703	2.1844546914135416	257.597	3.458	-2.33	-0.56	0.0026420863748113	-0.0047292265240086	0.0042355010705372	0.1017463550093857	-0.001462457978963	0.0010269663947966	-0.0026994519045484	0.0146615558169308	0.0945405772629253	-0.0026852108738987	0.064200481463673	0.0549744969387633	0.0677488393060198	0.0377990380393514	0.0183696204058953	5.208956	-0.7246053	3.370576	10.712576	5.4171762	-1.1339731	4.2174544	11.161313	5.221852	5.627208	5.9052734	4.250321
2020-04-17 20:05:00	2020-04-17 20:15:00	14.560050176797334	9.711877201437709	-7.283726159868405	-8.038559548458759	230.807	1.858	-2.38	-1.942	0.0004581544339521	0.0051629423703646	0.0018225331901219	0.1202036161387699	-8.951570777121498e-06	0.0043038497926391	0.0016245866753138	0.0103099242889626	0.116062722583495	0.0005742987113534	0.0736198251499759	0.0769257894106343	0.0691121310670036	0.0411730563109225	0.0380683694650754	0.82211983	-1.0295559	-2.1602879	8.897416	0.61910933	-0.42113414	-1.8818918	8.089557	4.9487476	5.790927	5.1782756	3.4753678
2020-04-18 17:55:00	2020-04-18 18:05:00	18.54349830210946	0.104809220909477	-18.53601531042422	-0.5103083759935917	304.458	2.8	-0.873	0.6	1.7987829323455086e-05	0.0031341364856586	0.0001684762979204	0.073075755137472	0.0001639512510695	0.0018760501867237	0.0059944478061633	0.0003494909378463	0.0731074292143321	-0.0005277919633189	0.0224380309298382	0.0150044122928413	0.0678417521864518	0.0009415361988886	0.0064838993737748	5.6078043	2.4837513	16.835297	18.104637	4.8864546	2.3656595	16.64526	18.209602	2.1286943	1.1314243	1.4347999	1.0658239
2020-04-18 18:25:00	2020-04-18 18:35:00	18.932743711120896	0.288356987598648	-18.90065265516726	-1.0607864285050754	301.481	2.32	-1.52	0.93	-0.0084040497968881	-0.0153083053914489	-0.0737721626996297	0.0758109771492696	-0.0138905658160937	-0.0084040497968881	-0.0153083053914489	-0.0737721626996297	0.0758109771492696	-0.0138905658160937	0.0	0.0	0.0	0.0	0.0	-1.6720049	-0.8152022	9.723535	9.899862	-1.6720049	-0.8152022	9.723535	9.899862	0.0	0.0	0.0	0.0
2020-04-18 18:55:00	2020-04-18 19:05:00	19.310874390815425	0.4714130056484733	-19.238666259852327	-1.5988043379820145	294.672	1.52	-2.135	0.985	0.0016720643783211	-0.0454430713834058	0.0773587915211737	0.0943123302715648	0.0086665671172589	-0.0031073760134629	-0.0422828232983846	0.0851337742423709	0.0922009620525881	0.0112419549465719	0.0113665980794303	0.0161520318426972	0.026457811241034	0.0157333715591819	0.0066177097744764	2.0129507	-3.8608575	11.36982	12.667232	1.4544542	-3.2853277	11.923905	12.874906	2.436416	2.4444015	1.3910196	1.2721564
2020-04-22 10:35:00	2020-04-22 10:45:00	21.72860202280121	0.4431638614414961	-21.506984201766944	3.0634648580803865	286.671	3.178	-1.9	0.567	0.0027923260929902	0.0073452972289292	0.0047260257895473	0.101193642189868	0.0030633095726769	0.0078947840555728	0.0039542060361059	0.0122350235741183	0.0934072084366954	0.0030041231817154	0.0656501157622404	0.0557321925826764	0.0611244440082418	0.0315617683517278	0.0140856550030061	4.266786	0.005865676	0.46675813	8.771184	4.418624	-0.043523263	0.99021053	8.684395	4.7309184	4.8785396	4.823546	3.3072677
2020-04-22 11:45:00	2020-04-22 11:55:00	22.41147055338313	0.8113530159598712	-22.221960279542504	2.792639041561632	252.418	3.285	-2.27	-0.737	-0.001139480772144	-0.0029148295781096	-0.0098018796002554	0.111009795739187	0.0018965582543839	-0.0079186179288345	0.0195540137430338	-0.0290103087345805	0.098921341823895	0.0045630750252915	0.0655543181944048	0.070126696980346	0.0676338182957376	0.0396503768217754	0.0140316622955957	4.520378	0.14313993	-2.8891325	9.4039	4.4774094	0.24600653	-3.2047973	9.816692	4.247055	4.488695	5.9334965	3.7094836
2020-04-22 12:15:00	2020-04-22 12:25:00	22.69029393589655	0.9682300380455294	-22.523796353534184	2.5668267479215987	252.731	3.158	-2.452	-0.803	-0.0044986723536006	-0.0072387281909836	0.0145459109834697	0.1298172078037994	0.0015864472738841	-0.004359898278456	-0.0065374549390293	0.0254979591025949	0.1177002687214333	3.052911437550221e-05	0.0801005103305126	0.0753940733902194	0.0849819365155746	0.052478575768095	0.022667452952837	2.2469695	-3.3832788	-2.2492647	9.428035	2.4090965	-3.2047014	-1.8028975	8.625858	4.343316	5.179276	6.144016	4.0131063
2020-04-26 00:45:00	2020-04-26 00:55:00	22.99987790934925	-0.197343444892251	-22.62667856954709	-4.121665976211098	272.088	2.75	-2.315	0.078	0.0045612135342627	0.019263971389462	0.0422888588644816	0.077561964979587	-0.0074500983261158	0.0062837790915354	0.0349258554948693	0.0509282645689524	0.0742430959441839	-0.0070032960211344	0.030383199181949	0.0360147691187314	0.0436898616470479	0.0171289472270843	0.0096970186953989	6.656618	0.5102894	0.9535425	10.552516	6.4526772	1.9789797	2.1971893	10.988492	4.291179	3.754349	7.338206	4.525842
2020-04-26 01:40:00	2020-04-26 01:50:00	23.47422041628515	0.056259103528734	-23.154462490372097	-3.8607414666651887	269.871	2.978	-2.627	-0.07	-0.0054825104772898	0.0174065486373324	-0.050120555640298	0.1433252596778977	0.0037823528475523	0.0154025610985219	0.0130698363830841	-0.0550003704760592	0.1213214467938264	-0.0014500052216048	0.0672987662711476	0.101048659439575	0.0792515211788401	0.057651929871139	0.0256217988775853	2.8048403	-1.1306372	-0.5800055	7.18797	2.625506	-1.4426745	0.0051554963	6.7801514	3.594323	3.7918406	5.3132353	3.6527593
2020-04-28 04:35:00	2020-04-28 04:45:00	17.742151411672953	8.335038323587316	-13.462582598642982	-8.004311339807522	311.924	1.89	-2.765	2.493	0.0050407250621183	-0.0076162470819886	-0.0009132423930383	0.0798737655966174	-0.000480070592211	0.003534242505208	-0.0185224240845132	0.0027379129168704	0.0793983915898478	0.0012177449050759	0.0423949913035707	0.051778173172012	0.0461205896710314	0.0176026988304404	0.0270815418481697	0.3941302	-7.942485	9.633713	13.128309	0.36498845	-8.312992	10.034214	12.447647	2.5335033	3.3711665	2.207311	2.5199115
2020-04-28 06:35:00	2020-04-28 06:45:00	15.96718092016093	8.066405858709734	-12.0549712119448	-6.6754010420031245	286.87	3.657	-3.225	0.947	-0.0034071545140619	-0.0010411798545945	0.0062972418315428	0.1170095721185916	0.002563284526079	-0.0080269504592611	0.0023234837416747	0.0083782836221762	0.1076254199568095	0.0018737834717559	0.0600600430891311	0.0729939492920976	0.0808398055178383	0.0427961167627258	0.0295268314374568	3.9865494	-9.253942	9.702833	16.304163	4.008094	-9.441211	9.920171	16.686272	4.7349997	6.109256	5.9226694	4.966737
2020-04-28 07:20:00	2020-04-28 07:30:00	15.24273518253151	7.928638602479121	-11.411439986959747	-6.265466573173995	281.311	2.56	-3.843	0.712	0.0009320523166609	-0.000991641697172	-0.0059206225500687	0.131651918151556	0.0003476917119422	-7.599928636714862e-05	0.0004247866459346	-0.0028907600105848	0.1179416766187042	0.0021794283999706	0.0659375641126717	0.0830531194779227	0.0954902002623225	0.0553953035503753	0.0490520127483478	2.2676685	-6.575565	9.965247	16.419413	3.0022666	-7.2507167	9.988474	16.627705	6.5738707	8.047587	6.3105316	5.0883822
2020-04-28 08:00:00	2020-04-28 08:10:00	14.568632095401584	7.7858578234105	-10.779586472023476	-5.951911786175889	275.088	1.613	-4.092	0.337	-0.0023291358839353	-0.0049591217734662	-0.0071819053034067	0.1291016354298028	-0.0030597852209976	-0.0006612793476616	-0.0015480796458427	-0.0097056446857578	0.1145309406410484	-0.0031309143323409	0.071333826017203	0.0986739888422933	0.0707633793715434	0.0569815051069193	0.052494895089264	0.19541658	-11.721324	6.789815	17.341911	0.5225543	-11.577751	7.091248	17.884068	7.450844	7.266607	6.496375	5.771385
2020-04-28 09:25:00	2020-04-28 09:35:00	13.031126238159736	7.40669632696401	-9.236965000259817	-5.4431805786354	259.59	1.888	-3.618	-0.668	0.0075742352692122	-0.0180254551482197	-0.0081661519988884	0.1022570408213509	0.0102748494169594	0.0128717388698243	-0.0331577582660743	-0.0049233080733098	0.094951218227604	0.0089486061611638	0.0612039990117557	0.0645702949802096	0.051742385224757	0.0241867036148544	0.0277695423391934	-6.9614754	-13.88206	1.9338385	16.334654	-7.4829607	-14.394435	2.689004	16.947983	2.4170654	4.4838357	4.008506	4.484151
2020-04-29 04:55:00	2020-04-29 05:05:00	17.736136340473532	-3.260219284959142	-17.35903739945865	1.6136577303211628	231.915	2.305	-0.702	-0.555	0.0248721050171561	-0.0122360459705272	-0.0120426351423111	0.1121175995345287	0.0063135277476475	0.0278834963454907	-0.0202748422232253	-0.0294069700749526	0.0950160710609445	0.005696503572871	0.0516060848156177	0.0429943622822365	0.0916295886491416	0.0353651814476756	0.0087155377528336	2.9166455	-0.0019887448	8.818197	11.58682	5.002399	0.1912725	8.354015	10.990383	4.2852063	5.260364	5.804123	5.63341
2020-04-29 05:25:00	2020-04-29 05:35:00	18.14783184568523	-3.1574956107588776	-17.77277273079819	1.8711231424104755	228.715	2.472	-0.523	-0.462	-0.050961268782753	-0.0352899158498109	-0.0171051369103543	0.0673645387635272	0.0132872043773337	-0.050961268782753	-0.0352899158498109	-0.0171051369103543	0.0673645387635272	0.0132872043773337	0.0148781108265599	0.0136085821053844	0.0050722703047184	0.0054141774319347	0.0067381237957904	6.1797905	6.924222	8.04866	12.308466	6.1797905	6.924222	8.04866	12.308466	0.2356093	0.5344162	0.93195224	0.7917609
2020-04-29 09:15:00	2020-04-29 09:25:00	20.93787888359085	-2.308405016474705	-20.50185945555924	3.569217939749571	256.612	2.442	-1.223	-0.297	-0.0097475244386308	0.0292941896670282	0.0147762307102331	0.0792197352299739	0.0035885376661256	-0.0007690035906785	0.0572137694587373	0.0237772790878382	0.0790147506943784	0.0025909144718744	0.0174350708619135	0.0601338105150532	0.0345076751087636	0.0025633629194185	0.0077958051709094	-0.45883054	-0.50243753	0.68359905	5.4376626	-0.5773898	-0.49987936	-1.0562786	5.1622763	0.8240951	4.40921	4.47855	3.3970246
2020-04-29 09:45:00	2020-04-29 09:55:00	21.25880055064705	-2.1920075140731754	-20.82743872907608	3.653639482693439	238.642	2.652	-0.837	-0.51	0.0148943447745181	-0.0204850604926572	0.0432381387267511	0.0501100374197008	0.031870383977694	0.0148943447745181	-0.0204850604926572	0.0432381387267511	0.0501100374197008	0.031870383977694	0.0	0.0	0.0	0.0	0.0	6.4933505	-8.713094	7.7144685	13.326464	6.4933505	-8.713094	7.7144685	13.326464	0.0	0.0	0.0	0.0
2020-04-29 11:35:00	2020-04-29 11:45:00	22.360047527662555	-1.758378358717869	-22.0176369338182	3.478833870487809	226.673	2.205	-1.165	-1.1	0.0213967261930293	0.0016570550684869	-0.0209595448723721	0.0681716271191235	-0.0006022654879403	0.0213755960684158	0.0033302961923857	-0.0438582331835744	0.0666053096528658	-0.002623202333432	0.0212590152561429	0.0388984337987652	0.0429061658944018	0.0076465975363815	0.0072052425459528	4.5737963	-0.36030906	-7.5818663	9.68276	5.393863	-0.89589685	-7.459516	9.449343	2.4200103	3.0605967	0.94723576	0.94828236
2020-04-29 12:05:00	2020-04-29 12:15:00	22.64073966113748	-1.6386456741010105	-22.34166344528525	3.2811929321557725	231.863	2.085	-1.363	-1.067	0.0165308162622711	0.0067321144564858	0.0064299804745906	0.0977890147341632	0.0015700516452861	0.01793119217765	-0.0084365717474991	0.0063167290508032	0.0840463926296229	0.0020820617924395	0.0385022340623777	0.0653725509800751	0.0718711979690712	0.041457255631837	0.0126088458581343	1.8806729	1.0814955	-2.402655	7.7271585	1.0459011	0.89409626	-2.9663768	7.3430805	4.1188574	4.8752775	5.112424	4.200063
2020-05-01 15:25:00	2020-05-01 15:35:00	18.760765143478316	7.450859942245247	-15.694554813239868	-7.079975387844608	305.74	0.903	-3.723	2.642	0.0066200111870841	0.0056089342606015	-0.0074134956857521	0.0877940425560935	0.0025554822828763	0.0090056730248648	0.0097852713622502	-0.0077740312315538	0.0854312483869023	0.0022726606414758	0.0430175559789783	0.0608034027172964	0.0477176223362852	0.0157157910215484	0.0197206790713696	-1.4608606	-10.448756	9.025869	14.607633	-1.8143675	-10.404427	8.992588	14.602383	2.597089	2.7475386	3.334365	2.192224
2020-05-02 23:40:00	2020-05-02 23:50:00	22.330156835235496	-2.9809100463816467	-21.858388470091853	-3.45840552056638	250.762	2.63	-2.375	-0.825	0.0015305127555037	0.0009134518852129	0.0104638275621403	0.1385037520903707	-0.0029563092695637	0.0039526002663661	0.0011737150711044	0.0165438393661734	0.118971842434785	-0.0008232848408773	0.0878842464943193	0.0815928108388243	0.0973326991193723	0.0691669074637388	0.0276769100806399	2.4017901	-1.8438159	-2.208252	10.066999	1.4423646	-1.926146	-2.2550626	10.248901	5.664257	5.5393686	6.4959383	4.2030687
2020-05-05 03:35:00	2020-05-05 03:45:00	18.46269417880129	6.484766138633429	-14.98309649196708	-8.621169126069425	232.318	2.513	-2.338	-1.89	-0.0174264323710533	0.0382515116909306	-0.0362384483525589	0.1180519997514163	-0.0010890177585411	-0.0265598132523061	0.0435409692440165	-0.0516408102380462	0.0993528743630156	0.001548837861506	0.0809946477118733	0.0405637294879537	0.0652486181035775	0.0400841671721623	0.0190332365457019	4.4592314	-3.3210754	3.9546316	8.52488	3.3159733	-3.1361403	5.0458803	9.032062	2.89919	3.099716	4.341636	3.2776723
2020-05-05 04:10:00	2020-05-05 04:20:00	17.99378602759144	6.4977887161004615	-14.649493909310502	-8.18206971862209	233.726	3.772	-2.107	-1.542	0.0057946761801344	0.0254695336592783	0.0021667550047384	0.1514976698798408	-0.0069691397652767	0.0121368725984509	0.0313370395537133	0.0011269744964917	0.1391192570792202	-0.0069151711841317	0.0909736057418619	0.0937871123265108	0.090806993427647	0.0552589875103868	0.0451182605857405	4.132608	-1.8726875	0.8097637	9.9038	3.7926707	-2.3577833	0.50575304	9.939126	4.416749	5.3194237	6.8208885	4.1814256
2020-05-19 00:50:00	2020-05-19 01:00:00	19.885326074107088	1.8803457116383937	-17.279334772869646	-9.659941088564969	277.188	1.69	-7.28	0.912	0.004475840959281	0.0022439338172705	-0.0017767336012349	0.1153996378699357	-0.0025839077067315	0.0098559070063944	0.0026849198931194	-0.0146283236283422	0.1052869603953666	-0.0078736543391127	0.0773374690558258	0.0457893700380631	0.0802258118916302	0.0350011453407062	0.0440374125066682	2.1182933	-7.228421	1.9554299	8.408168	2.3812475	-6.824457	2.262142	8.028589	2.0438673	2.1176803	2.3632805	2.0274897
2020-05-19 01:35:00	2020-05-19 01:45:00	19.344086477390004	2.064424101798096	-16.87327633135361	-9.231658635470524	275.602	3.902	-5.883	0.503	-0.0027795160895873	0.0035473856882586	0.0031064680654295	0.088892524550257	-0.0005566804801335	0.0267382473261358	0.0131856883849839	-0.0009129248232297	0.0860104745828965	-0.0030142872802292	0.0702023211333067	0.0409200745209073	0.0409485471547656	0.0201911065378705	0.0242569631314919	4.151004	-5.2939925	1.608847	7.322921	4.365474	-5.2772713	1.5392908	7.44378	1.4272466	1.2317057	1.7061245	0.8278919
2020-05-19 09:10:00	2020-05-19 09:20:00	12.241282887739729	3.625155062122133	-10.698991077939697	-4.715642488069995	234.363	5.242	-2.258	-1.625	0.0478045051019146	-0.0563833494440194	-0.0340242504998029	0.0884870539818316	-0.0433358355849519	0.0478045051019146	-0.0563833494440194	-0.0340242504998029	0.0884870539818316	-0.0433358355849519	0.0095467709831587	0.0299443495561406	0.0217338051944317	0.0158810231732682	0.0253984367161276	6.598357	-10.479103	25.647861	28.56848	6.598357	-10.479103	25.647861	28.56848	1.4227107	0.36668348	3.0544214	2.5480652
2020-05-19 09:40:00	2020-05-19 09:50:00	11.633419191679586	3.6854878087593335	-10.030187663165142	-4.598583564301576	251.712	2.183	-5.485	-1.745	-0.0172629860973905	0.074940374360073	0.0075472096538202	0.0790877487202592	0.0401696155888117	-0.0172629860973905	0.074940374360073	0.0075472096538202	0.0790877487202592	0.0401696155888117	0.0160738540461121	0.0037200054083022	0.0085592435227318	0.007850264196916	0.0185110235743067	6.211927	-12.954211	30.800938	34.127617	6.211927	-12.954211	30.800938	34.127617	2.2162426	2.9206886	0.5952387	2.0492573
2020-05-19 20:45:00	2020-05-19 20:55:00	9.909962387042158	-6.397575000062357	-6.821361919465048	3.2775648259128314	254.3	1.897	-4.2	-1.197	-0.0397218039431709	-0.0457094561740256	0.0184632293480849	0.0646870624962972	0.0172905891136631	-0.0442203961505551	-0.0446317211501305	0.0240858071385886	0.0670405294712223	0.0197699116778875	0.0077975400112875	0.0052815699070443	0.0100884269250678	0.0037581703684198	0.0063035214073655	22.297	11.941302	10.960442	27.56777	22.389656	12.205613	11.095986	27.817171	0.19073975	0.43229493	0.2749978	0.4464182
2020-05-22 17:35:00	2020-05-22 17:45:00	15.735357954665588	2.1252063952719205	-13.826156453517164	-7.205260145926232	252.472	1.042	-4.768	-1.495	-0.0054947051574963	0.0056953287707915	-0.0138658611770114	0.0913254589007893	0.0047011692878274	0.009775593850921	0.028397758928207	-0.0148685955193177	0.0809614006997861	0.0077165183169087	0.0479533326724107	0.0686528963685316	0.0479857016986279	0.0350702306665434	0.0392566694613171	-9.679469	-9.296155	-6.564998	15.900111	-9.9696245	-9.879397	-5.6647053	16.013626	2.2201653	3.1897492	4.4690137	2.339232
2020-05-23 00:40:00	2020-05-23 00:50:00	6.886294228374581	3.3409319828408184	-3.2668828058104737	-5.057686428485593	253.464	3.8	-1.955	-0.575	0.0385476836471055	0.026071165186349	-0.0298219599653421	0.0705633089623921	0.0238510440362783	0.0473798973448655	0.0224761376168264	-0.0369647416826285	0.0708980359130821	0.0217583631851169	0.0291866195271229	0.0205881472710861	0.0264245515496355	0.007055904283648	0.0116771619321751	97.81779	-79.67814	-26.576914	128.9329	97.371185	-79.6362	-26.943611	128.64304	2.1042917	1.0954355	0.8451277	2.4301128
2020-05-26 02:40:00	2020-05-26 02:50:00	18.13351026391383	0.2590621885582334	-16.353576982252363	-7.830480012976076	235.3	1.653	-3.083	-2.138	-0.0015858763820555	0.003854780591786	0.0048084781848445	0.1213298808737631	0.0047896259748366	0.0003212989789519	0.0101640019836064	-0.0002488930571774	0.1082112720437623	0.0022037639919641	0.0753265503084865	0.0784379149720167	0.0768991867455126	0.0553139802905021	0.0328298488995948	2.0845745	0.19407654	1.9127989	10.435719	1.6008942	-0.44339097	2.088819	10.52379	5.2186623	6.691211	7.08292	4.6165147
2020-05-26 03:10:00	2020-05-26 03:20:00	17.72315314572026	0.4282746517394571	-16.05959949414813	-7.484298856033607	235.861	1.898	-3.098	-2.1	0.0079232618838065	0.0093606696667825	0.0029751701154807	0.0875204312836885	0.0035401036906309	0.0081025971660202	0.0062650421779125	0.0143547838115649	0.0846659687616289	0.0043462984044627	0.0467076361148425	0.0488009444129384	0.0600257933570646	0.0258003348001433	0.0241250111814402	-3.586115	-2.8876884	-6.365482	9.435335	-4.0524445	-2.6880176	-6.9538493	10.344386	3.5606866	3.0856264	4.0557685	3.3677309
2020-05-26 05:15:00	2020-05-26 05:25:00	15.87398971742993	1.130207581952941	-14.640016293170298	-6.031161041201483	254.341	0.812	-3.52	-0.988	0.0418886464412603	-0.0073918914195381	-0.0153547752998116	0.0899406459506666	-0.0098713217882874	0.0559180831246679	-0.0182903020955537	-0.0333329020115609	0.0812703780889708	-0.024553078572259	0.0400558566207179	0.0413218672809093	0.055561579040239	0.0188362820261595	0.0215049144662725	-7.7815733	-7.502076	-2.59501	11.1622715	-7.877338	-7.620485	-2.66042	11.137193	0.5085017	0.98762935	0.84957075	0.9630975
2020-05-26 05:55:00	2020-05-26 06:05:00	15.229917470971785	1.3518756770496898	-14.094576777866015	-5.609334244218869	261.012	1.013	-3.533	-0.56	0.0275567980844058	0.0217202581966703	-0.0380503905062329	0.0632247829323547	-0.0124127324804148	0.0274227097679367	0.027477613247991	-0.0405812882361449	0.0649794801069448	-0.013792138809224	0.0069946021356171	0.0284272975710776	0.0230408037889122	0.0083378728161032	0.0122170227497598	-6.2156773	-7.966119	2.0720832	10.47015	-6.399685	-8.128786	1.8329847	10.23079	0.4764159	0.5882918	1.8169476	0.7984537
2020-05-26 06:45:00	2020-05-26 06:55:00	14.384652295990174	1.6249694173053355	-13.33597694195629	-5.140857292525143	262.449	-0.158	-4.098	-0.55	0.0098381928099086	-0.0064305309737501	-0.0018405307515541	0.0987190033720966	-0.002705442988834	0.0111982396757748	-0.0075519126501252	-0.0084047010119554	0.0920646855520906	-0.0015891782400331	0.0582429512298525	0.0636556742993617	0.064589113655715	0.0448567445802408	0.0410143366678739	-7.395713	-13.326358	16.890461	26.113293	-6.3268	-13.707823	20.375986	25.89172	7.74717	4.569012	9.440782	2.3863556
2020-05-26 09:35:00	2020-05-26 09:45:00	11.111705618300888	2.48334083515962	-9.997823859802198	-4.164657248869637	267.82	-0.108	-4.063	-0.157	-0.0426689005607768	-0.0175820985718928	0.0592017065894008	0.0750640215306555	-0.0443263950114765	-0.0426689005607768	-0.0175820985718928	0.0592017065894008	0.0750640215306555	-0.0443263950114765	0.0	0.0	0.0	0.0	0.0	9.310398	-14.992907	15.043199	23.189837	9.310398	-14.992907	15.043199	23.189837	0.0	0.0	0.0	0.0
2020-05-27 10:55:00	2020-05-27 11:05:00	22.728542941736237	-11.204802270094946	-18.5615110021675	6.819734261587954	240.577	0.983	-2.222	-1.222	0.0010617936378698	-0.0013523967713917	0.0183681208453811	0.0550845532485846	-0.0010181150131026	-0.0038631030712313	-0.0061439451487327	0.0212010472568366	0.0507510588462678	-0.0022856714302941	0.0318361207923793	0.0372607249272307	0.0287006663220648	0.0230578554096274	0.0116306990639276	-1.1644263	-3.172435	-4.2927375	6.0458465	-1.2623997	-3.2027476	-4.7714024	6.3106365	1.6951027	2.0932188	1.8696117	2.0114577
2020-05-27 11:55:00	2020-05-27 12:05:00	23.257160670162847	-11.26024439818427	-19.233871146881057	6.645236552085169	252.099	1.775	-2.457	-0.79	0.022340758499014	-0.009872880772047	0.0114987115162158	0.0884392155197735	-0.0084510947790081	0.027800109788194	-0.0120660614345787	0.0071932037101257	0.0935295875979981	-0.0125535221297041	0.0264683147621359	0.0572096982862506	0.0624713172097594	0.0279909901236852	0.0242832333403108	-3.447708	-1.8861581	-6.6653504	8.814406	-3.0714731	-1.8038675	-7.363308	9.025665	1.8134507	3.951771	2.1924562	2.4268043
2020-05-30 11:20:00	2020-05-30 11:30:00	13.865855241177751	-9.23604736777451	-7.900384055790984	6.673772955865208	270.261	5.477	-10.423	0.052	0.0769811908202973	0.0110575728895677	0.0077923673194618	0.0812403316842939	0.0046581042213599	0.0769811908202973	0.0110575728895677	0.0077923673194618	0.0812403316842939	0.0046581042213599	0.0066442085232728	0.0149588371141227	0.0160181504394867	0.0057962585170149	0.002498745450252	52.31808	15.621847	5.2178445	55.13169	52.31808	15.621847	5.2178445	55.13169	1.4915504	4.641289	3.605056	2.389368
2020-05-30 13:35:00	2020-05-30 13:45:00	16.118971506565902	-10.220738959943354	-10.551295828525252	6.635077084898206	288.296	4.653	-8.377	2.793	-0.044818096504415	-0.0122674123040907	-0.0137656010107704	0.1040213483873012	0.0043474583072025	-0.0818970947992901	-0.030638257877133	-0.0273359127613127	0.0916138041389163	-0.0011331037111905	0.0709518544899314	0.0513633782882889	0.0353180597887377	0.0211643488390307	0.0100088543690383	20.313126	3.6778915	6.4182606	21.773392	18.94388	3.2703302	6.203001	19.919918	3.5653973	1.8600572	0.50276417	3.1125562
