Start_str	Mgs#_avg	Clang_avg	Rmag_avg	omniBxGSE_avg(nT)	omniByGSE_avg(nT)	omniBzGSE_avg(nT)	Bdeviat	Dtheta	Shock_Ang(deg)	OMNIVsw_avg(km/s)	End_str
2020-09-01 02:20:00	6.9	112.376	14.807	-1.533	4.333	-0.388	0.07	29.70	76.751	575.533	2020-09-01 02:45:00
2020-09-01 04:35:00	5.95	78.074	12.339	-5.15	2.968	1.95	0.07	21.61	38.961	577.667	2020-09-01 05:00:00
2020-09-04 18:20:00	5.6	122.349	9.897	-2.69	3.795	-0.95	0.06	23.84	61.026	405.1	2020-09-04 18:45:00
2020-09-04 19:00:00	5.6	108.342	8.949	-2.453	3.803	-0.135	0.04	24.39	62.369	405.617	2020-09-04 19:25:00
2020-09-05 02:15:00	5.82	96.819	7.108	-3.003	2.995	0.535	0.03	16.84	50.137	404.933	2020-09-05 02:40:00
2020-09-05 02:45:00	5.52	102.044	7.912	-3.375	2.795	0.295	0.03	19.31	44.644	399.55	2020-09-05 03:10:00
2020-09-05 03:35:00	5.23	82.26	9.166	-3.835	1.758	0.897	0.03	27.48	31.17	386.617	2020-09-05 04:00:00
2020-09-05 04:10:00	5.45	125.3	9.988	-3.515	2.535	-0.568	0.02	25.50	41.872	395.5	2020-09-05 04:35:00
2020-09-05 04:55:00	5.55	114.278	10.986	-3.162	3.13	-0.067	0.00	16.12	49.774	398.733	2020-09-05 05:20:00
2020-09-05 05:25:00	5.48	114.637	11.617	-3.377	2.772	-0.01	0.02	24.36	44.498	394.7	2020-09-05 05:50:00
2020-09-05 06:00:00	5.63	122.105	12.324	-2.607	3.398	-0.363	0.04	23.44	57.928	400.633	2020-09-05 06:25:00
2020-09-05 06:45:00	5.73	119.557	13.188	-1.988	4.037	-0.19	0.06	27.02	68.783	402.483	2020-09-05 07:10:00
2020-09-05 08:10:00	5.35	134.311	14.701	-4.105	2.163	-0.543	0.03	19.68	33.56	386.3	2020-09-05 08:35:00
2020-09-05 09:05:00	5.72	121.471	15.607	-2.397	3.735	0.022	0.02	25.96	62.609	400.317	2020-09-05 09:30:00
2020-09-07 12:45:00	6.0	104.244	23.997	0.36	4.478	1.332	0.02	9.94	85.238	362.667	2020-09-07 13:10:00
2020-09-07 13:15:00	6.17	108.711	23.762	0.895	4.58	0.92	0.01	5.01	88.81600189208984	366.15	2020-09-07 13:40:00
2020-09-07 14:00:00	6.4	110.987	23.395	1.537	4.39	0.597	0.03	9.74	80.69499969482422	377.45	2020-09-07 14:25:00
2020-09-07 14:35:00	6.2	99.127	23.097	-0.057	4.463	1.475	0.05	26.66	80.582	365.45	2020-09-07 15:00:00
2020-09-07 15:05:00	6.23	104.226	22.834	0.442	4.84	1.048	0.03	6.96	85.564	368.0	2020-09-07 15:30:00
2020-09-07 15:35:00	6.1	108.247	22.563	0.815	4.822	0.615	0.02	21.94	89.632	372.717	2020-09-07 16:00:00
2020-09-07 16:05:00	5.6	86.947	22.284	-1.792	4.227	2.128	0.06	13.38	61.611	360.25	2020-09-07 16:30:00
2020-09-07 16:35:00	5.48	78.84	21.997	-2.365	3.542	2.37	0.01	17.09	54.622	357.233	2020-09-07 17:00:00
2020-09-07 17:05:00	5.48	68.093	21.701	-2.555	3.003	2.838	0.01	5.84	53.383	352.95	2020-09-07 17:30:00
2020-09-07 17:35:00	5.43	60.86	21.397	-2.845	2.503	2.912	0.01	10.67	49.86	349.833	2020-09-07 18:00:00
2020-09-07 18:05:00	5.58	66.206	21.083	-2.772	2.727	2.562	0.08	24.23	48.976	350.15	2020-09-07 18:30:00
2020-09-07 18:35:00	5.68	84.954	20.761	-2.292	3.79	1.595	0.06	18.66	52.793	352.733	2020-09-07 19:00:00
2020-09-07 19:05:00	5.65	84.864	20.429	-1.773	4.227	1.71	0.02	5.12	60.298	353.35	2020-09-07 19:30:00
2020-09-07 19:35:00	5.63	85.705	20.088	-1.568	4.307	1.583	0.03	8.45	62.451	354.733	2020-09-07 20:00:00
2020-09-07 20:05:00	5.53	85.511	19.737	-2.072	4.042	1.435	0.01	16.40	55.513	350.483	2020-09-07 20:30:00
2020-09-07 20:35:00	5.33	74.919	19.376	-2.858	3.308	1.88	0.02	1.82	45.828	344.883	2020-09-07 21:00:00
2020-09-07 21:05:00	5.38	78.57	19.004	-2.543	3.715	1.762	0.03	6.80	50.279	345.3	2020-09-07 21:30:00
2020-09-07 21:35:00	5.43	82.024	18.621	-2.402	4.03	1.598	0.02	4.95	52.473	346.333	2020-09-07 22:00:00
2020-09-07 22:05:00	5.22	84.021	18.227	-2.813	3.92	1.382	0.01	9.60	47.13	344.383	2020-09-07 22:30:00
2020-09-07 22:35:00	5.05	76.029	17.821	-3.137	3.483	1.8	0.03	7.68	43.721	340.883	2020-09-07 23:00:00
2020-09-07 23:45:00	6.18	72.319	16.826	-2.962	2.117	1.3	0.09	6.67	33.494	347.2	2020-09-08 00:10:00
2020-09-08 00:15:00	6.02	77.822	16.378	-2.857	2.262	1.137	0.07	12.41	34.124	343.817	2020-09-08 00:40:00
2020-09-08 01:00:00	5.55	83.211	15.679	-2.487	3.452	1.327	0.10	28.60	47.714	338.983	2020-09-08 01:25:00
2020-09-08 01:35:00	5.28	76.376	15.112	-3.165	2.722	1.528	0.03	15.15	37.724	336.65	2020-09-08 02:00:00
2020-09-08 02:20:00	5.38	85.999	14.351	-2.792	2.838	1.082	0.09	26.75	39.499	333.95	2020-09-08 02:45:00
2020-09-08 02:50:00	5.38	101.702	13.822	-2.065	3.587	0.438	0.03	5.45	59.677	329.0	2020-09-08 03:15:00
2020-09-08 04:40:00	5.15	133.845	11.714	-3.253	2.145	-0.798	0.04	12.01	39.414	314.183	2020-09-08 05:05:00
2020-09-08 05:45:00	5.43	108.788	10.322	-3.475	1.888	0.223	0.02	11.27	32.817	319.3	2020-09-08 06:10:00
2020-09-08 06:15:00	5.45	123.584	9.636	-3.263	2.14	-0.268	0.03	18.80	37.95	319.117	2020-09-08 06:40:00
2020-09-12 05:20:00	6.0	106.881	12.073	-2.0	2.905	0.425	0.04	23.55	60.704	303.783	2020-09-12 05:45:00
2020-09-12 14:25:00	5.45	122.31	20.292	-1.302	4.782	-0.387	0.09	23.62	64.221	341.517	2020-09-12 14:50:00
2020-09-12 16:20:00	5.25	64.518	21.528	-4.275	1.033	1.187	0.02	13.44	18.711	335.55	2020-09-12 16:45:00
2020-09-12 16:50:00	5.38	76.56	21.829	-3.848	1.478	1.077	0.10	17.13	20.78	334.967	2020-09-12 17:15:00
2020-09-12 18:00:00	5.45	118.539	22.498	-1.475	3.992	-0.628	0.02	8.68	75.969	329.633	2020-09-12 18:25:00
2020-09-12 18:30:00	5.37	107.748	22.771	-2.272	3.665	0.055	0.04	13.04	63.833	325.083	2020-09-12 18:55:00
2020-09-12 19:00:00	5.35	114.624	23.036	-2.723	3.005	-0.45	0.06	25.78	54.348	325.3	2020-09-12 19:25:00
2020-09-12 19:30:00	5.43	131.195	23.294	-0.78	3.762	-1.745	0.09	17.23	85.029	333.25	2020-09-12 19:55:00
2020-09-12 20:40:00	5.72	121.989	23.865	2.107	3.668	-1.105	0.03	25.33	61.058998107910156	341.317	2020-09-12 21:05:00
2020-09-14 13:30:00	5.2	72.193	23.496	-5.507	3.807	4.09	0.06	24.66	43.049	426.833	2020-09-14 13:55:00
2020-09-14 16:00:00	5.08	53.816	22.163	-6.317	1.993	3.513	0.03	17.31	32.412	419.55	2020-09-14 16:25:00
2020-09-14 16:30:00	5.08	54.623	21.872	-5.875	2.452	3.928	0.02	28.88	37.765	420.233	2020-09-14 16:55:00
2020-09-14 17:00:00	5.03	64.05	21.572	-5.605	3.092	3.467	0.02	17.91	37.241	420.533	2020-09-14 17:25:00
2020-09-14 17:45:00	5.17	62.031	21.107	-5.708	2.445	2.615	0.09	29.42	30.024	413.083	2020-09-14 18:10:00
2020-09-14 18:25:00	5.48	96.032	20.676	-5.778	0.705	0.16	0.02	23.50	5.717	394.833	2020-09-14 18:50:00
2020-09-14 18:55:00	5.48	101.707	20.342	-5.288	1.705	0.128	0.04	22.12	10.76	393.217	2020-09-14 19:20:00
2020-09-14 19:25:00	5.47	89.07	19.998	-4.515	2.837	0.9	0.07	6.77	26.366	393.917	2020-09-14 19:50:00
2020-09-14 19:55:00	5.5	80.726	19.644	-4.797	1.152	0.56	0.06	17.65	10.811	387.117	2020-09-14 20:20:00
2020-09-14 20:45:00	5.32	121.465	19.032	-5.023	1.815	-0.47	0.08	28.01	11.368	391.85	2020-09-14 21:10:00
2020-09-14 21:40:00	5.4	96.776	18.323	-3.717	3.082	0.392	0.07	27.27	32.101	392.95	2020-09-14 22:05:00
2020-09-14 22:25:00	5.13	119.497	17.715	-3.553	3.24	-0.895	0.06	27.75	34.247	388.433	2020-09-14 22:50:00
2020-09-14 23:00:00	5.03	132.739	17.222	-3.143	3.193	-1.763	0.10	13.81	39.877	380.45	2020-09-14 23:25:00
2020-09-15 02:05:00	5.68	121.454	14.304	-1.55	2.9	-0.725	0.04	20.10	52.679	357.567	2020-09-15 02:30:00
2020-09-15 03:10:00	5.45	133.365	13.131	-1.662	3.12	-1.35	0.09	15.55	70.784	350.633	2020-09-15 03:35:00
2020-09-15 03:40:00	5.37	112.024	12.559	-2.312	3.048	-0.047	0.04	26.23	59.815	344.717	2020-09-15 04:05:00
2020-09-15 05:40:00	5.7	115.404	10.036	-1.885	3.743	-0.033	0.08	21.95	65.178	361.5	2020-09-15 06:05:00
2020-09-15 16:15:00	5.7	50.07	10.84	-3.585	0.772	1.61	0.03	28.28	29.981	373.417	2020-09-15 16:40:00
2020-09-15 19:35:00	6.08	120.48	14.668	0.528	3.367	-0.847	0.10	8.76	73.90699768066406	370.05	2020-09-15 20:00:00
2020-09-15 21:05:00	6.25	68.379	16.124	-1.728	2.595	1.885	0.06	19.34	56.455	360.517	2020-09-15 21:30:00
2020-09-15 23:00:00	6.4	55.294	17.799	-1.52	1.588	1.862	0.03	29.91	55.504	355.783	2020-09-15 23:25:00
2020-09-15 23:30:00	6.37	60.103	18.205	-2.223	1.54	1.51	0.02	13.21	40.322	353.933	2020-09-15 23:55:00
2020-09-16 01:40:00	6.7	90.914	19.835	-1.518	1.557	0.438	0.07	25.11	39.443	351.833	2020-09-16 02:05:00
2020-09-16 02:25:00	6.6	82.08	20.353	-1.903	1.203	0.597	0.05	17.37	28.867	350.817	2020-09-16 02:50:00
2020-09-16 03:00:00	6.65	85.3	20.741	-1.838	1.167	0.533	0.08	15.88	28.368	349.75	2020-09-16 03:25:00
2020-09-16 03:30:00	6.7	92.974	21.064	-1.698	1.338	0.442	0.08	14.30	32.007	347.933	2020-09-16 03:55:00
2020-09-18 07:40:00	5.87	101.45	19.719	-1.775	2.003	0.67	0.10	15.37	55.257	297.467	2020-09-18 08:05:00
2020-09-18 08:30:00	5.75	103.054	19.111	-3.203	1.165	0.388	0.08	18.06	26.763	299.983	2020-09-18 08:55:00
2020-09-18 09:00:00	5.8	107.479	18.732	-2.998	1.708	0.412	0.02	19.39	36.286	300.217	2020-09-18 09:25:00
2020-09-18 09:30:00	5.75	106.604	18.342	-2.81	1.645	0.442	0.07	12.79	36.962	297.667	2020-09-18 09:55:00
2020-09-18 10:00:00	5.7	103.922	17.941	-3.123	1.285	0.433	0.03	15.41	29.059	296.55	2020-09-18 10:25:00
2020-09-18 10:30:00	5.72	122.421	17.527	-2.96	1.373	0.03	0.06	11.72	31.005	295.567	2020-09-18 10:55:00
2020-09-18 11:10:00	5.88	116.915	16.956	-2.385	1.618	0.167	0.07	11.63	40.307	294.75	2020-09-18 11:35:00
2020-09-18 11:40:00	5.92	115.641	16.513	-1.46	2.283	0.277	0.06	10.51	63.391	293.867	2020-09-18 12:05:00
2020-09-18 12:10:00	5.88	126.351	16.056	-2.292	1.562	-0.083	0.10	28.54	40.261	291.467	2020-09-18 12:35:00
2020-09-19 02:45:00	5.87	87.221	8.91	-1.548	1.913	0.77	0.03	25.77	59.14	313.733	2020-09-19 03:10:00
2020-09-19 03:15:00	5.9	98.075	9.626	-1.302	2.033	0.46	0.09	25.35	64.719	314.483	2020-09-19 03:40:00
2020-09-19 07:15:00	5.25	111.53	14.42	-2.347	2.818	0.367	0.08	18.03	57.454	309.983	2020-09-19 07:40:00
2020-09-19 08:05:00	5.58	103.564	15.258	-1.273	2.533	0.787	0.10	21.36	70.797	310.85	2020-09-19 08:30:00
2020-09-22 19:10:00	5.1	59.296	14.608	-3.512	1.082	1.175	0.03	26.61	22.231	333.55	2020-09-22 19:35:00
2020-09-22 22:05:00	5.23	107.486	17.327	-2.252	3.022	-0.177	0.05	10.63	44.484	333.35	2020-09-22 22:30:00
2020-09-25 02:05:00	6.0	127.29	23.01	-0.508	4.55	-1.613	0.09	12.76	77.153	471.967	2020-09-25 02:30:00
2020-09-25 03:15:00	5.25	102.385	22.377	-3.83	3.835	0.547	0.02	12.69	39.691	465.467	2020-09-25 03:40:00
2020-09-25 03:50:00	5.4	89.113	22.045	-4.108	3.342	1.36	0.03	19.22	36.98	461.233	2020-09-25 04:15:00
2020-09-25 10:10:00	5.88	55.526	17.616	-3.925	0.985	2.348	0.07	13.58	33.628	501.433	2020-09-25 10:35:00
2020-09-25 16:10:00	6.87	134.137	11.522	2.048	4.123	-1.48	0.09	24.74	55.46099853515625	480.7	2020-09-25 16:35:00
2020-09-25 18:00:00	6.38	74.469	9.063	-2.707	2.765	1.957	0.06	7.02	60.127	499.0	2020-09-25 18:25:00
2020-09-26 01:20:00	5.48	134.028	7.068	-2.508	4.24	-2.187	0.07	13.34	72.46	533.1	2020-09-26 01:45:00
2020-09-26 01:50:00	5.88	130.578	7.87	-2.82	3.865	-1.628	0.07	10.45	66.467	520.333	2020-09-26 02:15:00
2020-09-26 02:20:00	5.7	125.875	8.633	-3.34	3.782	-1.185	0.02	4.62	60.451	508.417	2020-09-26 02:45:00
2020-09-26 02:50:00	6.22	128.372	9.362	-3.078	3.72	-1.278	0.03	10.18	62.578	505.283	2020-09-26 03:15:00
2020-09-26 03:20:00	6.5	129.806	10.058	-2.102	4.252	-1.473	0.03	5.43	75.416	503.667	2020-09-26 03:45:00
2020-09-26 04:15:00	6.52	129.827	11.26	-2.422	4.402	-1.338	0.10	9.08	72.686	499.8	2020-09-26 04:40:00
2020-09-26 05:30:00	6.78	123.079	12.765	-2.39	4.893	-0.605	0.05	17.96	74.886	495.767	2020-09-26 05:55:00
2020-09-28 17:00:00	6.8	124.154	21.592	-1.61	5.675	-1.243	0.04	24.11	86.311	619.65	2020-09-28 17:25:00
2020-09-28 17:35:00	6.55	125.55	21.233	-2.042	4.538	-1.273	0.04	21.45	78.027	609.4	2020-09-28 18:00:00
2020-09-28 19:45:00	6.35	113.542	19.789	-2.655	5.755	-0.763	0.04	22.45	77.379	608.233	2020-09-28 20:10:00
2020-09-28 23:55:00	6.42	110.598	16.452	-0.943	6.3	-0.653	0.08	27.60	86.34200286865234	636.267	2020-09-29 00:20:00
2020-09-29 15:40:00	6.97	117.976	9.907	-3.06	2.497	-0.125	0.07	23.69	51.621	636.717	2020-09-29 16:05:00
2020-09-29 17:05:00	6.48	133.812	11.742	-3.897	1.28	-0.553	0.06	24.08	31.241	608.767	2020-09-29 17:30:00
2020-09-29 18:05:00	6.5	118.334	12.92	-3.797	1.367	-0.165	0.04	25.60	31.881	598.167	2020-09-29 18:30:00
2020-09-29 18:35:00	6.52	113.763	13.478	-3.845	1.227	-0.133	0.10	11.65	29.634	594.083	2020-09-29 19:00:00
2020-09-29 19:05:00	6.6	73.32	14.016	-3.45	1.692	1.195	0.08	25.41	41.301	593.233	2020-09-29 19:30:00
2020-09-29 19:55:00	6.7	90.684	14.875	-3.533	2.113	0.585	0.05	10.75	43.3	589.367	2020-09-29 20:20:00
2020-10-02 04:55:00	6.8	96.294	21.649	-2.295	2.1	0.723	0.02	27.12	54.92	493.217	2020-10-02 05:20:00
2020-10-02 05:25:00	6.85	101.489	21.345	-2.133	2.447	0.615	0.05	8.76	60.592	496.55	2020-10-02 05:50:00
2020-10-03 02:10:00	6.3	110.502	7.56	-1.233	3.007	-0.098	0.05	24.62	78.259	454.083	2020-10-03 02:35:00
2020-10-03 02:40:00	6.33	96.461	8.332	-0.923	2.738	0.63	0.04	14.87	81.193	457.2	2020-10-03 03:05:00
2020-10-03 03:55:00	6.32	81.197	10.115	2.033	2.532	1.515	0.04	18.04	46.6870002746582	479.217	2020-10-03 04:20:00
2020-10-03 04:35:00	6.4	100.644	10.99	1.988	2.637	0.613	0.05	29.21	43.683998107910156	478.883	2020-10-03 05:00:00
2020-10-03 05:05:00	6.03	108.853	11.616	-0.135	3.027	0.265	0.09	21.90	82.44000244140625	450.733	2020-10-03 05:30:00
2020-10-03 05:35:00	5.97	118.033	12.219	-0.338	3.65	-0.135	0.04	14.00	84.75399780273438	448.133	2020-10-03 06:00:00
2020-10-03 06:35:00	6.02	86.86	13.36	-0.812	2.8	1.718	0.05	10.28	84.729	444.95	2020-10-03 07:00:00
2020-10-03 07:05:00	6.02	93.934	13.901	-0.998	3.03	1.43	0.02	20.51	82.823	443.2	2020-10-03 07:30:00
2020-10-03 07:35:00	5.95	104.911	14.424	-0.997	3.137	0.848	0.03	22.90	83.077	442.067	2020-10-03 08:00:00
2020-10-03 09:20:00	5.97	108.226	16.127	-0.91	3.223	0.783	0.02	19.86	84.56	439.317	2020-10-03 09:45:00
2020-10-03 09:50:00	5.97	109.279	16.58	-0.82	3.282	0.763	0.04	16.84	86.164	436.75	2020-10-03 10:15:00
2020-10-03 10:30:00	6.1	129.783	17.164	-0.498	3.505	-0.457	0.04	28.11	87.69599914550781	442.533	2020-10-03 10:55:00
2020-10-03 11:05:00	5.9	80.508	17.655	-1.918	2.197	1.973	0.04	12.56	64.711	424.483	2020-10-03 11:30:00
2020-10-03 14:05:00	5.85	66.524	19.936	-1.928	2.102	2.663	0.02	15.60	58.769	413.067	2020-10-03 14:30:00
2020-10-03 15:25:00	5.53	115.775	20.831	-1.698	3.532	-0.01	0.03	23.60	74.373	409.667	2020-10-03 15:50:00
2020-10-03 16:30:00	5.82	96.356	21.51	-0.315	3.702	1.103	0.03	18.48	84.99199676513672	424.55	2020-10-03 16:55:00
2020-10-03 17:00:00	5.88	109.491	21.809	-0.83	3.668	0.133	0.03	26.62	87.346	416.25	2020-10-03 17:25:00
2020-10-03 17:30:00	5.97	100.65	22.1	0.235	3.627	0.623	0.03	14.09	76.41300201416016	422.217	2020-10-03 17:55:00
2020-10-03 19:25:00	5.45	129.95	23.14	-2.67	2.08	-0.965	0.03	28.68	49.488	391.583	2020-10-03 19:50:00
2020-10-03 19:55:00	5.47	121.23	23.392	-2.495	2.612	-0.758	0.04	28.82	57.088	393.783	2020-10-03 20:20:00
2020-10-07 02:15:00	6.08	54.738	20.042	-3.55	3.043	3.997	0.08	12.95	59.828	325.133	2020-10-07 02:40:00
2020-10-07 03:35:00	6.35	86.634	20.928	-2.355	3.143	1.307	0.04	17.48	62.46	325.217	2020-10-07 04:00:00
2020-10-17 03:25:00	5.62	111.284	8.833	-0.592	4.332	-0.16	0.07	9.50	87.761	317.983	2020-10-17 03:50:00
2020-10-19 12:45:00	6.32	125.181	23.973	-1.868	2.728	-0.32	0.05	10.14	61.22	348.3	2020-10-19 13:10:00
2020-10-19 19:35:00	6.17	101.261	20.109	-2.888	4.302	0.203	0.06	18.41	53.761	385.3	2020-10-19 20:00:00
2020-10-19 21:20:00	5.2	103.389	18.85	-4.217	1.902	-0.058	0.09	13.89	30.58	404.4	2020-10-19 21:45:00
2020-10-20 05:05:00	5.68	71.654	11.356	-1.325	2.688	2.358	0.09	29.40	75.352	399.383	2020-10-20 05:30:00
2020-10-20 21:55:00	6.67	91.11	16.292	-0.545	2.197	0.405	0.08	23.50	81.623	360.0	2020-10-20 22:20:00
2020-10-20 22:25:00	6.75	72.164	16.738	-0.182	2.132	1.205	0.08	19.00	89.28600311279297	361.917	2020-10-20 22:50:00
2020-10-20 23:00:00	6.73	106.948	17.242	-0.423	2.537	-0.258	0.09	28.67	85.632	361.033	2020-10-20 23:25:00
2020-10-21 04:30:00	5.82	94.063	21.245	-5.632	4.192	1.287	0.06	11.04	43.272	379.417	2020-10-21 04:55:00
2020-10-21 05:10:00	5.98	56.395	21.651	-3.727	3.105	4.787	0.06	21.25	60.831	379.0	2020-10-21 05:35:00
2020-10-24 07:10:00	5.35	127.973	13.498	-4.545	2.403	-0.477	0.03	26.55	34.166	523.217	2020-10-24 07:35:00
2020-10-24 07:55:00	5.68	126.975	14.294	-3.298	3.7	-0.628	0.02	20.43	54.669	537.517	2020-10-24 08:20:00
2020-10-24 11:35:00	5.47	109.202	17.681	-3.847	2.42	0.41	0.03	24.34	38.913	532.733	2020-10-24 12:00:00
2020-10-24 12:40:00	5.62	119.935	18.546	-4.012	2.54	-0.103	0.08	21.58	38.289	530.733	2020-10-24 13:05:00
2020-10-24 13:50:00	5.7	117.688	19.42	-3.657	3.27	-0.115	0.04	18.20	47.958	542.917	2020-10-24 14:15:00
2020-10-24 14:45:00	6.13	120.817	20.067	-3.147	2.865	-0.35	0.05	22.71	48.593	558.967	2020-10-24 15:10:00
2020-10-24 16:10:00	5.88	133.306	21.002	-3.725	2.2	-0.92	0.02	16.33	37.846	548.083	2020-10-24 16:35:00
2020-10-24 17:10:00	6.38	130.89	21.619	-3.368	2.375	-0.977	0.04	25.71	42.772	555.133	2020-10-24 17:35:00
2020-10-24 17:55:00	6.65	130.482	22.058	-3.558	1.805	-0.818	0.01	21.76	34.523	574.283	2020-10-24 18:20:00
2020-10-26 22:15:00	6.63	120.936	18.474	2.428	3.52	-1.34	0.08	8.63	52.9109992980957	619.4	2020-10-26 22:40:00
2020-10-27 21:00:00	5.73	116.237	15.002	-3.995	1.928	-0.518	0.03	28.27	30.362	494.133	2020-10-27 21:25:00
2020-10-30 01:05:00	6.45	101.976	23.987	2.755	2.852	-0.038	0.03	18.77	44.49300003051758	412.9	2020-10-30 01:30:00
2020-10-30 01:40:00	6.53	90.811	23.716	2.36	2.852	0.63	0.09	17.79	49.415000915527344	411.483	2020-10-30 02:05:00
2020-10-30 02:35:00	6.57	103.08	23.271	3.068	1.898	0.067	0.06	16.60	30.408000946044922	412.733	2020-10-30 03:00:00
2020-10-30 05:05:00	7.0	130.106	21.925	2.417	1.24	-0.368	0.07	27.41	27.576000213623047	412.6	2020-10-30 05:30:00
2020-10-30 08:05:00	6.42	128.942	20.032	-1.597	2.065	-0.432	0.10	15.92	54.075	402.533	2020-10-30 08:30:00
2020-10-30 08:35:00	6.75	126.363	19.684	-1.335	1.993	-0.297	0.09	26.79	58.724	423.283	2020-10-30 09:00:00
2020-10-30 10:55:00	6.12	116.028	17.922	-2.338	2.0	0.06	0.08	28.35	42.345	409.317	2020-10-30 11:20:00
2020-10-30 13:25:00	6.95	132.941	15.747	2.123	0.667	-0.217	0.05	21.91	18.0049991607666	403.433	2020-10-30 13:50:00
2020-10-31 05:15:00	5.58	126.415	10.764	-0.71	5.495	-1.497	0.09	12.35	83.388	410.167	2020-10-31 05:40:00
2020-10-31 09:50:00	5.55	121.041	15.777	-2.24	5.423	-0.27	0.07	13.57	68.101	393.267	2020-10-31 10:15:00
2020-11-06 19:25:00	5.68	70.773	8.905	5.062	3.012	1.63	0.03	25.13	35.90399932861328	460.15	2020-11-06 19:50:00
2020-11-06 20:30:00	5.4	65.565	7.261	4.608	3.018	2.005	0.03	29.79	40.04899978637695	453.35	2020-11-06 20:55:00
2020-11-07 05:50:00	6.18	84.429	11.416	4.237	3.038	1.485	0.02	17.50	40.08399963378906	500.717	2020-11-07 06:15:00
2020-11-07 13:40:00	5.7	97.825	18.937	3.772	3.018	0.892	0.06	17.54	42.05799865722656	479.683	2020-11-07 14:05:00
2020-11-17 01:25:00	6.22	83.402	15.964	1.95	1.807	0.425	0.08	14.88	56.17100143432617	292.683	2020-11-17 01:50:00
2020-11-17 20:45:00	5.02	95.955	14.476	-2.792	3.247	-0.112	0.06	15.07	36.394	297.167	2020-11-17 21:10:00
2020-11-18 02:10:00	5.15	124.522	19.165	-1.397	3.708	-1.86	0.05	7.60	58.517	293.217	2020-11-18 02:35:00
2020-11-18 06:05:00	5.07	124.974	21.746	-1.013	4.065	-1.235	0.03	16.60	62.708	283.833	2020-11-18 06:30:00
2020-11-18 07:15:00	5.47	52.1	22.411	-3.545	0.595	0.925	0.09	29.79	17.155	291.267	2020-11-18 07:40:00
2020-11-18 07:45:00	5.52	70.645	22.682	-3.423	0.913	0.775	0.05	16.82	14.257	292.083	2020-11-18 08:10:00
2020-11-18 08:15:00	5.6	90.651	22.945	-3.127	1.547	0.592	0.05	19.14	17.201	292.167	2020-11-18 08:40:00
2020-11-18 08:45:00	5.6	99.835	23.201	-3.048	1.517	0.353	0.01	14.79	14.76	291.667	2020-11-18 09:10:00
2020-11-18 09:15:00	5.62	113.665	23.449	-2.898	1.592	-0.022	0.05	10.16	15.042	291.983	2020-11-18 09:40:00
2020-11-18 09:45:00	5.62	128.569	23.69	-2.775	1.362	-0.385	0.08	26.14	14.137	290.05	2020-11-18 10:10:00
2020-11-20 14:30:00	5.75	49.337	15.147	-2.817	1.02	1.658	0.08	9.34	30.557	349.7	2020-11-20 14:55:00
2020-11-21 04:55:00	5.42	116.493	9.772	-3.562	4.247	-0.903	0.06	12.31	36.505	347.633	2020-11-21 05:20:00
2020-11-21 05:30:00	5.38	105.678	10.552	-4.28	3.982	-0.007	0.10	19.24	29.225	349.95	2020-11-21 05:55:00
2020-11-21 06:00:00	5.37	96.521	11.192	-4.198	4.083	0.773	0.07	8.15	31.27	350.25	2020-11-21 06:25:00
2020-11-21 06:30:00	5.15	87.2	11.807	-4.553	3.815	1.432	0.03	28.27	30.578	347.45	2020-11-21 06:55:00
2020-11-24 02:20:00	6.98	126.267	15.522	-2.297	0.595	-0.347	0.04	28.57	7.297	458.683	2020-11-24 02:45:00
2020-11-24 03:35:00	7.0	119.204	14.285	-2.175	0.832	-0.315	0.06	20.85	9.609	456.083	2020-11-24 04:00:00
2020-11-24 06:00:00	7.0	107.79	11.577	-1.978	1.398	-0.052	0.05	12.29	36.927	449.35	2020-11-24 06:25:00
2020-11-24 19:15:00	6.38	53.005	12.363	-2.117	1.695	1.473	0.03	25.40	38.277	409.917	2020-11-24 19:40:00
2020-11-24 20:50:00	6.65	71.615	14.105	-2.277	1.722	0.653	0.01	12.16	26.35	406.567	2020-11-24 21:15:00
2020-11-24 21:20:00	6.7	91.808	14.617	-1.757	2.358	0.007	0.04	17.54	38.654	409.733	2020-11-24 21:45:00
2020-11-24 22:35:00	6.63	65.883	15.828	-1.857	2.497	1.18	0.06	14.39	43.804	410.267	2020-11-24 23:00:00
2020-11-24 23:05:00	6.7	49.66	16.287	-1.467	2.187	1.917	0.09	23.51	54.225	410.883	2020-11-24 23:30:00
2020-11-27 02:45:00	5.1	65.728	23.493	-3.125	5.808	3.36	0.07	10.10	63.678	415.483	2020-11-27 03:10:00
2020-11-27 03:50:00	5.17	79.311	22.951	-3.567	6.282	2.152	0.03	25.15	61.596	410.617	2020-11-27 04:15:00
2020-11-27 04:20:00	5.47	101.051	22.688	-1.013	7.658	-0.182	0.05	22.66	83.109	417.767	2020-11-27 04:45:00
2020-11-27 05:10:00	5.13	102.107	22.234	-3.335	6.36	-0.037	0.08	24.11	63.349	406.1	2020-11-27 05:35:00
2020-11-27 07:45:00	5.77	127.08	20.677	-2.498	4.607	-1.582	0.03	23.20	64.619	404.017	2020-11-27 08:10:00
2020-11-28 05:20:00	5.82	131.185	9.991	-1.423	3.773	-2.08	0.09	23.45	74.323	433.683	2020-11-28 05:45:00
2020-11-28 07:40:00	5.48	69.417	12.86	-3.888	1.52	1.188	0.07	19.64	25.241	422.183	2020-11-28 08:05:00
2020-11-28 11:00:00	6.37	115.493	16.225	-1.148	3.102	-0.31	0.04	27.71	71.286	432.217	2020-11-28 11:25:00
2020-11-28 14:15:00	5.63	57.463	18.905	3.28	2.145	2.247	0.02	27.37	45.80699920654297	411.917	2020-11-28 14:40:00
2020-11-28 15:30:00	5.45	81.894	19.808	0.24	4.657	1.703	0.09	21.60	88.16300201416016	408.2	2020-11-28 15:55:00
2020-11-28 16:20:00	5.47	98.44	20.376	-2.76	4.398	0.1	0.06	10.18	58.398	402.967	2020-11-28 16:45:00
2020-11-28 16:50:00	5.47	105.888	20.704	-1.975	4.627	-0.587	0.03	10.91	67.885	400.217	2020-11-28 17:15:00
2020-12-05 15:50:00	5.5	96.529	19.982	-1.91	4.37	0.105	0.09	23.98	65.863	379.117	2020-12-05 16:15:00
2020-12-08 00:40:00	5.07	125.351	17.278	-0.287	3.205	-2.547	0.05	13.88	87.227	349.467	2020-12-08 01:05:00
2020-12-08 01:20:00	5.3	132.255	16.703	2.193	2.995	-2.925	0.03	21.53	61.15800094604492	356.283	2020-12-08 01:45:00
2020-12-08 06:15:00	5.95	107.053	11.618	-0.97	2.983	-0.372	0.05	24.24	70.518	343.783	2020-12-08 06:40:00
2020-12-08 08:00:00	5.7	116.556	9.327	-2.193	3.382	-0.823	0.06	27.60	57.474	351.85	2020-12-08 08:25:00
2020-12-09 00:20:00	5.83	45.24	17.172	1.387	3.828	3.312	0.07	5.89	78.22200012207031	357.8	2020-12-09 00:45:00
2020-12-15 00:15:00	5.48	97.311	17.653	-3.023	2.243	-0.578	0.05	23.77	18.07	344.1	2020-12-15 00:40:00
2020-12-15 03:50:00	5.52	94.105	14.356	-2.198	2.53	-0.113	0.07	28.97	28.888	345.783	2020-12-15 04:15:00
2020-12-15 07:45:00	5.48	81.418	9.716	-2.702	2.292	0.807	0.03	15.42	22.987	337.283	2020-12-15 08:10:00
2020-12-15 08:20:00	5.83	130.379	8.893	-2.58	1.307	-0.713	0.05	12.14	15.25	335.883	2020-12-15 08:45:00
2020-12-16 04:20:00	6.25	104.555	20.204	1.375	1.152	-0.28	0.08	19.18	63.26100158691406	290.333	2020-12-16 04:45:00
2020-12-18 04:20:00	5.38	109.388	23.101	-2.383	2.367	-0.787	0.03	12.91	25.286	275.983	2020-12-18 04:45:00
2020-12-18 06:55:00	5.27	108.585	21.672	-0.54	4.638	-0.895	0.05	1.59	60.947	286.367	2020-12-18 07:20:00
2020-12-18 07:25:00	5.22	106.788	21.37	-1.135	4.538	-0.66	0.06	16.01	53.486	283.583	2020-12-18 07:50:00
2020-12-18 07:55:00	5.25	88.337	21.059	-2.275	3.9	0.767	0.07	18.03	37.964	280.967	2020-12-18 08:20:00
2020-12-18 08:25:00	5.22	85.782	20.74	-2.175	4.227	1.078	0.04	16.68	41.754	282.0	2020-12-18 08:50:00
2020-12-18 09:15:00	5.35	77.989	20.186	-2.045	3.715	1.583	0.09	6.49	42.543	283.667	2020-12-18 09:40:00
2020-12-18 10:00:00	5.02	89.551	19.665	-1.312	5.568	1.175	0.08	11.47	54.748	288.133	2020-12-18 10:25:00
2020-12-18 12:45:00	5.02	107.805	17.551	-1.208	5.437	-0.793	0.07	18.67	55.185	288.167	2020-12-18 13:10:00
2020-12-18 13:25:00	5.13	85.409	16.985	-2.453	4.693	1.057	0.10	20.63	41.336	287.683	2020-12-18 13:50:00
2020-12-18 13:55:00	5.03	100.342	16.546	-1.485	5.593	-0.287	0.05	9.15	52.382	289.733	2020-12-18 14:20:00
2020-12-18 17:20:00	5.28	83.005	13.144	-1.612	4.54	0.495	0.03	18.89	48.102	290.067	2020-12-18 17:45:00
2020-12-18 17:50:00	5.27	70.947	12.578	-1.205	4.5	1.392	0.03	27.08	54.509	291.283	2020-12-18 18:15:00
2020-12-18 18:20:00	5.35	73.103	11.991	-0.878	4.737	1.152	0.04	4.79	57.718	294.817	2020-12-18 18:45:00
2020-12-18 18:50:00	5.3	85.612	11.381	-1.757	4.658	0.038	0.04	17.81	46.747	293.233	2020-12-18 19:15:00
2020-12-18 19:25:00	5.4	90.018	10.639	-2.122	3.958	-0.378	0.08	6.11	39.2	290.967	2020-12-18 19:50:00
2020-12-18 21:45:00	5.47	86.526	7.272	-2.657	2.805	-0.275	0.04	26.62	24.912	288.35	2020-12-18 22:10:00
2020-12-19 04:15:00	5.4	108.886	7.508	-2.627	3.805	-1.283	0.09	12.87	35.839	289.233	2020-12-19 04:40:00
2020-12-19 04:45:00	5.27	91.435	8.281	-2.745	4.167	0.01	0.05	5.92	33.686	289.4	2020-12-19 05:10:00
2020-12-19 05:55:00	5.87	99.91	9.95	-2.42	2.593	-0.22	0.09	17.91	24.931	291.1	2020-12-19 06:20:00
2020-12-19 06:35:00	5.95	73.532	10.831	-1.583	2.377	1.048	0.08	29.28	39.071	290.5	2020-12-19 07:00:00
2020-12-19 08:35:00	5.05	131.029	13.217	-4.238	4.008	-2.428	0.09	24.46	30.934	299.233	2020-12-19 09:00:00
2020-12-19 15:55:00	5.25	57.735	19.711	-3.263	3.023	2.09	0.08	17.20	32.476	326.667	2020-12-19 16:20:00
2020-12-25 21:50:00	6.25	111.284	7.406	-3.54	0.517	-0.357	0.04	29.69	12.727	444.333	2020-12-25 22:15:00
2020-12-26 06:20:00	6.53	99.537	10.249	-2.952	1.123	-0.14	0.03	25.95	4.618	413.633	2020-12-26 06:45:00
2020-12-26 06:50:00	6.53	62.393	10.901	-2.947	1.058	0.662	0.04	24.01	11.907	411.617	2020-12-26 07:15:00
2020-12-26 07:55:00	6.4	60.253	12.229	-2.662	1.898	1.36	0.01	9.12	27.107	415.483	2020-12-26 08:20:00
2020-12-26 08:25:00	6.37	61.644	12.806	-2.39	1.95	1.375	0.05	11.96	31.33	415.7	2020-12-26 08:50:00
2021-01-02 08:20:00	5.62	55.381	12.484	2.387	2.003	1.552	0.08	23.28	53.99100112915039	336.617	2021-01-02 08:45:00
2021-01-12 08:45:00	6.55	95.396	9.757	1.773	4.473	-0.458	0.09	25.62	76.06300354003906	458.1	2021-01-12 09:10:00
2021-01-12 09:15:00	6.72	117.204	9.053	1.718	3.97	-2.035	0.02	13.94	75.44300079345703	459.467	2021-01-12 09:40:00
2021-01-12 18:35:00	6.17	59.713	9.974	-1.987	4.22	1.237	0.04	28.69	58.891	426.717	2021-01-12 19:00:00
2021-01-12 19:05:00	6.17	65.035	10.64	-1.452	4.688	0.802	0.06	24.73	65.452	426.717	2021-01-12 19:30:00
2021-01-13 08:20:00	5.5	122.974	22.134	1.128	4.003	-2.737	0.08	3.45	83.89299774169922	422.6	2021-01-13 08:45:00
2021-01-15 03:45:00	6.03	56.231	23.986	-0.172	2.515	0.945	0.07	12.02	70.442	298.3	2021-01-15 04:10:00
2021-01-18 16:25:00	5.65	104.3	23.716	-2.34	2.81	-1.342	0.06	27.39	40.626	278.983	2021-01-18 16:50:00
2021-01-20 11:15:00	6.07	88.221	23.351	-3.038	5.153	-0.083	0.10	17.61	48.802	345.533	2021-01-20 11:40:00
2021-01-22 13:40:00	5.8	91.791	17.887	0.022	3.968	-0.553	0.06	8.63	77.428	309.167	2021-01-22 14:05:00
2021-01-22 14:35:00	5.8	78.521	17.121	0.595	5.13	0.307	0.10	10.72	83.943	324.983	2021-01-22 15:00:00
2021-01-22 16:15:00	5.68	80.064	15.614	-0.835	5.745	-0.192	0.09	11.40	69.253	326.967	2021-01-22 16:40:00
2021-01-22 16:45:00	5.57	45.667	15.13	-1.417	4.555	2.75	0.06	17.03	63.444	323.9	2021-01-22 17:10:00
2021-01-23 05:15:00	5.57	95.88	7.036	-3.147	5.275	-1.75	0.04	19.13	49.808	336.917	2021-01-23 05:40:00
2021-01-23 05:45:00	5.63	78.09	7.832	-2.152	6.157	0.117	0.09	26.75	58.992	338.133	2021-01-23 06:10:00
2021-01-23 06:15:00	5.77	75.78	8.591	-2.705	5.672	0.465	0.03	6.94	52.391	339.25	2021-01-23 06:40:00
2021-01-23 06:45:00	5.5	91.5	9.316	-4.44	4.903	-0.848	0.04	11.43	36.653	331.1	2021-01-23 07:10:00
2021-01-23 07:15:00	5.35	105.841	10.009	-4.692	4.647	-1.982	0.01	9.86	36.965	330.683	2021-01-23 07:40:00
2021-01-23 08:00:00	5.37	126.884	10.996	-2.757	4.758	-4.393	0.06	13.48	59.619	332.083	2021-01-23 08:25:00
2021-01-23 08:30:00	5.43	124.133	11.621	-3.608	4.647	-3.775	0.09	7.24	50.956	328.133	2021-01-23 08:55:00
2021-01-23 09:00:00	5.75	131.973	12.223	-3.713	3.688	-3.872	0.01	9.00	48.698	328.667	2021-01-23 09:25:00
2021-01-23 10:00:00	5.6	126.341	13.363	-5.112	3.187	-2.622	0.10	19.97	31.953	324.383	2021-01-23 10:25:00
2021-01-23 10:30:00	5.25	81.981	13.903	-6.563	3.158	0.222	0.08	21.11	13.63	323.6	2021-01-23 10:55:00
2021-01-23 11:00:00	5.18	53.787	14.426	-6.52	2.505	1.603	0.02	19.01	14.257	321.6	2021-01-23 11:25:00
2021-01-23 11:30:00	5.12	45.551	14.932	-6.548	2.327	1.997	0.03	10.52	16.03	320.733	2021-01-23 11:55:00
2021-01-23 19:05:00	6.73	91.048	20.988	-0.04	3.82	-1.375	0.03	28.53	79.188	345.883	2021-01-23 19:30:00
2021-01-23 19:40:00	6.73	112.209	21.354	1.83	2.928	-2.653	0.06	18.85	73.36000061035156	353.733	2021-01-23 20:05:00
2021-02-01 16:50:00	5.75	73.083	23.789	-1.32	4.723	0.035	0.10	28.87	67.175	330.033	2021-02-01 17:15:00
2021-02-01 20:10:00	5.8	115.081	22.04	-1.948	3.54	-4.125	0.10	26.53	67.032	330.667	2021-02-01 20:35:00
2021-02-05 13:20:00	5.9	92.249	18.605	3.223	2.65	-0.598	0.05	28.82	44.41600036621094	403.833	2021-02-05 13:45:00
2021-02-05 15:05:00	5.47	121.325	17.181	4.48	0.57	-0.558	0.02	28.78	20.917999267578125	388.883	2021-02-05 15:30:00
2021-02-08 21:45:00	6.3	104.301	21.157	-3.388	2.175	-1.975	0.10	17.53	41.517	471.567	2021-02-08 22:10:00
2021-02-09 03:00:00	5.7	53.582	17.313	-0.713	4.772	1.082	0.08	23.80	78.922	452.283	2021-02-09 03:25:00
2021-02-09 08:45:00	5.17	95.492	11.413	-3.017	4.087	-1.137	0.08	29.78	54.014	454.033	2021-02-09 09:10:00
2021-02-09 09:20:00	5.48	99.376	10.669	-2.267	4.367	-1.645	0.05	26.84	63.247	480.333	2021-02-09 09:45:00
2021-02-09 09:50:00	5.27	74.81	10.003	-3.427	4.098	0.42	0.03	23.18	48.809	473.067	2021-02-09 10:15:00
2021-02-09 17:50:00	5.45	64.605	7.005	-4.127	2.44	0.185	0.05	6.51	28.634	431.5	2021-02-09 18:15:00
2021-02-09 19:55:00	5.1	55.605	10.105	-2.422	3.555	0.482	0.05	29.14	53.997	412.233	2021-02-09 20:20:00
2021-02-09 20:50:00	5.05	69.945	11.299	-2.993	3.43	-0.41	0.02	4.30	47.083	406.883	2021-02-09 21:15:00
2021-02-09 22:00:00	5.2	57.666	12.7	-2.243	3.982	0.287	0.08	13.64	58.41	412.917	2021-02-09 22:25:00
2021-02-09 23:00:00	5.03	63.571	13.809	-3.118	3.32	-0.103	0.07	7.48	44.634	401.05	2021-02-09 23:25:00
2021-02-10 02:45:00	5.4	51.122	17.378	-0.87	4.923	1.3	0.07	18.24	78.067	419.583	2021-02-10 03:10:00
2021-02-12 07:05:00	6.3	47.644	22.985	-2.24	2.912	1.61	0.10	22.94	53.392	336.583	2021-02-12 07:30:00
2021-02-12 07:35:00	6.4	78.745	22.72	-2.297	3.188	-0.077	0.09	16.34	51.821	337.983	2021-02-12 08:00:00
2021-02-12 08:05:00	6.3	72.496	22.446	-2.193	3.245	0.338	0.07	23.14	53.584	336.133	2021-02-12 08:30:00
2021-02-12 09:15:00	5.75	88.082	21.777	-3.198	2.968	-0.437	0.08	19.20	40.966	326.433	2021-02-12 09:40:00
2021-02-12 09:45:00	5.9	92.842	21.476	-2.52	3.355	-0.76	0.03	6.26	51.49	326.9	2021-02-12 10:10:00
2021-02-12 10:15:00	5.97	86.394	21.167	-2.188	3.553	-0.372	0.04	11.24	56.026	328.983	2021-02-12 10:40:00
2021-02-12 10:45:00	5.8	81.0	20.848	-2.097	3.972	-0.048	0.07	13.94	59.569	327.733	2021-02-12 11:10:00
2021-02-12 11:15:00	5.7	89.322	20.521	-2.258	4.058	-0.662	0.07	12.17	58.783	326.85	2021-02-12 11:40:00
2021-02-12 11:45:00	5.57	105.84	20.184	-2.073	4.1	-1.982	0.05	13.54	63.862	327.983	2021-02-12 12:10:00
2021-02-12 12:30:00	5.58	60.995	19.66	-3.405	3.33	1.082	0.04	29.11	43.045	330.133	2021-02-12 12:55:00
2021-02-12 13:15:00	5.25	73.292	19.113	-4.823	2.593	0.227	0.08	5.10	25.416	323.767	2021-02-12 13:40:00
2021-02-12 14:00:00	5.07	102.794	18.543	-4.743	2.51	-1.313	0.04	29.01	29.508	317.85	2021-02-12 14:25:00
2021-02-13 13:30:00	5.85	71.594	15.794	2.438	4.988	0.49	0.08	15.50	63.492000579833984	489.0	2021-02-13 13:55:00
2021-02-16 09:25:00	5.1	113.227	11.33	1.943	6.39	-4.335	0.06	28.44	75.55000305175781	349.3	2021-02-16 09:50:00
2021-02-16 10:05:00	5.12	99.478	10.475	4.798	6.332	-2.307	0.07	16.94	54.900001525878906	345.15	2021-02-16 10:30:00
2021-02-16 10:35:00	5.28	90.921	9.803	-0.78	8.082	-1.598	0.06	16.36	85.261	356.083	2021-02-16 11:00:00
2021-02-16 11:05:00	5.27	86.939	9.101	2.263	7.98	-1.112	0.09	16.51	74.60800170898438	356.533	2021-02-16 11:30:00
2021-02-16 11:50:00	5.13	92.177	7.987	2.292	8.968	-2.148	0.08	24.60	76.19200134277344	354.45	2021-02-16 12:15:00
2021-02-16 12:20:00	5.07	92.548	7.199	2.79	8.723	-2.198	0.06	12.77	72.7239990234375	352.583	2021-02-16 12:45:00
2021-02-27 15:50:00	6.55	82.934	17.408	-0.365	3.548	-0.795	0.08	21.44	89.456	390.55	2021-02-27 16:15:00
2021-02-27 16:40:00	6.75	45.038	18.092	1.173	2.96	1.26	0.08	23.18	66.36699676513672	393.2	2021-02-27 17:05:00
2021-02-27 17:10:00	6.75	46.501	18.487	0.48	3.243	1.197	0.10	24.29	78.16899871826172	393.3	2021-02-27 17:35:00
2021-02-27 18:15:00	6.65	77.166	19.305	-1.723	2.627	-0.573	0.04	27.96	62.477	379.433	2021-02-27 18:40:00
2021-02-27 20:10:00	5.95	117.262	20.633	-3.68	0.372	-0.603	0.02	26.07	14.875	365.317	2021-02-27 20:35:00
2021-02-27 21:05:00	6.47	59.61	21.219	-2.307	2.838	-0.007	0.05	14.13	55.663	371.817	2021-02-27 21:30:00
2021-02-27 21:35:00	6.37	56.126	21.526	-1.653	3.253	0.175	0.04	19.44	67.869	372.6	2021-02-27 22:00:00
2021-02-27 22:45:00	6.52	49.65	22.209	-1.952	2.838	0.437	0.05	24.79	60.547	375.917	2021-02-27 23:10:00
2021-02-27 23:15:00	6.55	47.374	22.488	-1.957	2.678	0.537	0.02	12.81	58.931	376.633	2021-02-27 23:40:00
2021-02-28 00:30:00	6.48	56.562	23.151	-0.958	3.093	0.148	0.04	19.94	77.443	373.267	2021-02-28 00:55:00
2021-02-28 01:00:00	6.55	49.103	23.402	-2.113	2.21	0.432	0.08	17.84	51.371	373.117	2021-02-28 01:25:00
2021-02-28 01:30:00	6.52	63.245	23.646	-2.35	2.028	-0.093	0.07	17.83	45.775	369.983	2021-02-28 01:55:00
2021-03-09 01:45:00	6.3	48.698	19.286	-1.482	3.128	0.64	0.05	18.09	58.9	470.233	2021-03-09 02:10:00
2021-03-09 02:25:00	6.23	51.276	18.789	-1.47	3.698	0.65	0.07	20.80	62.178	467.35	2021-03-09 02:50:00
2021-03-09 02:55:00	6.12	56.942	18.403	-0.738	4.033	0.392	0.04	7.99	73.024	470.4	2021-03-09 03:20:00
2021-03-09 03:55:00	5.72	67.907	17.597	-0.882	4.56	-0.248	0.03	8.62	71.489	461.317	2021-03-09 04:20:00
2021-03-09 04:25:00	6.08	77.643	17.176	-0.623	4.232	-0.855	0.09	17.08	73.997	459.55	2021-03-09 04:50:00
2021-03-09 05:20:00	6.1	71.076	16.371	-0.818	3.412	-0.16	0.04	14.63	68.71	466.8	2021-03-09 05:45:00
2021-03-09 06:00:00	6.17	51.151	15.756	-1.797	2.59	0.868	0.07	15.83	50.789	456.183	2021-03-09 06:25:00
2021-03-09 06:30:00	5.8	56.826	15.278	-2.737	1.72	0.473	0.04	25.20	27.421	445.367	2021-03-09 06:55:00
2021-03-09 12:50:00	5.42	78.521	7.483	-1.903	3.528	-0.225	0.05	17.54	70.311	431.117	2021-03-09 13:15:00
2021-03-09 23:40:00	5.82	68.539	13.079	-3.378	2.495	-0.492	0.07	16.49	28.471	390.567	2021-03-10 00:05:00
2021-03-10 02:20:00	5.37	47.445	15.809	-3.33	3.21	0.783	0.05	15.70	37.838	390.317	2021-03-10 02:45:00
2021-03-10 03:20:00	5.22	53.016	16.718	-3.742	2.72	0.502	0.04	3.12	29.049	385.733	2021-03-10 03:45:00
2021-03-10 03:50:00	5.32	52.95	17.153	-3.712	2.448	0.505	0.05	7.81	26.665	380.15	2021-03-10 04:15:00
2021-03-10 04:20:00	5.43	53.991	17.575	-3.642	2.197	0.453	0.03	3.25	24.444	383.667	2021-03-10 04:45:00
2021-03-10 04:50:00	5.35	56.027	17.984	-3.342	2.825	0.52	0.03	19.24	33.659	384.483	2021-03-10 05:15:00
2021-03-10 05:40:00	5.32	57.616	18.641	-3.442	2.477	0.483	0.03	26.14	29.718	384.6	2021-03-10 06:05:00
2021-03-10 07:50:00	5.82	65.186	20.207	-2.132	3.132	0.463	0.02	10.53	48.401	385.45	2021-03-10 08:15:00
2021-03-10 09:45:00	5.6	63.215	21.442	-2.56	2.742	0.59	0.04	23.74	40.547	381.7	2021-03-10 10:10:00
2021-03-10 11:00:00	6.47	74.812	22.177	-1.243	2.893	0.06	0.06	23.26	58.741	385.717	2021-03-10 11:25:00
2021-03-16 20:55:00	6.08	70.097	8.909	-2.033	2.358	-0.495	0.04	13.60	58.597	368.283	2021-03-16 21:20:00
2021-03-16 21:25:00	6.3	70.858	9.615	-0.83	3.295	-0.762	0.09	12.41	84.994	377.117	2021-03-16 21:50:00
2021-03-16 21:55:00	6.27	79.307	10.291	-1.023	3.355	-1.353	0.10	4.59	82.46	378.117	2021-03-16 22:20:00
2021-03-17 06:20:00	5.75	69.906	18.71	-1.36	4.042	0.03	0.04	14.28	79.781	354.95	2021-03-17 06:45:00
2021-03-17 06:50:00	5.73	49.956	19.085	-2.083	3.48	1.365	0.04	18.58	68.616	351.667	2021-03-17 07:15:00
2021-03-17 08:15:00	5.68	70.504	20.092	-1.02	4.298	0.26	0.09	13.34	85.03	352.667	2021-03-17 08:40:00
2021-03-17 08:45:00	5.8	70.049	20.429	-0.47	4.42	0.363	0.06	6.34	87.87699890136719	355.4	2021-03-17 09:10:00
2021-03-17 09:55:00	5.68	69.414	21.178	-0.662	4.87	0.515	0.08	26.10	89.39800262451172	358.567	2021-03-17 10:20:00
2021-03-17 10:35:00	5.42	72.844	21.584	-1.668	4.948	0.262	0.07	20.91	79.719	353.5	2021-03-17 11:00:00
2021-03-17 12:20:00	5.42	63.429	22.579	-1.842	5.077	1.072	0.09	19.51	78.549	349.717	2021-03-17 12:45:00
2021-03-17 13:00:00	5.17	65.774	22.932	-3.6	4.842	0.765	0.02	23.44	61.935	343.217	2021-03-17 13:25:00
2021-03-24 09:10:00	5.0	134.448	20.598	-1.922	2.288	-3.817	0.02	13.31	72.095	412.0	2021-03-24 09:35:00
2021-03-26 22:30:00	5.0	70.103	11.825	5.025	2.258	-0.507	0.04	16.41	15.822999954223633	387.55	2021-03-26 22:55:00
2021-03-29 23:15:00	6.0	124.392	21.505	2.577	0.9	-1.98	0.05	29.45	38.439998626708984	334.283	2021-03-29 23:40:00
2021-04-03 11:05:00	5.82	112.373	11.21	0.718	2.425	-1.85	0.07	24.52	69.7750015258789	362.083	2021-04-03 11:30:00
2021-04-06 11:40:00	5.55	87.988	10.683	-2.333	3.81	-0.758	0.06	19.46	65.516	313.833	2021-04-06 12:05:00
2021-04-06 12:10:00	5.5	105.481	10.025	-2.123	3.248	-1.775	0.03	20.35	65.579	311.15	2021-04-06 12:35:00
2021-04-09 22:15:00	6.82	70.194	12.722	1.732	1.997	-0.445	0.05	14.38	42.64400100708008	394.817	2021-04-09 22:40:00
2021-04-09 23:45:00	6.07	100.14	10.927	-1.797	2.09	-1.818	0.08	19.02	61.756	370.35	2021-04-10 00:10:00
2021-04-10 02:00:00	5.78	80.707	7.796	-1.087	3.13	-1.062	0.06	3.70	77.946	366.85	2021-04-10 02:25:00
2021-04-10 02:30:00	5.83	81.062	7.012	-0.64	3.327	-1.09	0.04	6.48	85.755	369.817	2021-04-10 02:55:00
2021-04-10 11:15:00	5.5	90.93	10.804	-1.482	2.688	-0.642	0.04	17.61	67.335	333.983	2021-04-10 11:40:00
2021-04-10 18:45:00	5.22	60.078	18.275	-2.478	4.258	0.282	0.03	26.36	66.211	345.217	2021-04-10 19:10:00
2021-04-10 19:15:00	5.25	85.373	18.66	-3.342	3.548	-1.535	0.04	26.00	54.574	343.367	2021-04-10 19:40:00
2021-04-10 20:00:00	5.05	119.281	19.218	-2.717	2.225	-3.678	0.06	14.23	60.144	342.75	2021-04-10 20:25:00
2021-04-10 23:50:00	5.52	61.655	21.726	1.325	4.8	-0.198	0.07	18.17	68.90399932861328	342.233	2021-04-11 00:15:00
2021-04-11 00:20:00	5.63	77.821	22.014	1.535	4.233	-1.403	0.04	13.03	66.31800079345703	340.4	2021-04-11 00:45:00
2021-04-11 00:50:00	5.03	102.515	22.295	-2.68	3.207	-2.91	0.04	27.42	61.992	330.467	2021-04-11 01:15:00
2021-04-11 01:40:00	5.53	112.06	22.744	-3.072	2.407	-2.913	0.03	16.81	53.998	336.95	2021-04-11 02:05:00
2021-04-14 07:15:00	5.0	75.057	18.655	-2.118	4.677	-0.057	0.07	18.44	71.069	376.9	2021-04-14 07:40:00
2021-04-14 11:40:00	5.52	104.515	21.62	2.795	3.192	-1.597	0.08	22.23	48.00199890136719	398.05	2021-04-14 12:05:00
2021-04-14 13:00:00	5.93	74.107	22.378	1.492	4.047	0.178	0.03	20.25	64.27100372314453	407.45	2021-04-14 13:25:00
2021-04-14 13:30:00	5.87	73.558	22.647	3.422	3.705	0.153	0.09	22.65	41.71099853515625	424.433	2021-04-14 13:55:00
2021-04-14 14:05:00	6.05	46.021	22.952	1.242	4.005	2.24	0.02	24.86	69.14900207519531	422.267	2021-04-14 14:30:00
2021-04-14 14:35:00	6.38	45.58	23.205	2.933	3.182	1.737	0.06	17.32	45.571998596191406	436.767	2021-04-14 15:00:00
2021-04-24 10:25:00	6.57	113.793	9.367	2.195	2.548	-1.653	0.03	27.11	54.22200012207031	467.917	2021-04-24 10:50:00
2021-04-30 19:45:00	5.25	52.515	15.47	1.865	7.122	1.522	0.07	10.32	79.7760009765625	334.767	2021-04-30 20:10:00
2021-04-30 20:55:00	5.2	69.025	14.324	-4.16	6.583	-0.71	0.06	4.42	52.865	334.35	2021-04-30 21:20:00
2021-04-30 22:10:00	5.25	76.601	12.995	-1.077	6.688	-1.728	0.07	15.97	75.942	327.55	2021-04-30 22:35:00
2021-04-30 22:40:00	5.2	71.75	12.431	-1.563	6.762	-1.132	0.05	16.04	72.092	326.367	2021-04-30 23:05:00
2021-04-30 23:50:00	5.92	78.2	11.032	-2.23	5.625	-1.575	0.08	17.53	63.91	327.467	2021-05-01 00:15:00
2021-05-01 00:20:00	5.77	67.934	10.394	-3.483	5.78	-0.46	0.07	6.61	53.935	327.4	2021-05-01 00:45:00
2021-05-01 00:50:00	5.37	58.301	9.729	-4.293	6.127	0.618	0.09	11.33	50.288	323.4	2021-05-01 01:15:00
2021-05-01 01:20:00	5.35	47.613	9.037	-4.888	5.657	1.693	0.05	27.82	46.598	327.133	2021-05-01 01:45:00
2021-05-01 09:25:00	5.88	87.071	7.964	-3.948	4.047	-0.447	0.08	16.98	40.263	316.767	2021-05-01 09:50:00
2021-05-03 21:40:00	5.62	68.468	22.858	0.008	4.57	-0.437	0.03	16.49	85.213	445.217	2021-05-03 22:05:00
2021-05-03 22:10:00	5.43	72.87	22.595	-0.035	4.587	-0.807	0.03	18.31	84.508	441.117	2021-05-03 22:35:00
2021-05-03 22:40:00	5.12	63.453	22.324	-1.622	4.315	-0.043	0.03	5.49	64.387	423.7	2021-05-03 23:05:00
2021-05-03 23:15:00	5.12	63.59	21.998	-0.862	4.588	-0.033	0.05	5.23	74.14	425.3	2021-05-03 23:40:00
2021-05-03 23:45:00	5.05	65.811	21.709	-1.133	4.908	-0.218	0.04	16.60	71.995	424.867	2021-05-04 00:10:00
2021-05-04 01:20:00	6.4	60.348	20.739	1.673	4.417	0.435	0.06	26.46	73.89099884033203	478.183	2021-05-04 01:45:00
2021-05-04 08:55:00	6.9	112.044	14.646	-1.273	2.77	-1.595	0.09	27.74	62.886	413.567	2021-05-04 09:20:00
2021-05-04 09:45:00	6.12	52.537	13.788	-1.267	3.848	2.207	0.08	20.38	70.221	404.433	2021-05-04 10:10:00
2021-05-04 10:15:00	6.02	50.026	13.251	-1.345	3.812	2.447	0.08	18.88	69.84	401.6	2021-05-04 10:40:00
2021-05-05 01:50:00	6.5	64.587	13.266	-2.223	2.723	0.112	0.04	19.18	44.95	401.617	2021-05-05 02:15:00
2021-05-05 02:50:00	6.88	47.078	14.323	0.387	1.68	0.687	0.04	24.71	89.229	404.933	2021-05-05 03:15:00
2021-05-05 05:35:00	6.22	74.254	16.902	-1.465	3.307	0.07	0.08	9.33	60.135	408.233	2021-05-05 06:00:00
2021-05-05 07:00:00	6.07	72.331	18.073	-1.875	3.083	0.343	0.04	21.24	52.959	394.733	2021-05-05 07:25:00
2021-05-05 11:45:00	5.98	74.488	21.369	-0.918	2.818	0.353	0.10	23.43	65.397	363.983	2021-05-05 12:10:00
2021-05-05 12:15:00	5.57	83.156	21.667	-0.502	3.798	-0.08	0.06	2.86	75.332	364.967	2021-05-05 12:40:00
2021-05-05 12:45:00	5.38	89.459	21.956	-1.265	3.617	-0.503	0.02	11.72	63.365	356.367	2021-05-05 13:10:00
2021-05-05 13:30:00	5.6	66.098	22.375	-0.763	3.613	0.912	0.03	14.80	71.764	354.9	2021-05-05 13:55:00
2021-05-05 14:00:00	5.6	82.394	22.644	-1.008	3.63	-0.18	0.02	20.88	67.19	353.217	2021-05-05 14:25:00
2021-05-05 14:40:00	5.53	67.778	22.991	-1.86	3.025	0.518	0.05	28.13	52.023	344.2	2021-05-05 15:05:00
2021-05-05 15:10:00	5.67	55.457	23.243	-1.83	2.795	1.087	0.01	25.92	52.709	342.9	2021-05-05 15:35:00
2021-05-05 15:40:00	5.57	52.251	23.486	-2.015	2.632	1.135	0.02	28.77	49.127	338.75	2021-05-05 16:05:00
2021-05-07 08:45:00	5.03	71.79	23.36	-2.363	3.965	0.725	0.07	6.77	50.222	301.2	2021-05-07 09:10:00
2021-05-07 09:15:00	5.08	71.494	23.113	-2.33	3.727	0.735	0.07	12.75	49.218	301.633	2021-05-07 09:40:00
2021-05-07 12:15:00	5.2	106.892	21.465	-0.053	4.38	-1.977	0.07	5.29	79.515	309.4	2021-05-07 12:40:00
2021-05-07 12:45:00	5.18	106.498	21.162	0.232	4.513	-2.058	0.02	13.63	82.98	310.783	2021-05-07 13:10:00
2021-05-07 13:15:00	5.05	81.453	20.85	-0.187	5.073	-0.012	0.06	13.24	77.918	306.883	2021-05-07 13:40:00
2021-05-07 14:15:00	5.0	64.522	20.199	-0.675	4.815	1.273	0.04	16.67	73.179	304.517	2021-05-07 14:40:00
2021-05-07 14:45:00	5.02	51.42	19.859	0.003	4.342	2.198	0.06	8.61	81.936	303.817	2021-05-07 15:10:00
2021-05-07 15:15:00	5.07	51.261	19.51	0.203	4.103	1.985	0.04	21.28	84.314	301.717	2021-05-07 15:40:00
2021-05-07 16:00:00	5.03	119.869	18.967	-2.56	2.293	-2.273	0.03	25.18	43.588	289.367	2021-05-07 16:25:00
2021-05-08 02:30:00	5.02	78.544	7.962	0.295	3.847	-0.687	0.05	25.78	85.142	331.733	2021-05-08 02:55:00
2021-05-08 17:30:00	5.2	81.721	16.672	0.097	4.418	-0.827	0.06	27.32	80.902	328.783	2021-05-08 17:55:00
2021-05-08 20:30:00	5.0	61.766	19.073	-1.192	4.17	0.258	0.03	13.81	63.928	321.983	2021-05-08 20:55:00
2021-05-08 21:30:00	5.68	67.564	19.785	1.945	3.67	-0.197	0.02	11.11	72.375	334.417	2021-05-08 21:55:00
2021-05-08 22:00:00	5.3	68.139	20.127	2.008	3.853	-0.282	0.05	15.77	72.95099639892578	328.183	2021-05-08 22:25:00
2021-05-08 22:30:00	5.2	72.211	20.458	0.822	4.165	-0.59	0.09	19.88	89.969	322.9	2021-05-08 22:55:00
2021-05-08 23:00:00	5.05	85.865	20.781	2.265	3.713	-1.44	0.05	19.01	71.03099822998047	322.417	2021-05-08 23:25:00
2021-05-09 01:00:00	5.02	59.711	21.983	-1.018	4.055	0.49	0.05	15.66	65.536	313.567	2021-05-09 01:25:00
2021-05-09 02:20:00	5.02	56.878	22.711	0.468	4.162	0.877	0.06	18.23	85.984	316.833	2021-05-09 02:45:00
2021-05-09 02:50:00	5.28	64.453	22.969	1.173	4.06	0.388	0.02	22.22	84.44300079345703	319.517	2021-05-09 03:15:00
2021-05-09 03:20:00	5.13	73.86	23.22	0.88	4.285	-0.198	0.05	15.65	89.16000366210938	318.167	2021-05-09 03:45:00
2021-05-09 03:50:00	5.2	76.993	23.464	0.917	4.2	-0.34	0.04	16.40	88.4280014038086	321.95	2021-05-09 04:15:00
2021-05-09 04:20:00	5.3	61.818	23.7	0.49	4.137	0.863	0.02	12.83	86.519	319.267	2021-05-09 04:45:00
2021-05-10 23:10:00	6.05	105.086	22.046	1.76	3.013	-2.513	0.05	22.69	75.67500305175781	352.0	2021-05-10 23:35:00
2021-05-10 23:45:00	5.93	70.669	21.712	-0.727	4.028	-0.388	0.06	13.28	68.415	344.967	2021-05-11 00:10:00
2021-05-11 21:15:00	6.02	89.607	7.128	-1.75	2.757	-1.245	0.04	13.78	48.541	337.95	2021-05-11 21:40:00
2021-05-11 21:45:00	5.8	102.714	7.901	-1.298	2.81	-2.172	0.02	25.59	59.801	335.617	2021-05-11 22:10:00
2021-05-11 22:15:00	5.8	116.25	8.64	-1.897	1.962	-2.445	0.06	15.96	50.504	334.017	2021-05-11 22:40:00
2021-05-11 23:05:00	5.5	110.168	9.803	-2.888	1.957	-1.953	0.06	9.33	34.779	329.633	2021-05-11 23:30:00
2021-05-11 23:35:00	5.35	117.324	10.464	-3.145	1.583	-2.005	0.06	20.89	31.351	324.583	2021-05-12 00:00:00
2021-05-12 00:15:00	5.63	55.793	11.305	0.038	4.05	0.72	0.08	27.36	79.002	325.267	2021-05-12 00:40:00
2021-05-12 00:45:00	5.62	76.458	11.908	0.328	4.163	-0.702	0.04	7.16	81.934	326.55	2021-05-12 01:10:00
2021-05-12 01:15:00	5.57	95.315	12.49	-0.382	3.638	-1.905	0.03	10.81	72.956	323.35	2021-05-12 01:40:00
2021-05-12 02:05:00	5.92	75.328	13.415	0.113	3.522	-0.377	0.07	23.95	79.392	322.533	2021-05-12 02:30:00
2021-05-12 02:40:00	5.95	67.016	14.032	-0.82	3.122	0.203	0.10	25.72	63.071	323.417	2021-05-12 03:05:00
2021-05-12 03:10:00	5.97	58.21	14.542	-1.582	2.912	0.702	0.05	16.43	50.706	322.05	2021-05-12 03:35:00
2021-05-12 04:05:00	5.85	127.246	15.437	-0.343	2.217	-3.007	0.06	19.54	76.056	323.6	2021-05-12 04:30:00
2021-05-12 04:35:00	5.88	123.697	15.903	-0.902	2.272	-2.585	0.06	24.61	66.181	323.383	2021-05-12 05:00:00
2021-05-15 12:30:00	6.35	130.255	11.624	3.577	1.123	-1.143	0.05	19.12	35.16899871826172	431.083	2021-05-15 12:55:00
2021-05-26 05:55:00	6.62	132.866	16.91	-1.153	0.513	-0.61	0.08	8.73	25.126	303.15	2021-05-26 06:20:00
2021-05-26 06:50:00	6.43	125.344	17.676	-1.603	0.9	-0.767	0.09	12.50	23.708	300.8	2021-05-26 07:15:00
2021-05-26 08:45:00	6.35	75.665	19.152	-0.888	1.735	0.392	0.10	14.76	45.118	299.483	2021-05-26 09:10:00
2021-05-26 10:10:00	6.28	105.59	20.143	-0.93	1.713	-0.487	0.06	6.17	43.031	295.967	2021-05-26 10:35:00
2021-05-26 10:40:00	6.23	116.156	20.475	-0.205	1.873	-0.93	0.08	10.59	66.052	296.083	2021-05-26 11:05:00
2021-05-26 11:10:00	6.1	110.467	20.797	-0.508	2.277	-0.862	0.06	9.37	59.166	294.65	2021-05-26 11:35:00
2021-05-26 11:50:00	5.8	102.528	21.213	-1.558	2.412	-0.563	0.07	8.43	38.117	292.233	2021-05-26 12:15:00
2021-05-26 12:20:00	5.73	102.354	21.514	-1.47	2.607	-0.613	0.04	12.69	41.602	293.15	2021-05-26 12:45:00
2021-05-28 12:35:00	5.07	92.507	21.301	1.308	5.097	-0.238	0.05	21.68	86.597	432.267	2021-05-28 13:00:00
2021-05-28 17:35:00	5.03	68.425	17.79	-0.723	5.388	0.888	0.06	6.34	65.083	426.3	2021-05-28 18:00:00
