Start_str	Mgs#_avg	Clang_avg	Rmag_avg	omniBxGSE_avg(nT)	omniByGSE_avg(nT)	omniBzGSE_avg(nT)	Bdeviat	Dtheta	Shock_Ang(deg)	OMNIVsw_avg(km/s)	End_str
2015-09-02 23:45:00	5.02	106.564	8.838	-5.7	4.53	-0.285	0.08	2.07	36.716	408.15	2015-09-03 00:10:00
2015-09-03 00:15:00	5.15	115.474	8.332	-5.85	3.585	-0.752	0.03	10.18	29.868	407.35	2015-09-03 00:40:00
2015-09-03 00:45:00	5.12	115.653	7.772	-5.965	3.62	-0.742	0.05	7.08	29.609	409.15	2015-09-03 01:10:00
2015-09-03 01:15:00	5.13	132.717	7.154	-6.372	2.735	-1.42	0.02	14.67	23.054	410.017	2015-09-03 01:40:00
2015-09-03 08:00:00	5.53	103.138	7.396	-4.532	3.323	1.002	0.09	10.02	36.905	426.967	2015-09-03 08:25:00
2015-09-03 08:50:00	5.48	105.54	8.356	-4.672	2.972	0.827	0.09	24.91	33.411	431.717	2015-09-03 09:15:00
2015-09-03 15:10:00	6.48	104.813	11.892	-1.303	6.26	1.215	0.09	15.14	77.653	425.7	2015-09-03 15:35:00
2015-09-03 16:05:00	6.27	67.014	11.981	-0.125	4.92	5.228	0.09	19.90	89.4020004272461	425.55	2015-09-03 16:30:00
2015-09-03 16:35:00	6.15	72.993	11.989	2.4	5.593	4.603	0.05	9.57	70.84600067138672	423.317	2015-09-03 17:00:00
2015-09-03 17:30:00	5.85	89.431	11.93	-2.748	6.237	2.318	0.06	27.84	67.577	423.667	2015-09-03 17:55:00
2015-09-04 20:05:00	5.83	66.419	11.192	-3.162	3.393	2.69	0.03	9.59	55.311	485.05	2015-09-04 20:30:00
2015-09-04 20:35:00	5.73	73.896	10.957	-3.455	3.737	2.09	0.09	13.79	51.655	472.383	2015-09-04 21:00:00
2015-09-04 21:50:00	5.63	105.345	10.22	-1.415	5.955	-0.263	0.02	26.92	75.482	480.383	2015-09-04 22:15:00
2015-09-04 23:30:00	5.87	70.046	8.866	0.705	4.843	3.11	0.09	28.44	82.26000213623047	481.633	2015-09-04 23:55:00
2015-09-05 00:00:00	5.92	90.168	8.363	-0.962	5.782	1.362	0.04	10.06	80.435	471.933	2015-09-05 00:25:00
2015-09-05 01:00:00	5.85	86.829	7.192	-1.333	5.3	1.76	0.06	27.86	76.388	472.3	2015-09-05 01:25:00
2015-09-05 11:25:00	5.93	114.99	10.62	-4.197	3.178	0.395	0.05	28.77	36.721	449.467	2015-09-05 11:50:00
2015-09-05 15:35:00	5.92	118.608	11.965	-1.828	5.64	-0.347	0.02	10.62	70.564	464.933	2015-09-05 16:00:00
2015-09-06 00:05:00	5.78	75.464	8.153	-1.815	4.987	2.662	0.04	22.89	72.556	452.033	2015-09-06 00:30:00
2015-09-06 07:25:00	5.65	49.018	7.074	-3.127	2.208	5.91	0.06	19.16	66.177	444.933	2015-09-06 07:50:00
2015-09-06 11:40:00	5.05	106.789	10.823	-0.24	7.883	2.133	0.03	18.02	87.76	474.3	2015-09-06 12:05:00
2015-09-06 13:10:00	5.0	108.298	11.482	-1.14	7.767	1.637	0.03	13.27	81.202	466.9	2015-09-06 13:35:00
2015-09-06 16:05:00	5.4	70.262	11.989	-4.537	3.875	3.743	0.02	16.02	51.774	494.15	2015-09-06 16:30:00
2015-09-06 21:10:00	5.73	46.055	10.507	-2.137	3.498	5.425	0.05	29.23	74.289	489.6	2015-09-06 21:35:00
2015-09-06 23:20:00	5.33	62.614	8.812	-5.318	4.278	3.532	0.09	22.92	47.34	466.967	2015-09-06 23:45:00
2015-09-07 00:05:00	5.35	68.943	8.028	-4.442	5.087	3.573	0.03	21.22	55.387	474.167	2015-09-07 00:30:00
2015-09-07 16:15:00	5.23	130.728	11.986	-1.743	9.797	-3.048	0.06	28.89	78.857	585.067	2015-09-07 16:40:00
2015-09-07 20:50:00	6.62	134.536	10.638	0.407	7.14	-4.23	0.03	26.38	89.43900299072266	584.467	2015-09-07 21:15:00
2015-09-07 22:05:00	5.63	132.466	9.796	0.885	7.795	-4.412	0.01	21.57	86.77400207519531	571.067	2015-09-07 22:30:00
2015-09-07 22:35:00	5.33	134.593	9.391	0.358	7.892	-4.852	0.06	9.32	89.77	564.217	2015-09-07 23:00:00
2015-09-08 15:25:00	5.0	68.287	11.974	13.675	7.652	8.273	0.02	25.50	50.417999267578125	477.067	2015-09-08 15:50:00
2015-09-08 15:55:00	5.17	64.78	11.988	13.322	7.42	8.748	0.02	5.48	51.124000549316406	473.317	2015-09-08 16:20:00
2015-09-08 16:25:00	5.05	60.301	11.974	13.217	7.057	9.328	0.01	3.83	51.45199966430664	469.1	2015-09-08 16:50:00
2015-09-08 16:55:00	5.05	59.812	11.931	12.885	7.312	9.385	0.00	3.41	52.77000045776367	466.233	2015-09-08 17:20:00
2015-09-11 06:50:00	5.2	60.098	7.048	-6.58	5.43	9.015	0.08	22.05	59.74	450.867	2015-09-11 07:15:00
2015-09-11 17:45:00	6.23	53.993	11.717	-3.403	3.733	5.565	0.04	29.50	65.786	625.283	2015-09-11 18:10:00
2015-09-13 16:05:00	6.92	133.938	11.957	3.842	4.02	-1.438	0.04	16.44	52.47600173950195	459.0	2015-09-13 16:30:00
2015-09-13 23:45:00	6.57	54.323	7.482	-1.375	2.795	3.283	0.04	28.95	73.017	442.133	2015-09-14 00:10:00
2015-09-14 06:50:00	5.53	54.182	7.487	-3.865	2.485	5.267	0.02	28.18	58.685	423.25	2015-09-14 07:15:00
2015-09-14 07:25:00	5.23	102.198	8.166	-4.507	4.513	1.265	0.06	24.38	44.019	413.583	2015-09-14 07:50:00
2015-09-14 08:50:00	5.28	108.271	9.52	-3.4	7.075	1.682	0.09	19.85	62.244	431.3	2015-09-14 09:15:00
2015-09-14 09:55:00	5.52	115.771	10.321	-2.042	8.315	1.078	0.04	25.66	74.016	458.667	2015-09-14 10:20:00
2015-09-14 14:15:00	5.28	127.689	11.934	-2.355	6.907	-1.107	0.08	20.88	67.798	492.033	2015-09-14 14:40:00
2015-09-14 16:35:00	5.53	132.126	11.886	0.365	6.06	-2.093	0.04	24.69	89.081	496.717	2015-09-14 17:00:00
2015-09-14 17:20:00	5.52	128.401	11.738	-0.922	5.538	-1.705	0.05	23.00	76.321	487.933	2015-09-14 17:45:00
2015-09-14 18:05:00	5.45	115.787	11.524	-5.388	3.078	-0.402	0.02	28.08	26.832	470.7	2015-09-14 18:30:00
2015-09-14 21:25:00	5.55	117.207	9.695	-4.162	4.118	-0.942	0.06	19.51	41.756	492.0	2015-09-14 21:50:00
2015-09-15 06:45:00	5.3	98.976	7.526	-5.663	1.855	0.638	0.07	20.40	17.702	459.667	2015-09-15 07:10:00
2015-09-15 07:35:00	5.63	132.462	8.466	-2.345	5.372	-1.217	0.05	21.03	62.915	477.767	2015-09-15 08:00:00
2015-09-15 23:05:00	6.62	81.257	8.005	-1.408	3.875	1.558	0.07	29.60	70.09	495.367	2015-09-15 23:30:00
2015-09-16 15:10:00	6.45	127.065	11.991	-3.14	3.273	-0.753	0.03	29.22	42.708	458.233	2015-09-16 15:35:00
2015-09-16 17:15:00	6.0	83.321	11.706	-4.503	2.443	1.328	0.10	28.81	30.821	452.55	2015-09-16 17:40:00
2015-09-16 22:50:00	6.4	117.546	8.161	2.928	4.582	-1.273	0.10	24.29	62.62300109863281	473.8	2015-09-16 23:15:00
2015-09-17 07:25:00	6.58	112.402	8.527	-2.457	3.26	0.418	0.05	23.37	49.874	465.5	2015-09-17 07:50:00
2015-09-17 08:35:00	6.42	133.293	9.595	-1.793	3.28	-0.645	0.07	24.58	59.587	476.117	2015-09-17 09:00:00
2015-09-17 09:05:00	6.32	125.674	9.981	-2.538	3.637	-0.203	0.04	18.34	51.16	465.017	2015-09-17 09:30:00
2015-09-17 09:55:00	6.1	115.398	10.538	-4.075	2.013	0.3	0.09	28.02	23.701	459.917	2015-09-17 10:20:00
2015-09-17 10:25:00	6.08	118.108	10.824	-3.872	3.047	0.215	0.08	19.47	34.582	461.517	2015-09-17 10:50:00
2015-09-17 10:55:00	6.12	103.08	11.076	-3.555	3.195	1.2	0.06	15.50	41.714	462.417	2015-09-17 11:20:00
2015-09-17 11:25:00	6.18	111.389	11.296	-3.79	2.673	0.542	0.05	17.40	32.783	457.85	2015-09-17 11:50:00
2015-09-17 12:25:00	6.03	92.145	11.643	-4.227	2.348	1.338	0.05	12.45	31.325	456.933	2015-09-17 12:50:00
2015-09-17 12:55:00	5.88	70.117	11.771	-4.53	1.625	2.013	0.05	22.79	30.72	455.117	2015-09-17 13:20:00
2015-09-17 13:25:00	5.72	88.687	11.869	-4.823	2.347	1.427	0.05	12.88	28.481	453.017	2015-09-17 13:50:00
2015-09-17 13:55:00	5.53	89.985	11.939	-4.957	2.432	1.357	0.02	29.45	28.242	451.867	2015-09-17 14:20:00
2015-09-17 14:25:00	5.48	68.302	11.981	-4.932	1.81	2.205	0.02	11.07	30.68	454.417	2015-09-17 14:50:00
2015-09-17 14:55:00	5.53	56.452	11.994	-4.772	1.518	2.737	0.01	12.25	34.855	454.483	2015-09-17 15:20:00
2015-09-17 16:10:00	5.43	57.539	11.903	-5.075	1.548	2.362	0.04	19.45	30.464	450.1	2015-09-17 16:35:00
2015-09-17 16:40:00	5.32	74.526	11.816	-5.242	2.063	1.635	0.02	9.96	26.099	444.417	2015-09-17 17:05:00
2015-09-17 17:15:00	5.3	64.238	11.679	-5.422	1.647	1.758	0.03	29.88	24.616	440.167	2015-09-17 17:40:00
2015-09-17 18:05:00	5.42	52.3	11.412	-5.525	1.16	1.775	0.03	17.60	22.435	432.933	2015-09-17 18:30:00
2015-09-17 18:35:00	5.2	52.469	11.211	-5.732	1.148	1.653	0.04	17.39	20.723	427.7	2015-09-17 19:00:00
2015-09-17 19:05:00	5.17	76.882	10.978	-5.752	1.658	0.965	0.02	27.89	17.391	427.85	2015-09-17 19:30:00
2015-09-17 19:35:00	5.13	84.786	10.712	-5.805	1.425	0.56	0.03	5.71	12.801	424.617	2015-09-17 20:00:00
2015-09-17 20:05:00	5.35	91.364	10.411	-5.437	1.612	0.405	0.04	7.29	14.164	426.4	2015-09-17 20:30:00
2015-09-17 20:35:00	5.48	98.768	10.074	-5.052	2.052	0.207	0.04	14.57	18.458	427.1	2015-09-17 21:00:00
2015-09-18 06:05:00	5.52	123.448	7.107	-2.672	6.293	-0.677	0.05	10.10	61.747	407.117	2015-09-18 06:30:00
2015-09-18 06:35:00	5.58	128.882	7.73	-2.035	6.107	-1.15	0.05	13.74	66.264	404.867	2015-09-18 07:00:00
2015-09-18 10:50:00	6.02	127.047	11.09	-2.153	5.695	-0.447	0.07	22.67	63.94	402.283	2015-09-18 11:15:00
2015-09-18 12:50:00	5.52	83.025	11.778	-5.067	3.862	3.03	0.05	24.19	43.122	424.083	2015-09-18 13:15:00
2015-09-18 15:35:00	6.08	94.433	11.959	-5.682	3.347	1.263	0.01	25.77	29.914	443.483	2015-09-18 16:00:00
2015-09-18 16:05:00	6.17	93.708	11.9	-5.573	3.575	1.35	0.02	8.95	31.8	444.717	2015-09-18 16:30:00
2015-09-18 16:40:00	6.0	127.656	11.795	-4.982	4.263	-1.168	0.03	26.32	36.629	437.5	2015-09-18 17:05:00
2015-09-18 17:15:00	5.98	104.391	11.65	-5.382	3.64	0.48	0.02	21.39	30.585	437.167	2015-09-18 17:40:00
2015-09-18 17:45:00	5.98	111.87	11.493	-5.735	3.045	-0.123	0.01	17.99	23.511	437.167	2015-09-18 18:10:00
2015-09-18 18:15:00	5.92	112.492	11.306	-5.772	3.058	-0.265	0.02	18.83	23.461	433.3	2015-09-18 18:40:00
2015-09-18 19:20:00	5.62	95.428	10.791	-6.31	2.49	0.453	0.04	21.19	18.566	430.383	2015-09-18 19:45:00
2015-09-18 20:15:00	6.6	130.423	10.231	-5.165	3.473	-1.642	0.04	26.50	31.143	437.15	2015-09-18 20:40:00
2015-09-18 21:15:00	6.53	130.76	9.475	-5.758	2.142	-1.142	0.02	20.34	17.085	430.067	2015-09-18 21:40:00
2015-09-18 21:45:00	6.4	132.069	9.035	-5.33	2.688	-1.587	0.04	25.66	24.838	425.333	2015-09-18 22:10:00
2015-09-18 22:40:00	5.75	110.539	8.105	-6.653	2.867	-0.328	0.10	11.54	18.527	437.333	2015-09-18 23:05:00
2015-09-18 23:10:00	5.85	129.205	7.521	-6.462	3.255	-1.667	0.04	29.90	24.465	447.383	2015-09-18 23:35:00
2015-09-21 05:55:00	5.72	45.31	7.314	-0.163	2.04	6.21	0.07	22.89	89.38500213623047	606.417	2015-09-21 06:20:00
2015-09-21 06:25:00	5.58	59.385	7.918	-0.19	3.583	5.907	0.04	11.89	89.652	610.183	2015-09-21 06:50:00
2015-09-21 07:25:00	5.6	48.259	8.958	-2.435	1.812	5.478	0.10	10.53	69.195	596.133	2015-09-21 07:50:00
2015-09-23 07:40:00	6.43	132.325	9.38	-4.83	5.495	-1.265	0.03	26.45	44.43	519.583	2015-09-23 08:05:00
2015-09-24 06:05:00	6.07	86.715	7.916	-1.177	3.865	2.32	0.07	19.75	71.969	415.417	2015-09-24 06:30:00
2015-09-24 17:40:00	5.25	120.639	11.269	5.34	3.103	-0.518	0.09	15.88	36.90700149536133	457.7	2015-09-24 18:05:00
2015-09-24 18:30:00	5.02	68.179	10.878	6.24	0.907	0.763	0.05	25.11	14.6899995803833	450.167	2015-09-24 18:55:00
2015-09-26 07:40:00	5.7	69.551	9.661	4.382	1.66	2.013	0.01	29.49	33.29600143432617	423.617	2015-09-26 08:05:00
2015-10-03 05:40:00	5.2	123.613	8.544	-3.085	7.953	-1.047	0.10	13.43	60.969	432.417	2015-10-03 06:05:00
2015-10-03 10:55:00	5.0	90.907	11.718	-4.797	6.038	3.693	0.05	23.94	51.04	391.583	2015-10-03 11:20:00
2015-10-03 11:40:00	5.17	62.461	11.876	-5.645	3.158	5.505	0.08	15.84	47.451	386.15	2015-10-03 12:05:00
2015-10-03 21:30:00	5.02	72.91	7.541	-6.358	2.183	1.352	0.08	20.82	17.664	389.767	2015-10-03 21:55:00
2015-10-05 08:05:00	5.63	112.002	10.63	-3.342	6.063	1.008	0.03	18.78	54.476	455.15	2015-10-05 08:30:00
2015-10-05 13:20:00	6.52	73.01	11.988	-0.97	3.088	3.352	0.01	29.03	75.278	474.583	2015-10-05 13:45:00
2015-10-05 14:25:00	6.48	103.112	11.87	-2.655	3.197	0.822	0.03	22.40	45.157	465.633	2015-10-05 14:50:00
2015-10-05 16:05:00	6.58	114.788	11.422	-1.497	4.353	-0.118	0.09	9.83	62.631	469.0	2015-10-05 16:30:00
2015-10-05 17:30:00	6.17	109.112	10.771	-3.36	3.553	0.062	0.06	14.44	38.9	444.3	2015-10-05 17:55:00
2015-10-05 19:05:00	6.45	76.226	9.716	-2.98	2.792	1.63	0.05	23.78	42.595	441.967	2015-10-05 19:30:00
2015-10-05 19:35:00	6.6	64.879	9.301	-2.193	2.702	2.373	0.10	18.11	54.919	444.733	2015-10-05 20:00:00
2015-10-05 20:20:00	6.42	79.636	8.595	-2.722	3.047	1.502	0.09	28.85	45.558	443.15	2015-10-05 20:45:00
2015-10-06 19:00:00	5.77	132.482	9.693	-1.687	6.013	-2.887	0.01	12.04	66.495	388.983	2015-10-06 19:25:00
2015-10-10 16:15:00	5.7	83.361	11.121	-2.367	2.983	1.772	0.08	29.05	57.472	567.15	2015-10-10 16:40:00
2015-10-10 16:45:00	5.95	95.515	10.874	-2.483	3.29	0.953	0.04	16.31	54.532	563.083	2015-10-10 17:10:00
2015-10-10 17:30:00	5.73	74.344	10.44	-3.04	2.353	1.65	0.05	23.95	43.452	553.0	2015-10-10 17:55:00
2015-10-11 03:30:00	7.0	107.627	7.057	-0.752	3.065	0.12	0.05	19.03	76.555	484.95	2015-10-11 03:55:00
2015-10-11 06:35:00	6.17	100.626	10.096	-2.878	2.745	0.882	0.02	27.99	45.234	464.467	2015-10-11 07:00:00
2015-10-11 07:05:00	6.33	91.471	10.431	-2.293	3.008	1.533	0.03	22.36	55.402	470.583	2015-10-11 07:30:00
2015-10-11 20:30:00	6.62	86.772	7.671	-3.672	2.962	0.982	0.04	15.73	40.184	455.35	2015-10-11 20:55:00
2015-10-12 13:20:00	5.83	80.657	11.919	-4.855	3.28	2.642	0.02	26.14	40.915	480.467	2015-10-12 13:45:00
2015-10-12 14:45:00	5.85	81.72	11.609	-5.193	2.942	1.95	0.10	20.01	33.81	478.117	2015-10-12 15:10:00
2015-10-12 15:20:00	6.22	120.147	11.412	-1.195	6.018	-0.517	0.09	21.54	80.606	492.083	2015-10-12 15:45:00
2015-10-12 19:15:00	5.7	84.217	8.893	-3.503	5.618	2.21	0.07	21.63	60.821	509.567	2015-10-12 19:40:00
2015-10-13 05:50:00	6.58	133.675	9.704	3.108	5.297	-1.67	0.02	26.00	57.874000549316406	599.983	2015-10-13 06:15:00
2015-10-13 18:40:00	5.82	47.588	9.326	-5.828	1.423	2.423	0.04	28.31	25.419	520.517	2015-10-13 19:05:00
2015-10-13 19:40:00	5.55	125.544	8.365	-5.755	3.988	-1.53	0.09	15.88	39.558	513.617	2015-10-13 20:05:00
2015-10-14 05:20:00	5.05	129.626	9.384	-3.758	6.163	-1.673	0.05	8.74	62.372	512.967	2015-10-14 05:45:00
2015-10-14 11:40:00	5.68	75.173	12.0	-2.5	3.263	3.432	0.07	23.53	62.453	526.233	2015-10-14 12:05:00
2015-10-14 18:40:00	5.87	91.513	9.232	-3.613	2.623	0.637	0.05	21.38	38.542	485.117	2015-10-14 19:05:00
2015-10-14 19:45:00	5.62	72.681	8.159	-3.298	2.498	1.492	0.07	28.95	42.462	484.9	2015-10-14 20:10:00
2015-10-15 04:15:00	5.48	101.663	8.459	-2.543	4.257	0.652	0.04	21.66	60.593	477.317	2015-10-15 04:40:00
2015-10-15 04:45:00	5.75	106.768	8.955	-0.493	5.187	0.552	0.04	15.75	86.844	494.167	2015-10-15 05:10:00
2015-10-15 05:25:00	5.63	95.904	9.544	-0.022	5.258	1.788	0.05	19.45	88.89600372314453	488.833	2015-10-15 05:50:00
2015-10-15 05:55:00	5.77	105.823	9.935	0.692	5.278	0.925	0.02	28.39	80.81700134277344	492.0	2015-10-15 06:20:00
2015-10-15 06:25:00	5.63	113.021	10.288	-0.987	5.697	0.405	0.04	17.32	82.372	477.133	2015-10-15 06:50:00
2015-10-15 06:55:00	5.83	129.752	10.603	-0.033	5.685	-1.188	0.07	24.07	87.58000183105469	480.083	2015-10-15 07:20:00
2015-10-15 07:25:00	6.35	126.527	10.883	1.397	5.832	-0.728	0.09	22.15	74.11000061035156	488.433	2015-10-15 07:50:00
2015-10-15 07:55:00	6.42	109.874	11.129	1.753	5.723	0.982	0.06	21.39	71.33100128173828	488.5	2015-10-15 08:20:00
2015-10-15 08:25:00	6.4	113.394	11.344	-0.4	5.898	0.748	0.04	20.22	87.978	472.683	2015-10-15 08:50:00
2015-10-15 08:55:00	6.6	116.143	11.526	1.088	6.003	0.52	0.05	11.38	77.7750015258789	476.5	2015-10-15 09:20:00
2015-10-15 09:50:00	7.0	95.992	11.783	-0.275	5.042	2.418	0.02	16.87	88.006	457.317	2015-10-15 10:15:00
2015-10-15 13:40:00	6.47	88.448	11.809	0.738	4.928	2.808	0.06	10.58	82.38400268554688	430.0	2015-10-15 14:05:00
2015-10-15 14:10:00	6.32	93.642	11.688	2.638	4.812	2.102	0.08	7.47	62.696998596191406	428.733	2015-10-15 14:35:00
2015-10-15 14:55:00	6.12	104.604	11.452	3.125	5.213	1.043	0.02	29.13	58.7400016784668	432.667	2015-10-15 15:20:00
2015-10-15 15:55:00	5.75	109.539	11.028	4.362	5.635	0.312	0.04	24.64	51.01300048828125	433.783	2015-10-15 16:20:00
2015-10-15 16:35:00	5.85	95.653	10.673	4.828	5.04	1.408	0.03	23.93	46.48699951171875	432.7	2015-10-15 17:00:00
2015-10-15 17:05:00	5.73	108.819	10.366	4.09	6.045	0.135	0.02	10.00	54.29499816894531	428.767	2015-10-15 17:30:00
2015-10-15 17:35:00	5.8	106.136	10.022	4.338	5.868	0.297	0.02	13.41	52.0	429.4	2015-10-15 18:00:00
2015-10-15 18:05:00	6.08	116.036	9.64	4.718	5.31	-0.78	0.04	7.88	46.67100143432617	427.983	2015-10-15 18:30:00
2015-10-15 19:05:00	6.38	72.454	8.748	1.353	4.313	2.818	0.05	6.32	74.9520034790039	429.95	2015-10-15 19:30:00
2015-10-15 19:40:00	6.03	62.397	8.139	-3.207	3.257	2.823	0.09	25.65	55.392	427.233	2015-10-15 20:05:00
2015-10-15 20:10:00	6.22	70.183	7.558	0.357	4.623	3.105	0.07	19.08	85.875	434.5	2015-10-15 20:35:00
2015-10-16 05:55:00	5.77	71.248	10.012	0.2	3.47	3.42	0.02	8.29	88.1719970703125	393.317	2015-10-16 06:20:00
2015-10-16 06:25:00	5.8	73.509	10.357	0.402	3.537	3.355	0.02	12.93	85.85700225830078	390.967	2015-10-16 06:50:00
2015-10-16 07:55:00	6.33	67.469	11.177	0.098	2.263	2.89	0.06	23.72	89.88500213623047	398.417	2015-10-16 08:20:00
2015-10-17 15:55:00	5.83	88.839	10.922	-3.243	4.087	1.833	0.08	22.18	54.496	347.05	2015-10-17 16:20:00
2015-10-17 16:30:00	5.88	122.937	10.597	-3.89	3.74	-0.848	0.06	19.96	45.931	341.983	2015-10-17 16:55:00
2015-10-17 17:00:00	5.78	125.797	10.281	-3.135	4.657	-1.368	0.07	29.44	59.062	342.533	2015-10-17 17:25:00
2015-10-17 19:50:00	6.3	67.099	7.703	0.933	4.2	3.125	0.08	16.66	80.21099853515625	352.933	2015-10-17 20:15:00
2015-10-18 19:15:00	6.5	92.996	8.244	-2.307	2.525	0.498	0.05	25.88	51.184	457.6	2015-10-18 19:40:00
2015-10-19 02:45:00	6.43	94.737	7.211	-1.925	2.377	0.503	0.08	23.87	54.528	422.717	2015-10-19 03:10:00
2015-10-19 03:15:00	6.38	86.538	7.825	-1.728	2.54	1.032	0.02	9.20	59.796	420.767	2015-10-19 03:40:00
2015-10-19 03:45:00	6.48	93.107	8.381	-1.078	2.78	0.837	0.04	4.60	71.815	420.933	2015-10-19 04:10:00
2015-10-19 05:40:00	6.45	88.473	10.064	-1.522	2.28	1.13	0.08	10.01	60.856	412.4	2015-10-19 06:05:00
2015-10-19 06:35:00	6.53	92.221	10.658	-2.397	1.4	0.67	0.08	23.09	35.18	405.9	2015-10-19 07:00:00
2015-10-19 08:35:00	6.53	68.868	11.557	-1.937	1.275	1.535	0.09	13.91	46.582	398.867	2015-10-19 09:00:00
2015-10-19 09:45:00	6.45	118.165	11.854	-1.99	1.773	0.078	0.07	18.81	45.338	391.483	2015-10-19 10:10:00
2015-10-19 10:15:00	6.57	62.227	11.932	-0.167	1.523	2.635	0.09	21.57	84.488	396.85	2015-10-19 10:40:00
2015-10-19 10:45:00	6.57	69.829	11.982	0.227	2.117	2.64	0.03	11.53	86.07599639892578	399.483	2015-10-19 11:10:00
2015-10-19 11:55:00	6.6	94.714	11.989	-2.1	2.042	0.97	0.09	9.13	48.77	390.4	2015-10-19 12:20:00
2015-10-20 08:55:00	6.22	81.158	11.688	0.415	2.623	2.137	0.08	18.06	83.49299621582031	369.117	2015-10-20 09:20:00
2015-10-20 09:45:00	6.63	61.523	11.872	2.673	1.672	2.768	0.07	15.61	51.06700134277344	380.417	2015-10-20 10:10:00
2015-10-20 13:10:00	5.92	123.085	11.8	-3.797	4.563	-0.398	0.04	14.15	53.339	372.533	2015-10-20 13:35:00
2015-10-20 14:00:00	5.7	118.835	11.578	-3.955	5.13	-0.198	0.04	12.59	55.219	369.367	2015-10-20 14:25:00
2015-10-20 14:35:00	5.57	133.299	11.374	-3.647	5.337	-1.718	0.08	10.86	60.202	366.183	2015-10-20 15:00:00
2015-10-20 16:10:00	6.27	133.591	10.6	-2.553	4.675	-1.965	0.09	18.68	66.827	361.75	2015-10-20 16:35:00
2015-10-21 04:40:00	5.98	126.289	9.454	3.698	3.012	-0.672	0.08	23.08	37.029998779296875	345.4	2015-10-21 05:05:00
2015-10-21 06:10:00	5.6	100.51	10.538	5.502	4.963	1.355	0.08	21.00	41.32400131225586	352.933	2015-10-21 06:35:00
2015-10-21 07:00:00	5.6	80.023	10.998	5.285	4.197	3.232	0.09	6.86	44.38600158691406	355.217	2015-10-21 07:25:00
2015-10-21 08:00:00	5.88	58.206	11.429	4.308	2.632	4.757	0.03	22.77	52.61800003051758	356.467	2015-10-21 08:25:00
2015-10-26 16:25:00	5.03	55.113	9.996	-5.138	1.037	1.427	0.02	21.24	16.014	410.567	2015-10-26 16:50:00
2015-10-26 17:25:00	5.18	47.781	9.184	-5.425	0.592	0.998	0.01	16.66	11.951	404.0	2015-10-26 17:50:00
2015-10-26 17:55:00	5.0	53.556	8.711	-5.487	0.565	0.743	0.02	18.76	9.686	403.067	2015-10-26 18:20:00
2015-10-27 14:20:00	5.37	117.119	11.159	-3.318	2.518	-0.107	0.10	6.53	42.693	377.983	2015-10-27 14:45:00
2015-10-27 16:25:00	5.9	119.659	9.918	-3.475	1.788	-0.303	0.10	15.99	33.397	378.617	2015-10-27 16:50:00
2015-10-27 17:25:00	5.77	133.032	9.087	-3.547	1.803	-0.877	0.03	7.57	35.128	371.3	2015-10-27 17:50:00
2015-10-28 02:10:00	5.0	107.12	7.724	-2.7	2.815	-0.2	0.02	27.08	34.783	354.45	2015-10-28 02:35:00
2015-10-28 10:10:00	5.02	79.816	12.008	-3.467	1.482	1.223	0.06	5.62	31.568	327.833	2015-10-28 10:35:00
2015-10-29 06:00:00	5.32	56.413	10.947	-4.937	1.962	3.088	0.09	21.50	37.546	300.467	2015-10-29 06:25:00
2015-10-29 06:30:00	5.3	74.581	11.186	-5.003	2.748	2.327	0.05	19.16	37.934	299.867	2015-10-29 06:55:00
2015-10-29 07:05:00	5.28	129.733	11.425	-3.783	4.543	-1.1	0.03	10.28	55.286	295.067	2015-10-29 07:30:00
2015-10-29 10:35:00	5.1	132.999	12.007	-2.857	5.477	-1.345	0.04	8.14	67.882	309.917	2015-10-29 11:00:00
2015-10-29 11:45:00	5.7	128.332	11.889	-1.827	3.883	-0.715	0.09	28.18	70.369	312.85	2015-10-29 12:10:00
2015-10-29 12:15:00	5.37	123.416	11.791	-2.61	4.727	-0.453	0.06	4.45	65.836	312.083	2015-10-29 12:40:00
2015-10-29 12:50:00	5.68	97.125	11.64	-0.598	3.625	1.3	0.08	19.98	84.668	306.833	2015-10-29 13:15:00
2015-10-29 13:45:00	5.65	111.632	11.319	-1.795	3.18	0.21	0.06	4.03	64.86	305.85	2015-10-29 14:10:00
2015-10-29 14:30:00	5.55	91.984	10.979	-0.872	3.253	1.328	0.07	22.76	79.147	299.067	2015-10-29 14:55:00
2015-10-29 15:50:00	5.25	103.972	10.185	-3.233	3.757	0.438	0.06	4.86	53.73	311.5	2015-10-29 16:15:00
2015-11-01 03:50:00	5.07	115.91	9.763	-4.418	6.26	-0.893	0.08	20.72	43.605	353.333	2015-11-01 04:15:00
2015-11-01 18:10:00	5.45	126.774	7.741	-3.813	4.13	-1.773	0.10	21.55	39.475	350.983	2015-11-01 18:35:00
2015-11-03 15:40:00	5.48	76.028	9.913	-7.165	5.97	3.995	0.07	13.31	38.211	635.933	2015-11-03 16:05:00
2015-11-03 16:10:00	5.45	105.789	9.518	-7.168	6.257	0.272	0.08	27.58	33.408	632.55	2015-11-03 16:35:00
2015-11-04 06:00:00	6.18	134.712	11.25	-4.972	5.333	-2.195	0.06	15.74	41.419	705.983	2015-11-04 06:25:00
2015-11-04 08:20:00	6.23	107.088	11.915	-2.593	7.675	1.368	0.09	23.38	64.045	702.717	2015-11-04 08:45:00
2015-11-04 08:50:00	6.13	129.246	11.974	-4.432	6.475	-1.303	0.04	20.82	48.886	681.933	2015-11-04 09:15:00
2015-11-04 09:20:00	5.97	122.707	12.005	-2.577	7.535	-0.643	0.04	19.68	63.353	679.7	2015-11-04 09:45:00
2015-11-04 09:50:00	5.78	115.727	12.008	-3.265	7.482	0.257	0.08	17.01	58.393	669.983	2015-11-04 10:15:00
2015-11-04 10:25:00	5.97	109.873	11.975	-3.138	7.53	1.047	0.07	18.61	59.652	670.917	2015-11-04 10:50:00
2015-11-04 10:55:00	5.95	119.125	11.916	-4.497	6.908	-0.047	0.02	19.69	49.039	654.65	2015-11-04 11:20:00
2015-11-04 11:25:00	5.58	118.12	11.828	-5.395	6.56	-0.083	0.02	10.63	42.378	636.783	2015-11-04 11:50:00
2015-11-04 11:55:00	5.72	126.18	11.712	-5.05	6.717	-1.067	0.05	12.91	45.431	641.75	2015-11-04 12:20:00
2015-11-04 13:10:00	5.93	134.659	11.289	-6.752	4.538	-1.45	0.02	29.90	28.508	634.467	2015-11-04 13:35:00
2015-11-04 13:40:00	5.92	127.518	11.065	-7.232	3.717	-0.845	0.03	26.13	20.572	625.517	2015-11-04 14:05:00
2015-11-06 01:45:00	5.27	127.36	8.358	-4.305	3.302	-1.535	0.04	24.27	33.147	509.05	2015-11-06 02:10:00
2015-11-06 07:40:00	5.1	114.177	11.838	-4.84	4.017	0.09	0.02	21.07	30.405	489.733	2015-11-06 08:05:00
2015-11-06 08:10:00	5.08	109.951	11.923	-5.758	2.355	0.172	0.00	28.72	13.134	478.233	2015-11-06 08:35:00
2015-11-06 09:05:00	5.25	94.024	12.004	-5.332	3.045	1.135	0.02	29.18	23.007	482.733	2015-11-06 09:30:00
2015-11-06 14:45:00	5.68	53.86	10.324	-3.272	2.787	4.26	0.03	22.50	52.02	475.05	2015-11-06 15:10:00
2015-11-06 15:40:00	5.53	93.312	9.655	-5.257	3.605	1.097	0.02	24.49	26.772	459.017	2015-11-06 16:05:00
2015-11-06 16:30:00	5.85	87.239	8.925	-3.093	4.953	1.667	0.05	27.61	50.951	472.55	2015-11-06 16:55:00
2015-11-06 17:00:00	5.6	80.156	8.426	-5.555	3.868	1.842	0.03	4.26	28.472	456.15	2015-11-06 17:25:00
2015-11-06 17:45:00	5.4	50.088	7.577	-5.753	2.427	3.273	0.07	29.97	35.104	450.817	2015-11-06 18:10:00
2015-11-07 02:10:00	5.05	112.653	8.891	6.32	11.733	-2.322	0.05	24.66	69.97200012207031	672.633	2015-11-07 02:35:00
2015-11-09 03:20:00	5.9	121.507	10.052	2.363	4.4	-1.405	0.05	10.91	52.874000549316406	497.267	2015-11-09 03:45:00
2015-11-10 02:35:00	5.0	124.472	9.559	-8.023	3.078	-1.29	0.04	21.89	16.059	579.617	2015-11-10 03:00:00
2015-11-10 06:50:00	5.23	127.367	11.756	-2.413	5.853	-1.525	0.05	18.66	61.365	635.017	2015-11-10 07:15:00
2015-11-13 00:35:00	6.97	45.425	7.919	-1.048	1.795	2.315	0.05	20.78	62.518	404.05	2015-11-13 01:00:00
2015-11-13 01:30:00	6.53	127.72	8.884	-3.235	1.313	-0.727	0.06	27.97	18.224	402.317	2015-11-13 01:55:00
2015-11-13 04:20:00	6.48	134.085	10.938	-3.02	1.338	-0.708	0.06	26.70	19.509	383.9	2015-11-13 04:45:00
2015-11-13 16:30:00	5.17	72.666	8.155	-0.627	6.872	4.342	0.09	21.75	76.282	425.783	2015-11-13 16:55:00
2015-11-14 01:05:00	5.6	74.287	8.577	2.195	5.668	2.397	0.05	12.99	79.62899780273438	475.75	2015-11-14 01:30:00
2015-11-14 03:10:00	5.65	118.411	10.314	0.39	5.23	-1.553	0.03	23.16	85.64	466.667	2015-11-14 03:35:00
2015-11-14 03:40:00	5.72	100.501	10.628	0.667	5.237	0.248	0.06	26.87	87.541	467.75	2015-11-14 04:05:00
2015-11-14 04:40:00	5.47	117.879	11.152	1.638	5.868	-1.258	0.04	22.57	83.53199768066406	467.833	2015-11-14 05:05:00
2015-11-14 06:40:00	5.55	94.874	11.82	1.435	4.923	1.49	0.04	20.92	83.52400207519531	469.767	2015-11-14 07:05:00
2015-11-14 10:10:00	6.43	95.816	11.869	-1.73	3.382	1.193	0.07	22.52	54.786	450.033	2015-11-14 10:35:00
2015-11-14 10:45:00	6.5	122.855	11.741	-1.717	3.622	-0.477	0.09	29.42	55.77	447.9	2015-11-14 11:10:00
2015-11-14 15:35:00	6.63	59.907	8.982	2.712	2.26	2.423	0.09	15.11	58.80400085449219	448.55	2015-11-14 16:00:00
2015-11-14 16:10:00	6.78	66.782	8.4	3.45	1.518	1.185	0.05	23.13	38.02899932861328	453.25	2015-11-14 16:35:00
2015-11-14 23:50:00	6.3	73.502	7.264	-0.962	5.773	2.303	0.10	27.73	71.625	428.583	2015-11-15 00:15:00
2015-11-15 00:35:00	6.2	92.293	8.158	-0.2	6.205	0.42	0.06	22.78	78.345	425.467	2015-11-15 01:00:00
2015-11-15 01:05:00	6.0	66.05	8.684	-0.373	4.982	2.938	0.07	26.33	77.142	417.65	2015-11-15 01:30:00
2015-11-15 01:35:00	6.27	58.006	9.16	0.007	4.483	3.725	0.05	11.11	81.096	414.317	2015-11-15 02:00:00
2015-11-15 02:20:00	6.58	60.045	9.79	-0.283	4.735	3.862	0.08	17.68	78.451	411.767	2015-11-15 02:45:00
2015-11-15 03:15:00	6.23	89.174	10.436	0.43	5.373	1.175	0.08	24.12	84.172	408.883	2015-11-15 03:40:00
2015-11-15 03:45:00	6.33	88.892	10.737	0.093	5.252	1.322	0.08	24.70	81.067	407.867	2015-11-15 04:10:00
2015-11-15 04:15:00	6.18	103.387	11.003	0.022	5.593	0.108	0.03	14.25	80.091	406.033	2015-11-15 04:40:00
2015-11-15 05:15:00	6.13	73.018	11.437	-4.003	1.77	1.172	0.07	12.62	19.293	388.183	2015-11-15 05:40:00
2015-11-15 05:55:00	5.98	75.238	11.657	-4.133	1.963	1.238	0.03	25.20	20.494	384.783	2015-11-15 06:20:00
2015-11-15 06:40:00	5.87	118.386	11.841	-3.123	3.615	-0.487	0.08	28.21	39.726	383.9	2015-11-15 07:05:00
2015-11-15 08:15:00	6.32	74.386	12.016	1.908	3.008	2.413	0.10	27.44	73.08200073242188	395.1	2015-11-15 08:40:00
2015-11-15 08:55:00	6.37	99.891	12.005	1.797	4.378	1.127	0.07	17.25	78.70099639892578	400.1	2015-11-15 09:20:00
2015-11-15 09:25:00	6.18	80.962	11.963	1.347	4.218	2.802	0.04	27.14	84.93299865722656	397.65	2015-11-15 09:50:00
2015-11-15 09:55:00	6.18	96.211	11.893	-1.137	4.802	1.617	0.08	21.14	67.321	387.833	2015-11-15 10:20:00
2015-11-15 10:25:00	6.02	106.013	11.794	-2.355	4.522	0.667	0.08	15.48	52.043	381.433	2015-11-15 10:50:00
2015-11-15 11:00:00	6.02	96.143	11.642	0.923	5.348	1.788	0.09	6.49	88.702	397.233	2015-11-15 11:25:00
2015-11-15 11:30:00	5.93	86.101	11.479	0.748	5.202	2.778	0.06	13.12	86.866	395.633	2015-11-15 11:55:00
2015-11-15 12:00:00	5.75	82.51	11.285	-0.785	5.143	3.105	0.02	8.17	72.669	387.067	2015-11-15 12:25:00
2015-11-15 12:30:00	5.73	71.947	11.06	1.085	4.537	3.962	0.08	15.38	88.83999633789062	394.2	2015-11-15 12:55:00
2015-11-15 13:00:00	5.95	59.913	10.801	3.343	3.385	4.275	0.04	23.72	66.64399719238281	410.033	2015-11-15 13:25:00
2015-11-15 16:50:00	5.12	49.986	7.515	3.842	4.868	6.537	0.02	15.45	72.48100280761719	414.967	2015-11-15 17:15:00
2015-11-16 06:10:00	5.03	73.355	11.752	1.693	6.065	4.43	0.10	11.82	87.02200317382812	383.117	2015-11-16 06:35:00
2015-11-16 06:40:00	5.5	87.685	11.861	-0.325	6.497	2.753	0.04	16.16	76.919	380.217	2015-11-16 07:05:00
2015-11-16 07:25:00	5.62	132.204	11.97	0.1	6.542	-2.4	0.10	11.11	81.623	379.083	2015-11-16 07:50:00
2015-11-16 08:40:00	5.75	113.765	12.01	-1.287	6.262	0.012	0.05	23.39	68.116	379.767	2015-11-16 09:05:00
2015-11-16 09:10:00	5.63	132.225	11.977	-2.795	6.102	-1.983	0.07	5.34	57.229	380.217	2015-11-16 09:35:00
2015-11-16 09:40:00	5.42	120.654	11.915	-2.473	7.02	-0.767	0.04	20.43	60.761	381.533	2015-11-16 10:05:00
2015-11-16 10:20:00	5.07	100.847	11.787	-2.432	7.098	1.772	0.08	17.87	61.126	380.0	2015-11-16 10:45:00
2015-11-16 10:50:00	5.22	117.597	11.658	-3.8	6.307	-0.318	0.04	19.58	48.957	375.0	2015-11-16 11:15:00
2015-11-16 11:20:00	5.98	83.573	11.498	-0.048	5.737	3.388	0.02	13.21	79.492	375.967	2015-11-16 11:45:00
2015-11-16 15:45:00	6.05	106.595	8.606	-0.878	5.705	-0.077	0.06	28.67	70.973	371.067	2015-11-16 16:10:00
2015-11-16 16:40:00	5.58	132.41	7.585	-2.238	5.41	-2.988	0.04	4.65	61.917	369.333	2015-11-16 17:05:00
2015-11-16 23:50:00	5.52	54.635	7.534	-3.175	4.117	3.473	0.03	14.67	50.28	370.0	2015-11-17 00:15:00
2015-11-17 01:50:00	6.45	134.211	9.561	-2.84	3.108	-2.358	0.09	23.31	47.789	371.367	2015-11-17 02:15:00
2015-11-17 02:20:00	6.4	116.4	9.952	-3.595	3.918	-1.247	0.10	2.84	39.635	370.0	2015-11-17 02:45:00
2015-11-17 02:50:00	6.33	105.861	10.304	-3.917	3.85	-0.39	0.05	18.74	34.705	366.9	2015-11-17 03:15:00
2015-11-17 03:25:00	6.28	114.044	10.668	-2.59	4.335	-1.008	0.09	26.27	50.429	368.4	2015-11-17 03:50:00
2015-11-17 04:35:00	5.4	80.797	11.255	-2.825	5.437	2.437	0.04	13.63	54.219	369.467	2015-11-17 05:00:00
2015-11-17 05:05:00	5.15	79.748	11.453	-3.027	5.523	2.748	0.02	14.71	53.682	368.567	2015-11-17 05:30:00
2015-11-17 05:35:00	5.25	77.876	11.62	-2.408	5.405	3.078	0.06	4.61	58.814	368.933	2015-11-17 06:00:00
2015-11-17 06:05:00	5.57	80.232	11.757	-1.83	5.388	2.942	0.02	8.48	63.133	367.35	2015-11-17 06:30:00
2015-11-17 06:35:00	5.65	77.773	11.864	-1.038	5.11	3.232	0.06	11.99	70.267	367.933	2015-11-17 07:00:00
2015-11-17 07:05:00	5.65	68.578	11.943	0.05	4.46	4.087	0.04	9.38	81.326	371.083	2015-11-17 07:30:00
2015-11-17 08:05:00	5.48	131.977	12.015	-5.425	3.56	-1.227	0.05	23.71	26.215	364.767	2015-11-17 08:30:00
2015-11-17 09:00:00	6.17	106.27	11.981	-4.497	3.945	0.53	0.09	21.95	31.172	368.383	2015-11-17 09:25:00
2015-11-17 09:30:00	6.38	100.07	11.922	-4.503	3.878	0.975	0.04	13.95	30.993	369.433	2015-11-17 09:55:00
2015-11-17 10:30:00	6.55	104.933	11.718	-4.577	3.8	0.618	0.07	4.38	29.242	366.067	2015-11-17 10:55:00
2015-11-17 11:00:00	6.57	106.286	11.572	-4.508	3.752	0.513	0.05	8.77	29.29	366.583	2015-11-17 11:25:00
2015-11-17 12:15:00	6.07	115.63	11.072	-5.095	4.22	-0.21	0.06	6.59	29.351	368.433	2015-11-17 12:40:00
2015-11-17 12:45:00	5.83	124.502	10.816	-5.352	4.177	-0.925	0.02	4.69	29.032	367.0	2015-11-17 13:10:00
2015-11-17 13:15:00	5.92	132.089	10.526	-5.465	3.602	-1.378	0.03	5.25	26.598	365.05	2015-11-17 13:40:00
2015-11-17 15:55:00	5.77	109.711	8.316	-4.408	3.992	-0.325	0.05	3.87	32.002	368.033	2015-11-17 16:20:00
2015-11-17 16:25:00	5.73	124.887	7.752	-4.517	3.688	-1.432	0.01	15.70	32.747	368.7	2015-11-17 16:50:00
2015-11-17 16:55:00	5.83	132.491	7.128	-4.417	3.358	-1.917	0.06	21.07	33.997	365.883	2015-11-17 17:20:00
2015-11-19 04:30:00	6.25	58.562	11.312	-1.835	4.342	4.365	0.09	11.05	65.619	459.117	2015-11-19 04:55:00
2015-11-23 06:35:00	5.42	69.626	11.966	3.073	1.7	1.397	0.06	14.59	30.19499969482422	326.783	2015-11-23 07:00:00
2015-11-23 07:05:00	5.38	64.231	12.006	2.87	2.02	2.045	0.06	10.24	39.88399887084961	327.983	2015-11-23 07:30:00
2015-11-23 07:35:00	5.33	61.637	12.019	2.95	2.232	2.497	0.02	6.11	44.125	325.733	2015-11-23 08:00:00
2015-11-23 08:05:00	5.4	57.777	12.003	2.917	1.948	2.595	0.05	15.31	44.28200149536133	326.35	2015-11-23 08:30:00
2015-11-23 08:35:00	5.42	53.406	11.958	2.893	1.723	2.762	0.05	5.58	45.064998626708984	324.75	2015-11-23 09:00:00
2015-11-23 09:05:00	5.43	50.964	11.886	3.137	1.397	2.482	0.05	12.06	39.45399856567383	322.817	2015-11-23 09:30:00
2015-11-26 10:05:00	5.12	64.246	11.555	-1.89	2.445	2.612	0.08	14.76	66.069	266.15	2015-11-26 10:30:00
2015-11-26 11:45:00	5.42	89.924	10.829	-0.733	2.66	0.99	0.04	9.80	80.839	266.733	2015-11-26 12:10:00
2015-11-29 22:55:00	6.77	112.432	8.128	-7.735	4.193	-1.862	0.08	24.18	26.227	460.1	2015-11-29 23:20:00
2015-11-30 22:45:00	6.48	83.057	8.064	3.28	4.905	0.44	0.03	17.43	63.395999908447266	470.55	2015-11-30 23:10:00
2015-12-01 03:40:00	6.65	77.428	11.496	2.217	3.187	1.093	0.09	23.21	64.79299926757812	444.067	2015-12-01 04:05:00
2015-12-01 10:25:00	5.53	126.775	11.212	-2.523	5.855	-1.843	0.09	5.27	62.663	489.0	2015-12-01 10:50:00
2015-12-01 10:55:00	5.37	125.016	10.976	-2.163	6.392	-1.83	0.05	3.91	66.806	489.75	2015-12-01 11:20:00
2015-12-01 11:55:00	5.53	129.919	10.402	-1.18	5.668	-2.25	0.06	4.30	74.335	502.967	2015-12-01 12:20:00
2015-12-01 14:50:00	5.68	115.166	7.812	0.857	5.835	-1.283	0.07	8.44	86.72699737548828	558.45	2015-12-01 15:15:00
2015-12-02 03:05:00	5.37	114.073	11.317	-4.677	3.613	-1.285	0.05	18.55	34.516	447.75	2015-12-02 03:30:00
2015-12-02 04:50:00	5.28	92.392	11.845	-4.007	3.062	0.473	0.09	13.90	30.674	443.55	2015-12-02 05:15:00
2015-12-02 06:10:00	5.28	116.046	12.008	-4.147	3.375	-0.738	0.02	17.76	34.236	442.483	2015-12-02 06:35:00
2015-12-02 06:40:00	5.2	116.383	12.016	-3.747	3.725	-0.775	0.03	15.83	39.768	444.4	2015-12-02 07:05:00
2015-12-03 00:30:00	5.08	98.206	9.895	-4.283	2.807	-0.385	0.02	28.98	28.071	417.217	2015-12-03 00:55:00
2015-12-03 03:10:00	5.25	117.54	11.394	-3.087	3.49	-1.518	0.06	22.37	46.219	418.717	2015-12-03 03:35:00
2015-12-03 03:40:00	5.08	111.996	11.57	-3.96	2.302	-0.64	0.02	26.63	26.421	410.167	2015-12-03 04:05:00
2015-12-03 04:10:00	5.42	130.025	11.717	-3.235	3.24	-1.992	0.02	23.12	46.495	418.2	2015-12-03 04:35:00
2015-12-03 05:20:00	5.07	132.469	11.945	-3.93	3.062	-1.922	0.02	11.11	38.854	409.983	2015-12-03 05:45:00
2015-12-04 01:20:00	5.08	113.293	10.54	-3.587	3.437	-1.505	0.03	21.85	41.345	373.45	2015-12-04 01:45:00
2015-12-04 02:40:00	5.0	118.767	11.235	-3.783	3.833	-1.865	0.04	9.75	43.303	367.85	2015-12-04 03:05:00
2015-12-05 21:20:00	5.22	95.459	7.014	-3.808	6.272	-0.912	0.02	6.27	53.861	467.583	2015-12-05 21:45:00
2015-12-05 21:50:00	5.3	87.728	7.649	-3.73	5.793	-0.138	0.07	24.17	51.615	456.95	2015-12-05 22:15:00
2015-12-06 00:00:00	5.1	89.112	9.771	-6.183	5.278	-0.152	0.08	19.46	35.096	463.7	2015-12-06 00:25:00
2015-12-06 01:50:00	5.4	78.04	10.948	-4.868	6.305	1.348	0.06	26.29	47.163	454.55	2015-12-06 02:15:00
2015-12-06 02:20:00	5.75	90.545	11.188	-4.16	6.387	0.05	0.03	25.14	51.256	450.317	2015-12-06 02:45:00
2015-12-07 04:05:00	5.15	83.552	11.807	-7.518	4.72	0.98	0.05	13.79	27.843	564.933	2015-12-07 04:30:00
2015-12-07 06:45:00	5.22	78.416	11.988	-6.532	5.102	2.243	0.02	18.26	35.073	557.15	2015-12-07 07:10:00
2015-12-07 13:35:00	5.82	130.491	8.456	-2.613	5.103	-2.673	0.03	24.35	63.851	651.667	2015-12-07 14:00:00
2015-12-07 14:25:00	5.63	67.3	7.508	-4.182	4.667	3.137	0.07	18.28	48.376	635.433	2015-12-07 14:50:00
2015-12-07 22:20:00	6.48	115.061	8.462	-4.738	2.037	-1.152	0.01	21.27	25.089	609.367	2015-12-07 22:45:00
2015-12-07 22:50:00	6.45	118.226	8.959	-4.613	2.008	-1.262	0.03	27.48	26.598	609.083	2015-12-07 23:15:00
2015-12-07 23:20:00	6.68	134.259	9.409	-1.475	2.797	-3.242	0.03	24.04	71.386	629.517	2015-12-07 23:45:00
2015-12-08 02:55:00	5.87	70.101	11.51	-4.223	2.695	1.082	0.09	21.93	29.639	592.467	2015-12-08 03:20:00
2015-12-08 11:50:00	6.1	102.673	9.919	-4.67	1.99	0.168	0.03	28.75	19.369	553.683	2015-12-08 12:15:00
2015-12-08 13:10:00	6.25	72.493	8.768	-4.052	2.283	1.377	0.05	13.93	27.86	544.133	2015-12-08 13:35:00
2015-12-08 21:00:00	6.22	112.689	7.014	-3.528	2.505	-1.25	0.03	28.57	36.244	488.2	2015-12-08 21:25:00
2015-12-08 21:45:00	6.38	113.944	7.944	-2.19	3.39	-1.888	0.03	23.43	58.123	496.2	2015-12-08 22:10:00
2015-12-08 22:55:00	6.27	89.472	9.139	-3.6	2.572	-0.153	0.01	22.05	31.345	475.6	2015-12-08 23:20:00
2015-12-08 23:35:00	6.27	111.13	9.706	-3.373	2.517	-1.268	0.02	23.37	38.021	471.533	2015-12-09 00:00:00
2015-12-09 00:15:00	6.58	109.654	10.201	-0.828	4.005	-1.745	0.02	23.08	76.543	496.667	2015-12-09 00:40:00
2015-12-09 01:50:00	6.35	100.533	11.114	-3.235	3.528	-0.707	0.07	23.87	44.052	468.683	2015-12-09 02:15:00
2015-12-09 02:25:00	6.32	85.16	11.366	-2.622	4.398	0.34	0.02	22.09	54.365	476.583	2015-12-09 02:50:00
2015-12-09 03:00:00	6.4	77.847	11.575	-2.308	3.933	0.925	0.10	20.30	55.387	470.0	2015-12-09 03:25:00
2015-12-09 08:55:00	6.52	45.531	11.461	-2.865	2.265	3.913	0.03	20.61	52.301	454.767	2015-12-09 09:20:00
2015-12-09 09:50:00	6.35	49.921	11.075	-3.337	2.257	3.418	0.04	24.42	45.318	446.95	2015-12-09 10:15:00
2015-12-09 11:45:00	6.58	113.027	9.901	-3.333	2.825	-0.35	0.03	28.27	36.32	444.217	2015-12-09 12:10:00
2015-12-09 12:30:00	6.47	78.787	9.289	-2.962	2.998	1.408	0.03	26.49	42.452	444.317	2015-12-09 12:55:00
2015-12-09 22:55:00	6.27	84.122	9.237	-2.755	6.278	0.07	0.05	17.00	60.884	434.767	2015-12-09 23:20:00
2015-12-09 23:25:00	6.0	107.909	9.661	-3.52	5.508	-2.327	0.04	12.32	55.989	429.933	2015-12-09 23:50:00
2015-12-09 23:55:00	5.95	126.739	10.043	-3.31	4.62	-4.08	0.08	27.85	60.548	434.15	2015-12-10 00:20:00
2015-12-10 02:10:00	5.83	133.522	11.309	-3.747	5.363	-5.315	0.08	25.64	62.885	463.45	2015-12-10 02:35:00
2015-12-10 21:10:00	6.4	84.353	7.507	-0.267	5.927	0.015	0.03	28.84	85.001	642.517	2015-12-10 21:35:00
2015-12-10 22:45:00	6.43	100.722	9.184	-1.532	5.593	-1.585	0.02	28.20	73.114	627.383	2015-12-10 23:10:00
2015-12-12 10:35:00	6.92	79.772	10.481	-3.317	1.77	0.77	0.09	18.22	26.182	580.483	2015-12-12 11:00:00
2015-12-13 00:35:00	6.82	110.738	10.685	-2.06	2.823	-1.373	0.02	25.94	54.972	514.85	2015-12-13 01:00:00
2015-12-13 01:05:00	6.88	111.963	10.957	-1.958	2.705	-1.392	0.09	29.48	55.627	511.4	2015-12-13 01:30:00
2015-12-13 12:45:00	6.8	116.181	8.641	-3.442	1.177	-0.292	0.10	14.24	16.849	484.05	2015-12-13 13:10:00
2015-12-13 13:15:00	6.82	110.032	8.111	-3.247	1.6	-0.275	0.03	26.92	23.547	479.7	2015-12-13 13:40:00
2015-12-13 22:50:00	6.53	82.785	9.536	-2.985	1.725	-0.027	0.06	27.18	26.351	446.783	2015-12-13 23:15:00
2015-12-13 23:35:00	6.95	101.553	10.112	-1.405	2.75	-0.92	0.08	26.00	61.89	448.05	2015-12-14 00:00:00
2015-12-14 01:10:00	6.33	109.869	11.052	-2.845	1.938	-0.902	0.05	15.59	34.443	422.383	2015-12-14 01:35:00
2015-12-14 02:00:00	6.25	112.549	11.412	-2.79	1.948	-0.972	0.02	28.09	35.738	420.117	2015-12-14 02:25:00
2015-12-14 02:30:00	6.05	116.099	11.586	-2.948	1.862	-0.995	0.03	8.10	33.279	417.633	2015-12-14 02:55:00
2015-12-14 03:00:00	6.25	119.354	11.73	-2.428	2.365	-1.383	0.03	6.77	50.752	420.983	2015-12-14 03:25:00
2015-12-14 03:30:00	6.17	82.948	11.844	-3.068	1.675	0.203	0.04	23.61	32.369	413.7	2015-12-14 03:55:00
2015-12-14 04:50:00	6.03	87.985	12.008	-2.982	1.968	0.212	0.06	21.00	36.856	406.083	2015-12-14 05:15:00
2015-12-14 05:20:00	5.83	86.834	12.017	-3.005	2.295	0.383	0.05	23.09	41.189	406.05	2015-12-14 05:45:00
2015-12-14 09:25:00	7.0	110.909	11.008	-2.39	1.125	-0.14	0.05	28.01	28.325	392.2	2015-12-14 09:50:00
2015-12-28 22:30:00	6.5	113.505	10.504	-3.242	3.02	-2.128	0.10	29.90	42.646	393.333	2015-12-28 22:55:00
2015-12-29 06:55:00	5.8	80.831	11.358	-4.127	3.512	0.772	0.05	6.82	35.342	394.967	2015-12-29 07:20:00
2015-12-29 07:25:00	5.83	86.942	11.145	-4.21	3.517	0.452	0.02	4.12	34.083	398.533	2015-12-29 07:50:00
2015-12-29 08:40:00	6.02	82.299	10.471	-4.438	1.098	0.255	0.03	14.63	9.567	390.833	2015-12-29 09:05:00
2015-12-29 20:00:00	5.97	117.207	8.577	-2.985	2.695	-2.11	0.09	16.78	42.041	388.383	2015-12-29 20:25:00
2015-12-29 22:50:00	5.77	99.441	10.766	-3.09	3.075	-1.335	0.04	11.46	39.76	378.533	2015-12-29 23:15:00
2015-12-29 23:20:00	5.72	87.03	11.027	-3.683	2.822	-0.583	0.10	29.86	31.031	377.7	2015-12-29 23:45:00
2015-12-29 23:50:00	5.55	83.486	11.255	-4.095	2.395	-0.33	0.05	20.97	23.429	375.517	2015-12-30 00:15:00
2015-12-30 01:30:00	5.55	52.171	11.792	-4.03	2.528	1.26	0.04	25.00	30.091	371.433	2015-12-30 01:55:00
2015-12-30 02:10:00	5.63	78.173	11.914	-3.8	2.617	0.078	0.09	23.34	27.603	368.1	2015-12-30 02:35:00
2015-12-30 05:15:00	6.43	62.709	11.82	-1.18	3.487	1.67	0.08	13.36	67.361	374.517	2015-12-30 05:40:00
2015-12-30 05:45:00	6.28	72.476	11.702	-2.062	3.425	1.062	0.08	4.33	53.658	370.5	2015-12-30 06:10:00
2015-12-30 06:15:00	6.15	76.99	11.554	-2.907	3.095	0.78	0.07	6.97	40.992	368.8	2015-12-30 06:40:00
2015-12-30 06:45:00	6.23	74.441	11.376	-0.382	3.767	1.207	0.07	8.71	78.109	374.85	2015-12-30 07:10:00
2015-12-30 07:15:00	6.2	73.77	11.167	-1.383	3.955	1.438	0.08	27.73	66.033	372.533	2015-12-30 07:40:00
2015-12-30 08:25:00	6.32	51.068	10.552	-0.592	3.037	2.985	0.03	16.11	78.416	371.433	2015-12-30 08:50:00
2015-12-30 08:55:00	6.42	48.725	10.231	-0.398	2.78	3.05	0.03	17.21	80.939	373.4	2015-12-30 09:20:00
2015-12-30 18:35:00	6.0	86.775	7.063	-2.065	3.985	-0.362	0.02	16.74	54.158	349.833	2015-12-30 19:00:00
2015-12-30 19:10:00	5.62	84.932	7.791	-3.365	3.353	-0.238	0.05	21.65	36.471	338.6	2015-12-30 19:35:00
2015-12-30 20:15:00	5.53	97.248	8.936	-3.312	3.487	-1.195	0.02	11.98	39.12	337.583	2015-12-30 20:40:00
2015-12-30 20:45:00	5.25	90.063	9.387	-4.463	2.343	-0.522	0.05	25.16	19.383	329.333	2015-12-30 21:10:00
2015-12-30 21:15:00	5.38	102.564	9.794	-3.863	2.975	-1.462	0.02	8.16	31.678	332.15	2015-12-30 21:40:00
2015-12-30 21:45:00	5.35	97.249	10.161	-2.078	4.705	-1.827	0.09	7.80	58.334	339.767	2015-12-30 22:10:00
2015-12-30 22:15:00	5.47	99.956	10.49	-1.472	4.792	-2.147	0.08	11.06	65.644	345.1	2015-12-30 22:40:00
2015-12-30 23:15:00	5.35	80.957	11.042	-2.33	5.058	-0.46	0.09	9.41	56.578	342.633	2015-12-30 23:40:00
2015-12-31 00:05:00	5.43	95.42	11.401	-3.017	3.822	-1.308	0.08	18.36	44.279	336.617	2015-12-31 00:30:00
2015-12-31 02:50:00	5.42	107.647	11.992	-2.025	7.447	-3.883	0.08	23.18	68.71	407.067	2015-12-31 03:15:00
2015-12-31 03:20:00	5.37	112.352	12.005	-0.383	7.662	-4.562	0.10	18.94	79.114	402.85	2015-12-31 03:45:00
2015-12-31 09:40:00	5.12	89.101	9.583	-2.03	11.493	1.415	0.07	18.11	78.765	462.167	2015-12-31 10:05:00
2016-01-03 02:50:00	5.33	57.901	12.005	-6.795	3.118	1.188	0.09	21.13	19.644	424.067	2016-01-03 03:15:00
2016-01-03 07:00:00	5.37	114.604	11.069	-4.188	4.182	-1.912	0.04	20.01	38.615	450.617	2016-01-03 07:25:00
2016-01-03 09:15:00	5.37	110.77	9.64	-4.8	3.593	-1.015	0.02	11.02	38.222	445.533	2016-01-03 09:40:00
2016-01-03 10:15:00	5.43	99.609	8.748	-5.405	1.757	-0.145	0.06	10.76	17.882	446.617	2016-01-03 10:40:00
2016-01-03 11:20:00	5.65	103.945	7.557	-4.793	3.465	-0.583	0.08	29.03	36.766	449.933	2016-01-03 11:45:00
2016-01-04 00:00:00	5.07	63.114	11.537	-4.37	1.723	0.35	0.01	8.45	13.321	413.167	2016-01-04 00:25:00
2016-01-04 00:30:00	5.12	82.238	11.688	-4.237	2.067	-0.285	0.03	23.71	16.355	413.933	2016-01-04 00:55:00
2016-01-04 01:45:00	5.9	122.616	11.936	-2.653	2.183	-2.263	0.03	9.30	41.446	425.117	2016-01-04 02:10:00
2016-01-04 02:15:00	5.87	94.102	11.985	-3.78	1.285	-0.377	0.02	26.21	9.703	417.75	2016-01-04 02:40:00
2016-01-04 03:55:00	5.63	69.939	11.944	-3.917	1.03	0.252	0.02	26.65	14.027	420.15	2016-01-04 04:20:00
2016-01-04 05:00:00	5.78	90.784	11.747	-3.332	2.945	-0.275	0.04	16.68	41.274	423.817	2016-01-04 05:25:00
2016-01-04 06:35:00	6.82	116.641	11.208	-1.512	3.61	-1.878	0.06	24.38	70.557	445.933	2016-01-04 07:00:00
2016-01-04 08:05:00	6.87	72.102	10.401	-2.623	3.18	1.152	0.05	20.06	50.98	448.367	2016-01-04 08:30:00
2016-01-05 00:35:00	6.48	75.294	11.74	-3.223	2.623	-0.052	0.08	13.38	28.45	402.967	2016-01-05 01:00:00
2016-01-05 03:50:00	5.8	64.71	11.941	-3.88	5.775	1.738	0.03	5.46	55.569	412.467	2016-01-05 04:15:00
2016-01-05 05:35:00	6.12	70.07	11.548	-3.875	5.452	1.615	0.07	23.92	54.287	400.383	2016-01-05 06:00:00
2016-01-05 06:05:00	6.02	48.084	11.369	-3.445	4.588	3.848	0.07	17.31	57.629	394.517	2016-01-05 06:30:00
2016-01-05 07:30:00	6.05	50.284	10.688	-2.583	4.432	3.903	0.01	29.66	63.992	387.75	2016-01-05 07:55:00
2016-01-05 09:40:00	5.57	63.935	9.087	-6.528	5.378	3.202	0.08	25.29	41.492	381.35	2016-01-05 10:05:00
2016-01-06 04:55:00	6.52	113.609	11.712	-4.043	3.34	-1.818	0.09	25.11	35.558	589.35	2016-01-06 05:20:00
2016-01-06 22:45:00	6.13	74.977	11.185	-4.215	4.475	-0.197	0.06	12.31	36.605	547.067	2016-01-06 23:10:00
2016-01-07 06:25:00	6.98	113.608	11.132	-2.18	3.94	-1.793	0.05	26.84	53.222	577.067	2016-01-07 06:50:00
2016-01-08 04:05:00	6.95	74.308	11.849	0.33	4.605	0.547	0.07	20.99	85.43000030517578	547.167	2016-01-08 04:30:00
2016-01-08 04:35:00	6.8	71.483	11.739	-0.383	4.687	0.885	0.08	15.31	85.8	540.85	2016-01-08 05:00:00
2016-01-08 20:10:00	6.47	59.51	9.75	-2.347	3.202	0.882	0.03	22.16	44.393	478.55	2016-01-08 20:35:00
2016-01-08 21:40:00	6.52	82.844	10.752	-2.235	3.745	-0.678	0.05	21.77	60.689	469.167	2016-01-08 22:05:00
2016-01-09 03:30:00	6.5	65.878	11.924	0.327	5.112	1.163	0.04	29.87	86.86699676513672	471.4	2016-01-09 03:55:00
2016-01-09 05:20:00	6.35	90.815	11.478	-0.952	5.238	-0.627	0.04	17.79	80.275	455.05	2016-01-09 05:45:00
2016-01-09 06:50:00	6.6	95.41	10.807	-0.355	4.907	-0.658	0.05	23.91	86.214	457.617	2016-01-09 07:15:00
2016-01-09 07:30:00	6.73	97.029	10.412	1.007	4.917	-0.663	0.03	21.53	77.8740005493164	475.833	2016-01-09 07:55:00
2016-01-09 08:20:00	6.35	72.87	9.828	0.722	5.005	1.638	0.02	24.70	82.79000091552734	465.2	2016-01-09 08:45:00
2016-01-09 08:50:00	6.47	77.539	9.424	1.028	4.983	1.26	0.04	19.53	79.08599853515625	466.167	2016-01-09 09:15:00
2016-01-09 09:30:00	6.68	89.273	8.818	-0.813	4.712	0.232	0.06	24.78	80.357	456.567	2016-01-09 09:55:00
2016-01-09 10:10:00	6.55	76.585	8.126	0.548	5.207	1.493	0.09	12.17	85.01000213623047	459.833	2016-01-09 10:35:00
2016-01-09 10:40:00	6.55	89.218	7.544	-0.615	5.367	0.352	0.04	26.78	83.491	454.45	2016-01-09 11:05:00
2016-01-09 19:05:00	5.97	56.228	8.909	-2.125	4.773	1.777	0.08	10.77	66.128	436.233	2016-01-09 19:30:00
2016-01-09 19:35:00	6.03	47.064	9.362	-0.817	5.23	2.822	0.03	19.13	81.137	448.483	2016-01-09 20:00:00
2016-01-09 20:30:00	6.22	66.094	10.082	-1.725	5.113	0.692	0.08	20.32	71.3	446.283	2016-01-09 20:55:00
2016-01-09 21:00:00	6.27	55.22	10.419	-0.468	5.803	1.86	0.03	20.72	85.197	452.7	2016-01-09 21:25:00
2016-01-09 21:45:00	6.25	67.224	10.857	-0.208	6.157	0.475	0.04	28.43	88.27	447.85	2016-01-09 22:10:00
2016-01-10 02:00:00	6.68	54.979	12.001	0.605	4.753	1.703	0.07	15.05	83.93900299072266	445.433	2016-01-10 02:25:00
2016-01-10 03:35:00	6.03	69.166	11.892	1.145	6.35	1.087	0.04	24.28	80.33999633789062	443.85	2016-01-10 04:00:00
2016-01-10 19:15:00	6.78	130.423	9.168	0.53	2.21	-3.188	0.09	22.91	80.6969985961914	448.95	2016-01-10 19:40:00
2016-01-10 21:00:00	6.88	129.093	10.489	-2.605	1.48	-2.292	0.03	26.67	48.621	435.167	2016-01-10 21:25:00
2016-01-11 03:25:00	6.35	120.32	11.898	-3.853	2.86	-2.595	0.07	24.73	46.809	413.217	2016-01-11 03:50:00
2016-01-11 03:55:00	6.05	127.173	11.807	-4.952	2.502	-2.778	0.02	10.28	38.643	408.383	2016-01-11 04:20:00
2016-01-13 20:10:00	5.3	115.378	10.173	5.185	1.573	-1.33	0.09	21.32	35.7130012512207	515.083	2016-01-13 20:35:00
2016-01-17 06:20:00	5.0	116.771	10.552	0.855	4.913	-3.205	0.04	19.91	82.001	347.7	2016-01-17 06:45:00
2016-01-17 17:00:00	5.43	128.203	7.68	-1.678	2.722	-3.222	0.09	7.82	55.441	319.0	2016-01-17 17:25:00
2016-01-17 17:35:00	5.2	130.174	8.339	-1.887	2.668	-3.593	0.06	13.96	55.403	319.95	2016-01-17 18:00:00
2016-01-18 00:35:00	5.33	109.637	11.976	-3.02	1.642	-1.392	0.04	20.32	22.69	318.283	2016-01-18 01:00:00
2016-01-18 01:05:00	5.28	102.158	12.0	-3.508	1.45	-0.913	0.02	12.66	12.396	316.3	2016-01-18 01:30:00
2016-01-18 01:35:00	5.33	88.281	11.995	-3.083	1.94	-0.597	0.03	29.33	15.86	314.3	2016-01-18 02:00:00
2016-01-27 19:20:00	5.0	62.898	10.674	-3.082	5.438	0.625	0.03	13.51	40.922	369.333	2016-01-27 19:45:00
2016-01-28 06:35:00	5.23	131.287	9.433	2.457	4.33	-5.388	0.03	26.20	84.84300231933594	358.4	2016-01-28 07:00:00
2016-01-29 17:50:00	5.23	128.515	9.834	0.958	2.273	-3.425	0.05	2.77	89.647	302.6	2016-01-29 18:15:00
2016-01-29 19:00:00	5.42	119.134	10.619	0.343	2.625	-3.103	0.02	7.96	79.771	302.333	2016-01-29 19:25:00
2016-01-29 19:30:00	5.23	110.245	10.896	-0.19	3.137	-2.822	0.10	8.92	70.49	302.017	2016-01-29 19:55:00
2016-01-29 20:30:00	5.37	107.801	11.35	-0.913	2.97	-2.612	0.08	3.08	60.296	300.767	2016-01-29 20:55:00
2016-01-29 21:25:00	5.57	88.344	11.656	-1.397	2.78	-1.163	0.03	27.93	45.497	293.85	2016-01-29 21:50:00
2016-01-29 22:10:00	5.75	117.07	11.832	-1.672	1.44	-1.853	0.09	28.62	43.085	291.533	2016-01-29 22:35:00
2016-01-30 00:45:00	5.83	121.36	11.944	-2.38	0.705	-1.042	0.07	29.28	22.568	288.783	2016-01-30 01:10:00
2016-01-30 01:15:00	5.82	130.399	11.878	-2.285	0.548	-1.143	0.08	15.59	26.398	287.633	2016-01-30 01:40:00
2016-01-30 01:55:00	5.8	93.172	11.746	-1.912	1.295	-0.638	0.10	18.70	19.037	287.083	2016-01-30 02:20:00
2016-01-30 02:50:00	5.65	73.361	11.478	-2.007	2.07	-0.14	0.07	10.93	23.598	287.567	2016-01-30 03:15:00
2016-01-30 03:20:00	5.52	68.079	11.288	-2.695	1.793	0.092	0.03	15.41	11.569	283.417	2016-01-30 03:45:00
2016-01-30 04:05:00	5.65	73.58	10.945	-2.177	1.458	-0.037	0.08	28.50	12.415	283.483	2016-01-30 04:30:00
2016-01-30 06:00:00	5.83	111.862	9.714	-0.805	2.157	-1.457	0.08	15.77	54.29	284.233	2016-01-30 06:25:00
2016-01-30 06:45:00	6.0	120.084	9.076	-0.112	1.907	-1.618	0.10	11.47	69.831	283.833	2016-01-30 07:10:00
2016-01-30 07:15:00	6.05	128.616	8.594	0.002	1.573	-1.742	0.07	4.88	74.191	283.133	2016-01-30 07:40:00
2016-01-30 18:50:00	5.25	89.081	10.592	-0.04	4.262	-1.523	0.09	13.14	67.862	275.05	2016-01-30 19:15:00
2016-01-30 19:20:00	5.32	87.553	10.872	-1.087	4.567	-1.59	0.09	17.57	56.025	281.8	2016-01-30 19:45:00
2016-01-30 19:50:00	5.5	88.294	11.118	-0.768	4.503	-1.722	0.08	4.15	59.637	285.117	2016-01-30 20:15:00
2016-01-30 20:20:00	5.55	92.178	11.332	-0.543	4.332	-2.077	0.05	9.66	63.017	284.633	2016-01-30 20:45:00
2016-01-30 20:50:00	5.53	100.039	11.515	-0.027	3.965	-2.708	0.06	5.90	70.527	281.85	2016-01-30 21:15:00
2016-01-30 21:20:00	5.55	104.951	11.667	0.507	3.712	-3.088	0.08	4.55	78.013	281.617	2016-01-30 21:45:00
2016-01-30 21:50:00	5.6	109.667	11.789	1.215	3.207	-3.19	0.06	12.35	87.943	280.417	2016-01-30 22:15:00
2016-01-30 22:20:00	5.67	118.391	11.883	1.625	2.368	-3.263	0.05	12.77	83.15499877929688	277.65	2016-01-30 22:45:00
2016-01-30 23:30:00	5.18	110.589	11.989	-1.195	3.995	-4.2	0.09	8.37	62.64	278.917	2016-01-30 23:55:00
2016-01-31 00:15:00	5.03	116.742	11.976	-0.923	3.967	-5.092	0.07	3.79	67.721	277.883	2016-01-31 00:40:00
2016-01-31 02:25:00	5.15	118.857	11.576	0.107	4.452	-5.47	0.06	7.95	75.945	281.217	2016-01-31 02:50:00
2016-01-31 02:55:00	5.17	116.387	11.405	0.407	4.87	-5.278	0.03	3.68	77.156	280.933	2016-01-31 03:20:00
2016-01-31 03:35:00	5.03	115.846	11.129	2.818	4.593	-4.597	0.07	8.59	83.99400329589844	281.417	2016-01-31 04:00:00
2016-02-01 17:45:00	5.0	51.875	10.037	-3.317	4.885	1.748	0.06	9.23	37.024	284.1	2016-02-01 18:10:00
2016-02-01 18:40:00	5.0	49.795	10.634	-3.503	4.563	1.608	0.04	5.69	33.732	282.5	2016-02-01 19:05:00
2016-02-01 19:10:00	5.02	57.027	10.909	-3.49	4.748	0.935	0.06	18.75	32.644	281.267	2016-02-01 19:35:00
2016-02-01 20:05:00	5.03	59.085	11.328	-3.75	4.05	0.518	0.07	11.94	25.29	278.017	2016-02-01 20:30:00
2016-02-04 06:40:00	5.43	52.839	8.595	3.363	5.833	2.705	0.07	19.85	80.18499755859375	419.183	2016-02-04 07:05:00
2016-02-05 03:35:00	5.25	99.396	10.841	-2.415	5.378	-3.088	0.08	26.59	53.041	468.583	2016-02-05 04:00:00
2016-02-05 06:25:00	5.47	61.467	8.728	-4.102	4.885	1.387	0.05	21.04	33.955	459.883	2016-02-05 06:50:00
2016-02-05 14:20:00	6.27	120.405	7.123	-3.737	2.143	-1.84	0.03	27.81	26.201	469.067	2016-02-05 14:45:00
2016-02-05 18:30:00	6.57	134.16	10.799	-2.012	1.805	-3.872	0.02	27.83	58.421	475.65	2016-02-05 18:55:00
2016-02-05 23:10:00	6.63	49.648	11.99	-2.117	3.695	0.86	0.06	24.28	42.813	468.367	2016-02-05 23:35:00
2016-02-05 23:50:00	6.68	46.446	11.954	-2.313	3.248	0.972	0.08	28.79	38.613	465.283	2016-02-06 00:15:00
2016-02-06 16:05:00	6.98	130.105	9.157	-1.742	1.265	-1.853	0.03	19.72	43.281	431.8	2016-02-06 16:30:00
2016-02-06 20:35:00	6.68	97.528	11.682	-1.928	3.708	-2.425	0.05	26.98	67.023	428.2	2016-02-06 21:00:00
2016-02-06 21:05:00	6.75	89.878	11.801	-1.192	3.948	-1.938	0.09	20.19	75.157	426.517	2016-02-06 21:30:00
2016-02-06 21:40:00	6.85	112.037	11.902	-1.803	2.495	-2.92	0.05	23.58	64.833	423.75	2016-02-06 22:05:00
2016-02-07 00:05:00	6.48	88.603	11.91	-3.162	3.258	-1.59	0.09	21.23	49.089	406.417	2016-02-07 00:30:00
2016-02-07 00:35:00	6.22	71.585	11.828	-4.218	2.733	-0.408	0.03	18.12	33.595	400.917	2016-02-07 01:00:00
2016-02-07 01:05:00	6.82	82.613	11.718	-0.192	4.008	-1.45	0.09	18.75	86.878	414.183	2016-02-07 01:30:00
2016-02-07 01:35:00	6.75	80.007	11.578	-0.79	4.225	-1.178	0.03	13.30	80.053	408.917	2016-02-07 02:00:00
2016-02-07 02:05:00	6.93	66.933	11.408	0.287	4.372	-0.11	0.03	18.20	86.14600372314453	413.383	2016-02-07 02:30:00
2016-02-07 02:40:00	6.72	54.381	11.171	-1.38	4.177	0.902	0.01	11.39	72.598	402.8	2016-02-07 03:05:00
2016-02-07 03:20:00	6.83	51.379	10.846	0.142	4.24	1.317	0.04	25.58	87.91000366210938	405.25	2016-02-07 03:45:00
2016-02-08 15:40:00	5.07	84.004	8.99	3.468	2.838	-0.478	0.02	11.50	39.827999114990234	395.65	2016-02-08 16:05:00
2016-02-13 03:25:00	5.3	66.599	10.369	-1.147	10.638	0.038	0.07	23.03	64.04	367.85	2016-02-13 03:50:00
2016-02-13 03:55:00	5.42	77.271	10.028	-1.24	10.515	-1.633	0.09	29.63	64.143	370.233	2016-02-13 04:20:00
2016-02-13 04:25:00	5.28	84.301	9.648	-2.332	10.138	-2.672	0.07	10.63	58.262	361.383	2016-02-13 04:50:00
2016-02-13 04:55:00	5.12	74.729	9.227	-2.735	11.212	-0.757	0.05	21.03	56.783	360.333	2016-02-13 05:20:00
2016-02-13 16:45:00	5.78	47.948	10.321	-2.363	4.525	1.91	0.03	10.90	47.324	424.9	2016-02-13 17:10:00
2016-02-13 19:55:00	5.92	53.461	11.724	-1.375	5.028	0.903	0.05	21.37	56.571	418.633	2016-02-13 20:20:00
2016-02-13 21:20:00	5.85	56.56	11.956	-0.952	4.925	0.432	0.02	19.00	60.496	416.783	2016-02-13 21:45:00
2016-02-14 00:40:00	5.48	107.708	11.598	-2.942	3.512	-3.633	0.04	22.74	48.165	398.383	2016-02-14 01:05:00
2016-02-14 14:55:00	5.2	102.61	8.965	-0.943	5.952	-3.108	0.02	22.95	80.737	403.8	2016-02-14 15:20:00
2016-02-14 15:25:00	5.42	102.884	9.411	0.515	6.167	-3.423	0.02	15.42	87.09700012207031	411.517	2016-02-14 15:50:00
2016-02-14 17:35:00	5.0	89.688	10.881	-3.075	5.828	-2.238	0.06	24.28	62.547	389.983	2016-02-14 18:00:00
2016-02-14 18:30:00	5.33	81.683	11.305	-1.922	5.898	-1.583	0.01	27.06	71.473	396.95	2016-02-14 18:55:00
2016-02-14 20:20:00	6.28	70.143	11.84	2.11	4.31	-0.597	0.07	20.80	65.58599853515625	424.15	2016-02-14 20:45:00
2016-02-14 21:00:00	5.33	83.615	11.936	-3.723	4.23	-1.637	0.06	21.72	49.383	387.6	2016-02-14 21:25:00
2016-02-14 21:30:00	5.35	75.292	11.976	-3.713	4.495	-1.055	0.04	23.12	50.17	386.717	2016-02-14 21:55:00
2016-02-14 22:30:00	5.2	74.7	11.969	-3.852	4.78	-1.342	0.06	29.83	50.284	383.383	2016-02-14 22:55:00
2016-02-14 23:00:00	5.45	75.648	11.923	-1.268	6.623	-1.792	0.05	21.84	78.31	397.367	2016-02-14 23:25:00
2016-02-15 00:50:00	5.02	95.368	11.508	-4.987	3.422	-2.267	0.04	27.61	37.682	371.733	2016-02-15 01:15:00
2016-02-15 15:10:00	5.83	58.333	9.298	4.85	3.167	0.953	0.07	16.89	52.832000732421875	401.567	2016-02-15 15:35:00
2016-02-15 18:20:00	6.2	77.767	11.285	-1.793	5.8	-1.262	0.07	27.42	55.489	430.9	2016-02-15 18:45:00
2016-02-15 19:20:00	6.65	69.137	11.633	-5.408	2.272	-0.142	0.05	12.92	8.458	437.217	2016-02-15 19:45:00
2016-02-15 20:10:00	6.02	88.314	11.831	-1.952	4.112	-2.075	0.09	29.20	50.435	427.3	2016-02-15 20:35:00
2016-02-21 13:10:00	5.87	129.399	8.01	3.292	0.895	-1.142	0.03	28.38	38.13999938964844	335.033	2016-02-21 13:35:00
2016-02-21 18:55:00	5.53	99.391	11.706	1.01	4.197	-2.985	0.07	13.58	86.162	341.633	2016-02-21 19:20:00
2016-02-21 20:05:00	5.03	124.361	11.921	4.505	1.838	-3.502	0.01	21.70	52.0	331.833	2016-02-21 20:30:00
2016-02-21 21:50:00	5.28	109.375	11.953	3.397	3.2	-3.652	0.03	27.52	59.02399826049805	347.217	2016-02-21 22:15:00
2016-02-21 22:20:00	5.4	101.308	11.898	2.79	3.797	-3.405	0.04	11.87	65.2959976196289	347.117	2016-02-21 22:45:00
2016-02-26 14:45:00	5.1	61.855	10.007	-1.433	4.97	1.01	0.07	21.50	58.558	405.65	2016-02-26 15:10:00
2016-02-26 15:15:00	5.1	75.765	10.349	2.493	5.085	-0.353	0.03	24.71	79.63500213623047	415.467	2016-02-26 15:40:00
2016-02-26 18:30:00	5.65	83.824	11.751	2.925	3.41	-1.203	0.10	10.22	66.23899841308594	397.767	2016-02-26 18:55:00
2016-02-26 20:20:00	5.02	73.291	11.98	-1.833	5.642	-1.262	0.08	19.02	57.386	385.2	2016-02-26 20:45:00
2016-02-27 02:25:00	5.6	94.246	9.9	-0.195	3.642	-2.278	0.08	28.81	74.701	386.35	2016-02-27 02:50:00
2016-02-27 02:55:00	5.47	99.616	9.506	-0.332	3.528	-2.653	0.05	25.26	73.913	384.083	2016-02-27 03:20:00
2016-02-27 04:05:00	5.32	132.164	8.418	2.782	1.86	-4.148	0.06	18.39	65.36199951171875	395.7	2016-02-27 04:30:00
2016-02-27 16:10:00	5.58	93.431	10.946	2.98	4.642	-2.038	0.09	13.75	74.0250015258789	391.117	2016-02-27 16:35:00
2016-02-27 19:00:00	5.7	78.322	11.873	1.833	5.297	-1.467	0.03	20.06	86.6240005493164	386.283	2016-02-27 19:25:00
2016-02-27 19:30:00	5.5	73.717	11.938	0.635	5.648	-1.182	0.02	10.35	80.903	379.233	2016-02-27 19:55:00
2016-02-27 20:40:00	5.27	53.204	11.978	-3.408	3.993	0.5	0.06	23.40	33.886	359.7	2016-02-27 21:05:00
2016-02-27 22:05:00	5.78	57.017	11.82	1.912	3.855	0.152	0.08	29.10	80.43599700927734	382.55	2016-02-27 22:30:00
2016-02-27 23:00:00	5.32	55.045	11.594	0.04	5.582	0.32	0.03	25.54	74.466	370.167	2016-02-27 23:25:00
2016-02-27 23:50:00	5.57	65.786	11.3	2.282	5.793	-0.703	0.05	18.33	84.2040023803711	383.917	2016-02-28 00:15:00
2016-02-28 00:35:00	5.9	97.314	10.962	2.083	4.108	-3.235	0.04	7.07	80.43800354003906	385.6	2016-02-28 01:00:00
2016-02-28 05:05:00	5.0	55.079	7.108	-2.753	6.203	1.485	0.05	15.33	51.22	377.317	2016-02-28 05:30:00
2016-02-28 12:30:00	5.82	106.047	8.209	1.767	3.958	-2.22	0.05	20.68	82.20600128173828	382.833	2016-02-28 12:55:00
2016-02-28 13:20:00	5.93	104.248	9.044	1.677	3.448	-1.898	0.04	16.23	82.07099914550781	381.933	2016-02-28 13:45:00
2016-02-28 14:05:00	5.82	78.609	9.685	0.523	3.635	-0.315	0.09	19.48	82.595	375.217	2016-02-28 14:30:00
2016-02-29 11:40:00	6.35	126.888	7.374	2.217	1.372	-1.627	0.07	15.22	54.7130012512207	343.267	2016-02-29 12:05:00
2016-02-29 13:05:00	5.5	54.132	8.922	-1.545	3.717	1.46	0.06	26.05	53.908	324.833	2016-02-29 13:30:00
2016-02-29 13:35:00	5.47	47.936	9.372	-2.728	3.363	1.7	0.06	21.89	39.761	325.083	2016-02-29 14:00:00
2016-02-29 14:20:00	5.93	49.182	9.966	-0.305	3.688	1.677	0.05	8.96	70.33	331.7	2016-02-29 14:45:00
2016-02-29 20:05:00	6.07	87.755	11.984	1.792	5.583	-2.885	0.05	12.02	88.24099731445312	327.083	2016-02-29 20:30:00
2016-03-02 19:30:00	5.63	48.152	11.975	-3.712	5.68	1.337	0.02	8.22	55.569	458.483	2016-03-02 19:55:00
2016-03-03 00:20:00	5.53	90.21	10.852	-3.053	4.315	-2.69	0.03	13.19	48.914	454.7	2016-03-03 00:45:00
2016-03-03 01:50:00	5.42	76.132	9.899	-4.377	3.48	-1.013	0.03	22.22	27.87	443.433	2016-03-03 02:15:00
2016-03-03 02:20:00	5.5	88.887	9.506	-3.993	3.385	-1.73	0.01	19.94	33.218	445.517	2016-03-03 02:45:00
2016-03-03 15:15:00	6.13	47.443	10.775	-1.617	3.14	1.375	0.04	9.47	64.793	434.067	2016-03-03 15:40:00
2016-03-04 11:00:00	5.37	77.549	7.116	-3.653	2.345	-0.038	0.03	14.49	28.612	385.9	2016-03-04 11:25:00
2016-03-04 11:35:00	5.7	51.871	7.836	-3.728	2.073	0.973	0.01	9.27	29.505	384.95	2016-03-04 12:00:00
2016-03-04 12:25:00	5.62	59.063	8.727	-4.002	1.708	0.507	0.01	28.72	21.569	382.05	2016-03-04 12:50:00
2016-03-04 12:55:00	5.65	59.846	9.196	-4.07	1.643	0.462	0.02	10.62	19.931	379.617	2016-03-04 13:20:00
2016-03-04 13:25:00	5.65	79.635	9.62	-3.873	2.01	-0.185	0.03	26.30	23.352	379.6	2016-03-04 13:50:00
2016-03-04 15:00:00	5.52	91.62	10.699	-3.667	2.62	-0.947	0.05	13.70	25.335	375.033	2016-03-04 15:25:00
2016-03-04 15:30:00	5.48	97.21	10.966	-4.013	1.925	-0.93	0.02	14.12	18.076	372.8	2016-03-04 15:55:00
2016-03-04 16:00:00	5.45	93.748	11.199	-4.078	1.952	-0.825	0.04	19.33	17.27	371.633	2016-03-04 16:25:00
2016-03-04 16:30:00	5.32	87.61	11.4	-4.265	2.035	-0.718	0.02	7.67	15.292	370.467	2016-03-04 16:55:00
2016-03-04 17:20:00	5.37	83.094	11.667	-4.048	2.085	-0.598	0.05	29.89	16.864	361.017	2016-03-04 17:45:00
2016-03-05 11:55:00	5.7	108.112	8.335	-0.497	3.988	-2.467	0.09	20.16	73.368	373.367	2016-03-05 12:20:00
2016-03-05 13:30:00	5.42	98.316	9.777	-2.422	4.177	-1.842	0.06	13.65	50.441	365.067	2016-03-05 13:55:00
2016-03-05 14:30:00	5.73	58.866	10.471	-1.433	3.667	0.908	0.08	18.57	57.171	364.867	2016-03-05 14:55:00
2016-03-05 16:50:00	6.4	80.401	11.554	-2.713	2.138	-0.448	0.09	22.40	33.021	369.317	2016-03-05 17:15:00
2016-03-11 21:50:00	5.87	83.704	11.47	-2.968	4.635	-2.228	0.05	27.58	55.322	550.067	2016-03-11 22:15:00
2016-03-11 22:20:00	5.88	76.22	11.281	-2.032	5.963	-2.062	0.04	16.45	67.214	554.667	2016-03-11 22:45:00
2016-03-11 23:10:00	5.87	98.472	10.896	-1.963	4.57	-4.032	0.05	10.39	66.784	543.917	2016-03-11 23:35:00
2016-03-12 00:40:00	6.35	59.509	9.963	-3.082	3.622	-0.052	0.10	13.54	45.513	543.417	2016-03-12 01:05:00
2016-03-12 02:05:00	6.58	82.295	8.757	-3.5	2.997	-1.2	0.03	20.87	37.652	539.933	2016-03-12 02:30:00
2016-03-12 02:35:00	6.52	78.621	8.243	-3.462	3.868	-1.19	0.06	2.32	44.311	537.633	2016-03-12 03:00:00
2016-03-12 18:05:00	6.28	132.17	11.96	-4.912	0.72	-1.885	0.04	9.75	22.456	491.983	2016-03-12 18:30:00
2016-03-12 18:35:00	6.35	126.785	11.982	-4.587	1.147	-2.383	0.02	14.77	29.03	494.55	2016-03-12 19:00:00
2016-03-13 03:00:00	6.72	52.888	7.635	-4.02	1.568	0.268	0.06	19.43	13.225	460.933	2016-03-13 03:25:00
2016-03-13 21:45:00	6.62	91.892	11.418	-3.068	2.765	-1.942	0.04	19.01	41.41	415.367	2016-03-13 22:10:00
2016-03-13 22:15:00	6.53	89.466	11.22	-3.107	3.037	-1.915	0.04	10.90	42.511	414.017	2016-03-13 22:40:00
2016-03-13 22:45:00	6.55	84.642	10.99	-3.187	3.163	-1.647	0.04	10.41	41.012	413.9	2016-03-13 23:10:00
2016-03-13 23:15:00	6.5	89.04	10.726	-3.038	3.122	-1.94	0.07	14.96	43.825	415.133	2016-03-13 23:40:00
2016-03-14 00:05:00	6.18	77.834	10.211	-4.103	2.223	-0.817	0.01	5.55	22.812	406.95	2016-03-14 00:30:00
2016-03-14 00:35:00	6.25	82.963	9.852	-4.06	2.223	-1.035	0.01	8.91	23.918	408.25	2016-03-14 01:00:00
2016-03-14 01:05:00	6.17	89.827	9.453	-4.087	2.242	-1.378	0.04	22.40	25.656	404.983	2016-03-14 01:30:00
2016-03-14 01:35:00	6.18	89.071	9.012	-4.095	2.187	-1.245	0.04	5.67	24.19	403.133	2016-03-14 02:00:00
2016-03-14 02:05:00	6.0	94.57	8.524	-4.165	1.827	-1.24	0.02	11.24	20.574	400.033	2016-03-14 02:30:00
2016-03-14 02:35:00	5.97	99.292	7.985	-4.187	1.71	-1.317	0.03	10.08	19.951	399.717	2016-03-14 03:00:00
2016-03-14 03:05:00	6.0	96.321	7.39	-3.607	2.367	-1.622	0.06	8.60	31.321	397.817	2016-03-14 03:30:00
2016-03-14 09:45:00	5.27	103.603	7.045	-5.082	3.44	-1.805	0.02	4.44	29.74	391.117	2016-03-14 10:10:00
2016-03-14 10:15:00	5.42	98.045	7.674	-4.845	3.617	-1.457	0.08	23.69	31.72	388.9	2016-03-14 10:40:00
2016-03-14 13:15:00	5.72	127.533	10.365	-5.19	1.82	-2.41	0.08	29.88	27.482	372.783	2016-03-14 13:40:00
2016-03-14 14:05:00	5.78	90.256	10.853	-5.203	3.493	-1.118	0.09	8.90	26.577	374.217	2016-03-14 14:30:00
2016-03-14 14:40:00	5.73	55.378	11.139	-4.918	4.368	1.267	0.03	24.38	33.307	375.55	2016-03-14 15:05:00
2016-03-14 15:25:00	5.78	54.514	11.442	-4.67	4.295	1.198	0.01	19.98	33.977	371.867	2016-03-14 15:50:00
2016-03-14 16:20:00	5.97	51.617	11.719	-4.668	3.517	1.098	0.05	28.79	28.687	368.317	2016-03-14 16:45:00
2016-03-21 23:05:00	5.12	48.049	10.244	-4.913	2.368	0.345	0.06	15.71	19.526	380.483	2016-03-21 23:30:00
2016-03-21 23:35:00	5.22	49.405	9.89	-4.863	2.535	0.375	0.04	15.70	21.46	382.417	2016-03-22 00:00:00
2016-03-22 00:05:00	5.65	68.975	9.495	-4.888	2.157	-0.41	0.04	27.43	19.155	387.083	2016-03-22 00:30:00
2016-03-22 01:00:00	5.07	128.128	8.66	-4.877	0.712	-1.9	0.05	22.65	23.312	367.85	2016-03-22 01:25:00
2016-03-22 02:00:00	5.53	134.031	7.557	-4.047	0.842	-2.992	0.03	13.48	38.269	376.517	2016-03-22 02:25:00
2016-03-22 09:55:00	6.53	55.606	8.36	0.67	5.963	2.212	0.10	17.84	89.5780029296875	434.467	2016-03-22 10:20:00
2016-03-22 17:50:00	5.03	50.875	11.976	-0.952	5.852	1.332	0.02	14.41	75.591	425.833	2016-03-22 18:15:00
2016-03-22 22:00:00	5.0	51.073	10.824	-1.362	5.932	0.63	0.04	26.09	71.864	406.717	2016-03-22 22:25:00
2016-03-22 23:30:00	5.08	52.942	9.862	-2.012	5.803	0.415	0.09	10.90	65.35	399.05	2016-03-22 23:55:00
2016-03-23 00:10:00	5.08	60.973	9.323	-1.932	5.89	-0.36	0.07	14.95	66.61	399.633	2016-03-23 00:35:00
2016-03-23 01:25:00	6.6	93.441	8.095	0.082	3.86	-2.647	0.08	20.02	87.457	393.033	2016-03-23 01:50:00
2016-03-23 22:50:00	6.5	101.573	10.252	-1.252	3.148	-3.135	0.09	23.29	72.936	463.95	2016-03-23 23:15:00
2016-03-24 00:40:00	6.77	96.332	8.753	-1.682	2.867	-2.203	0.08	29.09	63.439	458.85	2016-03-24 01:05:00
2016-03-24 01:55:00	6.85	52.793	7.364	-1.455	3.687	0.492	0.03	15.56	64.789	461.267	2016-03-24 02:20:00
2016-03-24 08:35:00	6.5	57.789	7.069	-2.643	3.668	1.127	0.04	15.94	51.087	439.933	2016-03-24 09:00:00
2016-03-24 15:20:00	5.53	67.806	11.761	-3.572	6.245	0.247	0.09	16.73	56.956	481.617	2016-03-24 15:45:00
2016-03-24 19:20:00	5.05	54.325	11.748	-3.278	6.867	0.8	0.09	28.64	61.585	502.883	2016-03-24 19:45:00
2016-03-25 01:50:00	6.62	92.936	7.319	-2.372	2.273	-1.688	0.09	28.08	48.541	557.883	2016-03-25 02:15:00
2016-03-25 08:25:00	6.85	89.976	7.007	-2.825	1.15	-0.305	0.08	15.47	15.427	544.817	2016-03-25 08:50:00
2016-03-25 16:45:00	6.2	60.586	11.973	-2.8	2.122	0.22	0.03	23.12	34.525	489.267	2016-03-25 17:10:00
2016-03-25 17:20:00	5.93	79.826	11.982	-3.332	2.197	-0.582	0.05	14.91	32.097	475.833	2016-03-25 17:45:00
2016-03-25 19:05:00	6.1	64.361	11.779	-3.353	1.712	-0.167	0.03	29.91	24.875	463.4	2016-03-25 19:30:00
2016-03-25 19:45:00	6.03	76.18	11.608	-2.177	3.065	-0.973	0.08	24.00	54.237	469.367	2016-03-25 20:10:00
2016-03-25 21:00:00	6.43	52.217	11.143	-3.47	1.645	0.147	0.07	14.85	18.293	442.317	2016-03-25 21:25:00
2016-03-25 23:40:00	6.33	56.862	9.447	-3.583	1.968	0.008	0.04	21.35	22.792	431.517	2016-03-26 00:05:00
2016-03-26 00:10:00	6.28	46.574	9.005	-3.353	2.072	0.417	0.04	13.43	28.45	425.933	2016-03-26 00:35:00
2016-03-26 09:40:00	6.4	55.766	8.598	-2.4	1.88	0.617	0.04	26.15	35.183	369.717	2016-03-26 10:05:00
2016-03-26 10:50:00	6.37	95.728	9.649	-3.09	1.468	-0.508	0.06	27.34	23.807	363.567	2016-03-26 11:15:00
2016-03-26 11:20:00	6.18	96.396	10.029	-3.238	1.423	-0.528	0.10	26.25	22.111	358.35	2016-03-26 11:45:00
2016-03-26 11:55:00	6.3	76.096	10.423	-2.675	1.902	-0.018	0.08	13.00	31.199	357.283	2016-03-26 12:20:00
2016-03-26 12:30:00	6.33	97.089	10.767	-0.713	2.675	-1.078	0.09	17.19	72.931	356.15	2016-03-26 12:55:00
2016-03-26 13:00:00	6.22	76.436	11.026	-1.942	2.537	-0.095	0.08	20.70	48.142	351.233	2016-03-26 13:25:00
2016-03-26 13:30:00	6.13	66.235	11.251	-2.327	2.398	0.237	0.10	29.66	41.338	350.617	2016-03-26 13:55:00
2016-03-26 14:15:00	6.37	73.05	11.53	-1.76	2.302	-0.052	0.05	16.56	48.035	349.083	2016-03-26 14:40:00
2016-03-26 14:50:00	6.35	83.64	11.7	-1.023	3.11	-0.673	0.07	21.48	68.157	354.817	2016-03-26 15:15:00
2016-03-26 18:05:00	6.35	50.884	11.927	-0.48	4.802	1.05	0.05	7.59	79.848	366.367	2016-03-26 18:30:00
2016-03-26 19:40:00	5.92	73.628	11.6	-2.265	4.46	-1.083	0.10	22.10	60.38	351.583	2016-03-26 20:05:00
2016-03-26 22:10:00	6.27	57.595	10.457	-1.863	5.947	-0.048	0.04	3.66	68.708	374.133	2016-03-26 22:35:00
2016-03-26 22:40:00	6.65	64.57	10.126	-1.438	5.87	-0.755	0.10	20.74	72.811	375.833	2016-03-26 23:05:00
2016-03-28 08:35:00	5.3	53.058	7.665	-4.32	5.538	2.237	0.06	8.24	51.705	475.417	2016-03-28 09:00:00
2016-03-28 10:15:00	5.97	68.447	9.362	-0.938	6.71	0.91	0.02	26.85	80.672	502.433	2016-03-28 10:40:00
2016-03-28 10:45:00	5.78	68.689	9.77	-3.115	5.968	0.728	0.03	25.32	60.971	482.433	2016-03-28 11:10:00
2016-03-28 21:05:00	5.47	60.103	10.94	-4.142	5.628	-0.158	0.08	17.26	52.421	493.017	2016-03-28 21:30:00
2016-03-29 18:55:00	6.05	85.014	11.714	-4.763	2.433	-1.072	0.05	26.99	29.991	526.417	2016-03-29 19:20:00
2016-03-29 19:40:00	6.03	76.695	11.492	-3.542	3.578	-1.043	0.02	25.72	46.914	526.967	2016-03-29 20:05:00
2016-03-31 09:45:00	6.48	119.376	9.228	-2.642	1.223	-1.265	0.04	24.06	35.259	455.1	2016-03-31 10:10:00
2016-03-31 10:15:00	6.32	99.534	9.649	-3.23	0.993	-0.438	0.03	15.97	18.903	446.667	2016-03-31 10:40:00
2016-03-31 12:20:00	6.43	80.716	10.986	-3.025	1.708	-0.143	0.07	23.06	29.462	448.033	2016-03-31 12:45:00
2016-03-31 12:55:00	5.88	79.508	11.252	-3.463	1.402	-0.115	0.03	5.78	21.549	435.65	2016-03-31 13:20:00
2016-03-31 16:20:00	6.32	96.174	11.987	-1.598	2.605	-1.385	0.08	28.73	62.121	417.3	2016-03-31 16:45:00
2016-04-01 08:45:00	6.68	55.11	8.37	0.745	2.673	0.977	0.06	17.55	77.36599731445312	400.433	2016-04-01 09:10:00
2016-04-01 09:15:00	6.73	57.913	8.873	1.558	2.453	0.795	0.02	17.36	60.99300003051758	402.317	2016-04-01 09:40:00
2016-04-01 11:00:00	6.38	83.205	10.281	0.242	2.84	-0.33	0.10	28.31	85.20899963378906	384.233	2016-04-01 11:25:00
2016-04-01 11:30:00	6.6	74.923	10.595	1.388	3.013	0.108	0.03	24.30	66.68399810791016	391.333	2016-04-01 11:55:00
2016-04-01 12:00:00	6.62	92.559	10.874	1.815	2.668	-0.762	0.04	16.60	57.446998596191406	392.683	2016-04-01 12:25:00
2016-04-01 19:10:00	5.92	121.665	11.541	-1.02	2.037	-3.608	0.08	21.34	77.361	371.533	2016-04-01 19:35:00
2016-04-02 00:20:00	5.25	111.692	8.006	2.345	4.01	-5.372	0.05	21.41	70.0260009765625	371.017	2016-04-02 00:45:00
2016-04-07 23:50:00	5.07	128.432	7.762	-2.423	3.12	-8.735	0.05	29.65	77.736	361.65	2016-04-08 00:15:00
2016-04-08 13:00:00	5.33	52.307	11.619	1.688	5.87	2.583	0.06	24.42	75.48899841308594	344.75	2016-04-08 13:25:00
2016-04-09 07:20:00	6.05	59.589	7.851	-0.293	4.332	1.12	0.06	7.50	86.83	343.367	2016-04-09 07:45:00
2016-04-09 07:50:00	6.02	51.208	8.403	-1.77	3.565	1.512	0.06	23.17	65.667	340.917	2016-04-09 08:15:00
2016-04-09 12:10:00	6.3	127.939	11.379	-3.043	1.045	-1.3	0.05	29.28	31.11	326.0	2016-04-09 12:35:00
2016-04-09 17:55:00	5.6	75.138	11.639	-3.362	3.08	-0.607	0.07	22.38	44.837	337.667	2016-04-09 18:20:00
2016-04-09 18:25:00	5.73	81.065	11.481	-3.708	2.748	-0.872	0.06	7.22	39.548	340.1	2016-04-09 18:50:00
2016-04-09 18:55:00	5.85	64.265	11.292	-3.137	2.782	-0.085	0.07	23.27	42.936	332.9	2016-04-09 19:20:00
2016-04-09 20:50:00	6.18	70.106	10.266	-1.263	3.583	-0.68	0.07	15.07	72.297	337.383	2016-04-09 21:15:00
2016-04-09 21:20:00	6.2	72.685	9.913	-1.407	3.657	-0.905	0.02	5.03	71.154	338.6	2016-04-09 21:45:00
2016-04-10 08:50:00	6.18	87.829	9.455	-3.45	3.097	-0.653	0.06	25.36	44.499	333.8	2016-04-10 09:15:00
2016-04-10 10:35:00	6.27	45.866	10.683	-2.982	4.283	2.653	0.06	8.75	59.746	348.8	2016-04-10 11:00:00
2016-04-11 21:50:00	5.03	102.569	9.328	0.77	6.232	-5.995	0.01	10.19	81.64800262451172	364.767	2016-04-11 22:15:00
2016-04-11 22:20:00	5.17	102.235	8.872	2.465	5.878	-5.615	0.01	9.00	69.88899993896484	369.15	2016-04-11 22:45:00
2016-04-15 12:55:00	5.03	62.463	11.803	6.9	3.638	0.935	0.09	12.18	39.80500030517578	372.117	2016-04-15 13:20:00
2016-04-15 13:25:00	5.25	53.24	11.893	6.738	3.712	1.58	0.06	11.86	41.6349983215332	365.25	2016-04-15 13:50:00
2016-04-15 13:55:00	5.2	45.078	11.954	6.778	4.765	2.757	0.06	15.73	49.13600158691406	367.133	2016-04-15 14:20:00
2016-04-15 15:40:00	5.12	122.79	11.944	7.953	1.482	-1.898	0.03	20.47	26.559999465942383	369.017	2016-04-15 16:05:00
2016-04-16 21:50:00	5.1	85.952	8.794	3.412	6.622	-3.295	0.03	25.76	76.03199768066406	392.833	2016-04-16 22:15:00
2016-04-18 07:20:00	5.32	51.367	8.943	0.438	8.42	3.793	0.09	11.03	83.56099700927734	378.05	2016-04-18 07:45:00
2016-04-18 15:35:00	5.05	67.912	11.911	-4.57	3.028	0.24	0.06	13.25	38.446	384.5	2016-04-18 16:00:00
2016-04-18 16:05:00	5.1	75.992	11.829	-4.595	3.067	-0.255	0.03	18.19	39.317	385.15	2016-04-18 16:30:00
2016-04-18 19:45:00	5.02	75.34	10.293	-3.548	3.798	-0.887	0.05	26.70	53.423	383.133	2016-04-18 20:10:00
2016-04-19 08:15:00	5.13	63.032	9.824	-2.995	3.077	0.805	0.01	20.65	51.356	359.867	2016-04-19 08:40:00
2016-04-19 09:10:00	5.3	50.544	10.46	-3.693	2.115	1.137	0.04	29.94	24.277	357.517	2016-04-19 09:35:00
2016-04-19 11:35:00	5.23	63.791	11.579	-1.84	3.728	0.962	0.04	25.19	54.062	364.25	2016-04-19 12:00:00
2016-04-19 12:05:00	5.1	56.003	11.72	-2.128	3.67	1.492	0.03	25.76	51.829	364.967	2016-04-19 12:30:00
2016-04-19 16:05:00	5.03	50.194	11.806	-3.732	3.167	1.137	0.05	24.75	31.823	358.367	2016-04-19 16:30:00
2016-04-19 22:30:00	5.03	59.767	7.695	-2.61	5.625	-0.058	0.02	20.93	53.494	362.05	2016-04-19 22:55:00
2016-04-20 05:25:00	5.03	109.634	7.06	-1.737	5.392	-4.215	0.04	7.57	65.846	343.15	2016-04-20 05:50:00
2016-04-20 07:05:00	5.58	119.511	8.93	0.32	4.5	-4.342	0.06	13.91	83.673	343.85	2016-04-20 07:30:00
2016-04-20 09:15:00	5.03	116.861	10.583	-1.222	4.665	-3.767	0.08	28.87	68.525	333.65	2016-04-20 09:40:00
2016-04-21 08:50:00	6.0	86.881	10.399	-0.77	7.192	-1.02	0.10	22.51	73.282	421.883	2016-04-21 09:15:00
2016-04-21 09:45:00	5.35	86.284	10.926	-3.083	7.847	-1.132	0.06	25.31	58.255	425.4	2016-04-21 10:10:00
2016-04-21 13:10:00	5.17	68.169	11.951	-1.145	8.207	1.35	0.05	24.43	71.97	429.383	2016-04-21 13:35:00
2016-04-21 13:40:00	5.3	58.493	11.986	-0.272	7.382	2.445	0.07	10.80	78.148	432.1	2016-04-21 14:05:00
2016-04-22 09:25:00	6.05	52.022	10.811	-3.877	3.637	1.858	0.08	23.10	38.002	429.117	2016-04-22 09:50:00
2016-04-22 18:40:00	5.22	59.981	10.681	-4.258	6.547	0.532	0.03	10.59	47.88	538.567	2016-04-22 19:05:00
2016-04-22 19:10:00	5.43	66.976	10.376	-3.28	6.675	-0.408	0.05	17.08	54.915	553.733	2016-04-22 19:35:00
2016-04-22 21:45:00	6.15	53.789	8.162	-4.63	4.418	0.552	0.09	9.19	34.886	550.667	2016-04-22 22:10:00
2016-04-22 22:15:00	5.97	45.764	7.584	-3.425	5.442	1.405	0.08	12.73	49.923	546.583	2016-04-22 22:40:00
2016-04-23 19:45:00	5.12	52.138	9.891	-3.11	8.885	1.682	0.09	13.71	61.207	454.983	2016-04-23 20:10:00
2016-04-23 22:25:00	5.52	60.881	7.234	-5.16	6.315	0.025	0.07	21.42	41.203	471.633	2016-04-23 22:50:00
2016-04-24 10:35:00	6.28	60.731	11.444	-1.032	5.657	2.022	0.05	14.85	71.685	550.417	2016-04-24 11:00:00
2016-04-24 15:20:00	6.18	131.379	11.847	-1.213	2.83	-4.563	0.03	12.45	71.569	543.2	2016-04-24 15:45:00
2016-04-24 16:30:00	5.9	55.039	11.55	-3.495	4.678	1.29	0.02	26.93	45.81	518.3	2016-04-24 16:55:00
2016-04-25 05:15:00	5.48	102.457	7.581	-4.442	3.685	-2.137	0.02	25.35	36.373	496.133	2016-04-25 05:40:00
2016-04-25 05:45:00	5.75	74.871	8.16	-0.397	5.703	-0.14	0.02	25.61	76.888	525.283	2016-04-25 06:10:00
2016-04-25 06:50:00	5.78	58.206	9.232	-2.56	4.433	1.427	0.04	24.11	52.582	504.733	2016-04-25 07:15:00
2016-04-25 07:25:00	5.85	110.722	9.72	-3.723	3.118	-2.053	0.04	28.54	38.021	496.1	2016-04-25 07:50:00
2016-04-25 07:55:00	5.87	122.017	10.094	-4.37	2.477	-2.403	0.03	24.58	32.259	492.267	2016-04-25 08:20:00
2016-04-25 08:55:00	5.77	100.707	10.729	-2.375	4.485	-1.743	0.05	24.96	55.297	502.95	2016-04-25 09:20:00
2016-04-25 09:25:00	5.75	102.102	10.994	-2.68	4.217	-1.72	0.04	13.75	50.902	498.0	2016-04-25 09:50:00
2016-04-26 04:55:00	6.22	66.086	7.307	2.608	3.802	0.452	0.03	29.86	65.94499969482422	494.683	2016-04-26 05:20:00
2016-04-26 05:25:00	6.13	63.886	7.912	2.373	4.035	0.672	0.06	26.34	69.64099884033203	486.25	2016-04-26 05:50:00
2016-04-26 07:55:00	6.55	59.97	10.174	2.192	3.432	1.142	0.07	8.03	67.90599822998047	487.133	2016-04-26 08:20:00
2016-04-26 11:20:00	6.6	91.886	11.741	-1.87	2.402	-0.457	0.06	25.61	43.648	446.117	2016-04-26 11:45:00
2016-04-26 16:40:00	6.0	59.156	11.415	-2.46	3.047	0.582	0.08	27.33	43.013	428.35	2016-04-26 17:05:00
2016-04-26 21:40:00	6.58	48.758	7.745	-0.407	4.467	0.98	0.08	18.38	75.135	446.5	2016-04-26 22:05:00
2016-04-27 10:20:00	6.4	72.491	11.477	-2.812	4.205	0.655	0.02	21.01	46.852	449.183	2016-04-27 10:45:00
2016-04-27 11:50:00	6.3	111.158	11.869	-4.762	1.768	-1.06	0.02	26.98	16.081	436.833	2016-04-27 12:15:00
2016-04-27 21:55:00	6.15	79.331	7.3	-3.74	2.805	-0.837	0.03	16.14	29.161	447.583	2016-04-27 22:20:00
2016-04-28 21:55:00	6.38	52.668	7.153	-2.433	2.315	0.407	0.05	23.36	33.53	398.283	2016-04-28 22:20:00
2016-04-29 06:55:00	5.68	45.196	9.681	-3.567	1.907	1.175	0.04	15.81	23.321	383.617	2016-04-29 07:20:00
2016-04-29 08:25:00	5.68	56.776	10.7	-3.717	1.997	0.877	0.04	28.05	21.008	382.75	2016-04-29 08:50:00
2016-04-29 08:55:00	5.67	57.538	10.969	-3.508	2.26	0.95	0.03	7.63	24.95	382.233	2016-04-29 09:20:00
2016-04-29 09:25:00	5.62	46.261	11.203	-3.605	2.115	1.475	0.07	13.84	26.923	379.017	2016-04-29 09:50:00
2016-04-29 10:15:00	6.22	50.805	11.525	-2.433	2.735	1.615	0.05	10.23	42.858	366.667	2016-04-29 10:40:00
2016-04-29 11:05:00	6.47	54.888	11.761	-0.505	3.72	1.845	0.03	23.07	73.043	367.0	2016-04-29 11:30:00
2016-04-29 11:45:00	6.72	80.519	11.892	1.557	3.982	0.06	0.09	19.22	79.64299774169922	377.283	2016-04-29 12:10:00
2016-04-29 12:15:00	6.48	50.53	11.956	2.057	3.568	2.105	0.06	28.62	73.64399719238281	379.167	2016-04-29 12:40:00
2016-04-29 20:50:00	5.23	100.95	8.299	-3.308	3.262	-2.592	0.07	26.48	43.961	349.167	2016-04-29 21:15:00
2016-04-29 21:20:00	5.17	105.072	7.735	-3.702	2.973	-2.797	0.08	17.89	40.554	349.55	2016-04-29 21:45:00
2016-05-04 05:50:00	5.92	48.607	9.26	3.377	1.858	0.945	0.08	28.17	40.994998931884766	454.45	2016-05-04 06:15:00
2016-05-07 04:20:00	6.48	113.735	8.118	-4.082	2.273	-2.047	0.07	23.07	31.828	487.717	2016-05-07 04:45:00
2016-05-07 04:55:00	6.72	120.77	8.729	-3.472	1.895	-1.973	0.06	9.46	33.99	491.583	2016-05-07 05:20:00
2016-05-07 11:55:00	5.83	68.711	12.0	-5.553	2.23	0.608	0.04	26.00	13.64	440.55	2016-05-07 12:20:00
2016-05-07 19:35:00	5.2	88.862	8.644	-3.315	6.065	-2.522	0.03	24.15	55.963	464.433	2016-05-07 20:00:00
2016-05-07 20:05:00	5.37	83.255	8.115	-3.828	6.03	-1.947	0.04	13.63	50.897	461.317	2016-05-07 20:30:00
2016-05-09 04:35:00	5.62	57.287	8.622	3.49	4.807	1.493	0.04	17.31	63.05799865722656	622.517	2016-05-09 05:00:00
2016-05-15 18:35:00	5.2	90.24	8.735	-0.055	7.428	-2.64	0.04	24.75	80.72100067138672	459.25	2016-05-15 19:00:00
2016-05-16 06:05:00	5.6	114.004	10.473	-2.858	4.482	-3.022	0.10	10.73	57.757	499.267	2016-05-16 06:30:00
2016-05-16 06:45:00	5.2	69.17	10.859	-5.222	3.857	0.865	0.09	10.45	29.398	482.25	2016-05-16 07:10:00
2016-05-16 07:55:00	5.07	52.012	11.391	-6.268	2.495	1.557	0.07	22.80	17.704	476.75	2016-05-16 08:20:00
2016-05-16 08:50:00	5.4	119.978	11.689	-1.098	5.04	-3.537	0.03	24.41	74.917	490.067	2016-05-16 09:15:00
2016-05-16 09:20:00	5.65	120.289	11.81	-0.938	5.19	-3.607	0.08	11.23	76.326	491.767	2016-05-16 09:45:00
2016-05-16 09:50:00	5.5	117.583	11.901	-1.44	5.25	-3.188	0.03	10.25	71.568	486.05	2016-05-16 10:15:00
2016-05-16 12:30:00	5.47	127.717	11.907	-2.308	4.555	-3.993	0.03	26.43	64.35	483.5	2016-05-16 12:55:00
2016-05-16 13:45:00	5.53	122.049	11.629	-1.757	5.572	-4.45	0.04	22.51	71.895	491.367	2016-05-16 14:10:00
2016-05-16 15:50:00	5.72	123.771	10.742	-3.59	2.738	-2.602	0.04	28.12	43.543	481.667	2016-05-16 16:15:00
2016-05-17 15:35:00	6.17	97.514	10.817	-4.41	1.713	-0.653	0.01	26.82	17.547	506.65	2016-05-17 16:00:00
2016-05-18 08:30:00	6.08	91.052	11.662	-3.925	3.23	-0.393	0.04	20.07	32.79	473.5	2016-05-18 08:55:00
2016-05-18 13:25:00	5.58	70.274	11.661	-5.453	4.292	1.112	0.07	29.09	31.911	486.25	2016-05-18 13:50:00
2016-05-18 18:45:00	5.93	47.39	8.205	-4.588	2.508	1.072	0.02	22.97	22.944	441.767	2016-05-18 19:10:00
2016-05-19 04:30:00	6.63	105.915	9.588	-1.173	3.65	-1.925	0.05	29.94	68.317	442.683	2016-05-19 04:55:00
2016-05-19 05:20:00	6.72	97.997	10.212	-1.038	4.22	-1.445	0.05	23.01	70.641	444.733	2016-05-19 05:45:00
2016-05-19 08:20:00	6.93	133.409	11.649	-0.312	3.052	-3.375	0.08	17.03	83.236	430.5	2016-05-19 08:45:00
2016-05-19 08:50:00	6.88	133.762	11.779	0.703	3.34	-3.618	0.06	19.26	85.73899841308594	435.767	2016-05-19 09:15:00
2016-05-19 09:20:00	6.92	130.602	11.879	1.172	3.623	-3.472	0.02	15.11	80.85099792480469	437.15	2016-05-19 09:45:00
2016-05-19 10:20:00	6.78	132.255	11.994	3.265	3.03	-3.045	0.03	15.59	56.750999450683594	440.183	2016-05-19 10:45:00
2016-05-19 13:00:00	6.3	55.571	11.743	-0.358	3.223	1.845	0.09	11.83	74.891	425.583	2016-05-19 13:25:00
2016-05-20 06:20:00	5.83	62.272	10.886	-3.143	5.073	1.86	0.10	17.44	52.319	468.65	2016-05-20 06:45:00
2016-05-20 06:50:00	5.98	49.878	11.133	-3.093	3.923	2.632	0.07	27.02	49.582	471.817	2016-05-20 07:15:00
2016-05-20 11:00:00	5.15	74.47	12.006	0.608	6.585	1.577	0.06	9.33	87.24	443.633	2016-05-20 11:25:00
2016-05-20 11:30:00	5.0	81.438	11.976	0.115	7.077	0.785	0.03	12.06	83.169	440.517	2016-05-20 11:55:00
2016-05-20 17:50:00	5.07	49.13	8.912	-4.187	5.19	2.438	0.06	7.57	45.637	416.017	2016-05-20 18:15:00
2016-05-20 18:20:00	5.07	52.58	8.411	-4.437	5.473	2.033	0.03	5.80	44.564	418.05	2016-05-20 18:45:00
2016-05-21 04:20:00	6.03	46.216	9.638	-4.362	5.06	3.12	0.03	26.00	46.551	450.867	2016-05-21 04:45:00
2016-05-21 12:25:00	5.07	129.737	11.827	-6.455	3.725	-3.377	0.02	25.60	35.483	469.267	2016-05-21 12:50:00
2016-05-21 15:20:00	5.17	92.749	10.71	-5.883	5.135	-1.007	0.02	23.85	35.93	478.783	2016-05-21 15:45:00
2016-05-22 03:00:00	5.08	110.27	8.522	-5.065	2.315	-1.747	0.05	25.12	27.482	592.383	2016-05-22 03:25:00
2016-05-22 14:35:00	5.05	83.083	11.048	-3.153	3.807	0.07	0.08	19.98	61.15	569.867	2016-05-22 15:00:00
2016-05-22 16:10:00	5.17	82.514	10.108	-1.692	5.14	-0.3	0.02	27.10	82.512	586.333	2016-05-22 16:35:00
2016-05-22 18:00:00	5.08	76.404	8.529	-2.807	4.452	-0.1	0.02	27.16	68.36	559.9	2016-05-22 18:25:00
2016-05-22 18:30:00	5.27	69.925	7.988	-2.85	4.077	0.165	0.07	17.82	65.232	555.583	2016-05-22 18:55:00
2016-05-22 19:00:00	5.32	50.514	7.389	-3.187	3.355	1.332	0.01	29.28	58.733	556.133	2016-05-22 19:25:00
2016-05-23 02:10:00	5.97	89.181	7.721	1.045	3.492	-1.037	0.05	16.22	79.24600219726562	557.667	2016-05-23 02:35:00
2016-05-23 02:40:00	6.07	90.552	8.288	0.175	3.712	-1.097	0.09	14.56	87.433	546.617	2016-05-23 03:05:00
2016-05-23 03:10:00	6.08	85.221	8.801	0.23	3.613	-0.667	0.05	20.22	88.78	551.233	2016-05-23 03:35:00
2016-05-23 04:10:00	6.13	95.738	9.685	0.242	3.257	-1.068	0.10	8.27	88.428	526.417	2016-05-23 04:35:00
2016-05-23 04:40:00	6.17	98.172	10.064	-0.957	2.903	-0.935	0.06	17.43	67.564	527.5	2016-05-23 05:05:00
2016-05-23 06:10:00	6.25	109.012	10.977	-0.582	3.478	-1.705	0.07	25.26	77.506	518.017	2016-05-23 06:35:00
2016-05-23 10:00:00	6.15	116.176	12.005	-1.8	1.737	-0.907	0.08	15.92	43.789	511.683	2016-05-23 10:25:00
2016-05-23 10:40:00	6.15	88.436	12.01	-2.085	3.023	0.027	0.03	9.01	49.38	503.417	2016-05-23 11:05:00
2016-05-23 11:25:00	5.98	75.597	11.954	-2.435	2.655	0.643	0.06	19.21	41.845	494.117	2016-05-23 11:50:00
2016-05-23 12:00:00	5.98	60.966	11.867	-2.547	2.308	1.213	0.07	11.38	39.041	492.467	2016-05-23 12:25:00
2016-05-23 12:50:00	5.92	100.168	11.674	-3.363	1.81	-0.397	0.01	18.90	23.732	483.3	2016-05-23 13:15:00
2016-05-23 14:05:00	5.72	50.657	11.228	-3.46	1.563	1.098	0.04	17.46	22.312	489.2	2016-05-23 14:30:00
2016-05-23 17:00:00	6.47	65.445	9.369	-1.132	2.707	0.593	0.06	19.51	61.163	481.85	2016-05-23 17:25:00
2016-05-24 01:30:00	5.05	87.062	7.02	-3.453	2.592	-0.608	0.09	23.74	31.842	408.633	2016-05-24 01:55:00
2016-05-24 11:30:00	5.87	76.335	11.93	2.153	4.407	1.01	0.03	18.16	72.05500030517578	446.417	2016-05-24 11:55:00
2016-05-24 12:45:00	5.33	85.37	11.666	-4.09	2.17	0.118	0.03	26.87	21.092	402.983	2016-05-24 13:10:00
2016-05-24 13:35:00	5.1	71.622	11.388	-0.21	4.827	1.292	0.10	11.14	79.677	412.417	2016-05-24 14:00:00
2016-05-24 14:05:00	5.27	81.112	11.179	0.158	5.163	0.418	0.01	7.78	84.449	416.45	2016-05-24 14:30:00
2016-05-24 15:00:00	5.28	66.792	10.713	-0.063	4.582	1.378	0.03	12.91	82.71600341796875	414.733	2016-05-24 15:25:00
2016-05-24 15:55:00	5.23	73.43	10.13	0.387	4.503	0.615	0.05	15.88	76.79100036621094	412.517	2016-05-24 16:20:00
2016-05-24 16:50:00	5.47	63.947	9.418	0.838	4.065	1.057	0.04	27.93	70.88099670410156	416.383	2016-05-24 17:15:00
2016-05-24 17:35:00	5.48	57.157	8.728	0.125	3.912	1.348	0.02	16.20	83.24199676513672	408.167	2016-05-24 18:00:00
2016-05-25 02:15:00	6.02	53.257	8.072	-0.292	3.763	1.407	0.06	24.39	78.457	417.517	2016-05-25 02:40:00
2016-05-25 02:55:00	6.32	111.406	8.772	-0.477	3.075	-2.258	0.08	19.99	79.067	414.933	2016-05-25 03:20:00
2016-05-25 04:15:00	6.53	94.275	9.92	2.15	3.33	-0.935	0.01	28.61	64.27899932861328	428.633	2016-05-25 04:40:00
2016-05-25 04:45:00	6.43	89.087	10.275	1.365	3.657	-0.565	0.06	29.03	76.29000091552734	423.35	2016-05-25 05:10:00
2016-05-25 06:40:00	6.05	83.716	11.306	2.345	3.268	0.075	0.08	29.38	61.78200149536133	413.883	2016-05-25 07:05:00
2016-05-25 08:35:00	6.12	88.708	11.87	-0.758	2.788	0.01	0.07	23.30	66.75	395.133	2016-05-25 09:00:00
2016-05-25 09:05:00	6.18	92.831	11.946	-1.182	2.922	-0.188	0.10	23.95	61.635	398.9	2016-05-25 09:30:00
2016-05-25 09:35:00	5.8	112.024	11.994	-3.252	1.32	-0.565	0.05	9.39	19.133	385.867	2016-05-25 10:00:00
2016-05-25 12:25:00	5.57	130.565	11.726	-3.103	1.232	-1.095	0.09	16.04	25.894	374.883	2016-05-25 12:50:00
2016-05-25 13:20:00	5.73	105.375	11.44	-2.803	1.572	-0.53	0.06	21.70	25.717	377.95	2016-05-25 13:45:00
2016-05-25 13:50:00	5.88	116.268	11.24	-2.522	1.633	-0.928	0.08	7.85	32.475	380.283	2016-05-25 14:15:00
2016-05-25 15:05:00	5.63	76.439	10.599	-3.117	1.648	0.162	0.10	27.23	20.418	375.283	2016-05-25 15:30:00
2016-05-25 15:35:00	5.68	81.0	10.282	-3.09	1.763	0.025	0.07	14.61	22.501	375.817	2016-05-25 16:00:00
2016-05-25 16:05:00	5.73	80.203	9.928	-2.518	2.242	-0.018	0.03	22.02	34.41	372.65	2016-05-25 16:30:00
2016-05-25 16:35:00	5.6	81.124	9.534	-3.262	1.56	-0.05	0.05	29.92	18.837	371.3	2016-05-25 17:00:00
2016-05-25 17:05:00	5.6	77.514	9.098	-2.997	2.088	0.053	0.03	18.43	27.524	370.133	2016-05-25 17:30:00
2016-05-25 17:35:00	5.65	49.591	8.616	-1.795	2.99	1.592	0.08	24.66	54.255	375.85	2016-05-25 18:00:00
2016-05-25 18:05:00	5.75	69.814	8.084	-2.568	2.892	0.28	0.04	17.84	40.861	371.317	2016-05-25 18:30:00
2016-05-26 01:25:00	5.28	81.515	7.2	-2.96	2.903	-0.452	0.09	10.89	37.832	355.283	2016-05-26 01:50:00
2016-05-26 01:55:00	5.63	67.922	7.816	-2.138	3.247	0.308	0.04	10.42	48.753	355.75	2016-05-26 02:20:00
2016-05-26 02:25:00	5.82	69.56	8.374	-0.55	3.912	0.338	0.04	11.65	73.819	351.8	2016-05-26 02:50:00
2016-05-26 02:55:00	5.67	61.843	8.879	-0.347	3.923	0.968	0.06	16.31	76.56	352.65	2016-05-26 03:20:00
2016-05-26 03:25:00	6.07	65.997	9.336	-0.153	3.638	0.692	0.06	26.53	79.318	352.85	2016-05-26 03:50:00
2016-05-26 06:20:00	5.7	77.767	11.21	-0.413	4.278	0.488	0.07	27.76	88.41000366210938	352.767	2016-05-26 06:45:00
2016-05-26 06:50:00	5.4	64.122	11.414	-1.707	4.033	1.562	0.03	7.85	74.833	344.35	2016-05-26 07:15:00
2016-05-26 07:20:00	5.65	65.452	11.587	-1.108	4.008	1.53	0.04	5.17	82.052	347.433	2016-05-26 07:45:00
2016-05-26 07:50:00	5.63	72.202	11.73	-1.953	3.753	1.027	0.05	19.07	70.055	342.85	2016-05-26 08:15:00
2016-05-26 09:55:00	5.08	64.185	12.011	-1.708	3.898	1.882	0.06	7.20	60.013	348.35	2016-05-26 10:20:00
2016-05-26 10:25:00	5.18	64.522	12.005	-1.723	3.782	1.815	0.10	5.15	59.151	345.917	2016-05-26 10:50:00
2016-05-26 10:55:00	5.28	71.065	11.971	-1.76	3.672	1.27	0.04	5.57	56.895	339.55	2016-05-26 11:20:00
2016-05-26 12:00:00	5.88	83.041	11.798	-0.822	3.973	0.463	0.07	2.22	84.928	336.667	2016-05-26 12:25:00
2016-05-26 12:30:00	6.0	83.387	11.673	-0.598	4.008	0.407	0.05	5.85	88.03	336.75	2016-05-26 12:55:00
2016-05-26 13:00:00	6.07	75.02	11.517	-0.28	3.863	0.927	0.03	14.18	87.71399688720703	335.45	2016-05-26 13:25:00
2016-05-26 14:10:00	6.28	66.585	11.034	-0.497	2.748	0.995	0.05	14.56	86.912	330.5	2016-05-26 14:35:00
2016-05-30 11:55:00	6.97	74.224	11.704	3.398	1.618	0.492	0.09	21.38	32.29100036621094	494.6	2016-05-30 12:20:00
