Start_str	Start_ind	Mgs#_avg	Clang_avg	Rmag_avg	Bx_avg(nT)	By_avg(nT)	Bz_avg(nT)	Bdeviat	Dtheta	End_ind	End_str
2017-09-01 12:05:00	145	5.93	146.365	22.267	-0.523	3.928	-5.923	0.07	23.94	150	2017-09-01 12:30:00
2017-09-04 11:05:00	985	6.92	138.333	20.385	-1.873	2.195	-2.547	0.08	23.44	990	2017-09-04 11:30:00
2017-09-05 18:30:00	1362	6.3	156.493	20.008	-3.087	1.088	-2.51	0.02	9.65	1367	2017-09-05 18:55:00
2017-09-08 19:25:00	2216	6.97	156.322	22.798	2.597	1.763	-4.037	0.08	11.68	2221	2017-09-08 19:50:00
2017-09-08 19:55:00	2222	5.98	168.996	22.983	4.003	0.697	-3.5	0.02	17.29	2227	2017-09-08 20:20:00
2017-09-08 20:35:00	2230	5.13	146.603	23.217	4.572	1.54	-2.38	0.09	22.65	2235	2017-09-08 21:00:00
2017-09-08 21:05:00	2236	5.32	160.862	23.382	3.59	1.27	-3.673	0.06	21.73	2241	2017-09-08 21:30:00
2017-09-12 13:20:00	2809	5.8	145.227	23.522	-0.348	2.67	-3.843	0.05	14.37	2814	2017-09-12 13:45:00
2017-09-12 15:40:00	2837	6.23	155.287	22.711	1.158	1.522	-3.32	0.06	17.28	2842	2017-09-12 16:05:00
2017-09-14 06:35:00	3304	5.67	220.497	21.423	4.063	-1.307	-1.487	0.06	16.30	3309	2017-09-14 07:00:00
2017-09-15 11:25:00	3650	6.3	137.707	22.506	-3.765	2.938	-3.097	0.10	28.52	3655	2017-09-15 11:50:00
2017-09-15 11:55:00	3656	6.62	165.999	22.299	-2.832	1.225	-4.82	0.03	21.39	3661	2017-09-15 12:20:00
2017-09-15 20:15:00	3756	6.6	152.171	17.354	-2.972	2.232	-4.322	0.08	27.24	3761	2017-09-15 20:40:00
2017-09-19 19:55:00	4904	6.82	151.357	20.833	-1.553	1.715	-3.16	0.05	19.53	4909	2017-09-19 20:20:00
2017-09-19 20:35:00	4912	6.75	154.561	21.182	-2.155	1.36	-2.883	0.04	28.49	4917	2017-09-19 21:00:00
2017-09-19 21:05:00	4918	6.85	150.703	21.433	-1.995	1.628	-2.78	0.05	24.84	4923	2017-09-19 21:30:00
2017-09-19 21:35:00	4924	6.93	152.348	21.674	-1.448	1.565	-3.028	0.03	15.43	4929	2017-09-19 22:00:00
2017-09-20 00:25:00	4958	6.75	143.09	22.867	0.77	2.51	-3.342	0.03	18.40	4963	2017-09-20 00:50:00
2017-09-21 05:35:00	5308	6.62	150.0	20.67	-2.337	1.292	-2.23	0.10	9.72	5313	2017-09-21 06:00:00
2017-09-21 07:10:00	5327	6.72	175.682	19.746	-2.417	0.213	-2.43	0.09	25.06	5332	2017-09-21 07:35:00
2017-09-21 13:10:00	5399	6.58	153.672	15.104	-0.997	1.453	-2.795	0.07	29.98	5404	2017-09-21 13:35:00
2017-09-21 15:20:00	5425	5.73	165.58	12.842	-3.752	0.107	-0.517	0.03	22.09	5430	2017-09-21 15:45:00
2017-09-21 18:00:00	5457	5.88	149.199	9.39	-2.588	1.998	-3.385	0.06	26.00	5462	2017-09-21 18:25:00
2017-09-21 18:40:00	5465	5.88	137.19	8.364	-1.88	2.612	-2.793	0.05	29.06	5470	2017-09-21 19:05:00
2017-09-22 05:50:00	5599	5.58	147.519	13.72	-1.253	2.072	-3.248	0.01	11.19	5604	2017-09-22 06:15:00
2017-09-22 15:20:00	5713	5.73	136.589	20.963	-3.02	2.648	-2.85	0.04	26.84	5718	2017-09-22 15:45:00
2017-09-22 17:40:00	5741	5.67	165.915	22.088	0.003	1.322	-5.225	0.05	20.79	5746	2017-09-22 18:05:00
2017-09-22 19:30:00	5763	5.58	195.278	22.831	0.54	-1.297	-4.783	0.03	13.90	5768	2017-09-22 19:55:00
2017-09-23 16:55:00	6020	5.8	166.064	23.822	-2.675	0.56	-2.098	0.06	16.60	6025	2017-09-23 17:20:00
2017-09-23 18:00:00	6033	5.93	159.498	23.508	-0.382	1.232	-3.322	0.07	18.41	6038	2017-09-23 18:25:00
2017-09-23 18:55:00	6044	5.97	146.587	23.213	0.293	2.165	-3.28	0.04	25.89	6049	2017-09-23 19:20:00
2017-09-24 03:00:00	6141	5.38	140.76	19.294	-4.133	1.75	-2.138	0.03	19.55	6146	2017-09-24 03:25:00
2017-09-24 14:05:00	6274	5.98	137.594	7.885	2.095	3.783	-4.125	0.07	21.62	6279	2017-09-24 14:30:00
2017-09-27 18:55:00	7196	5.05	150.513	12.361	-5.193	4.345	-7.852	0.06	28.00	7201	2017-09-27 19:20:00
2017-09-28 05:10:00	7319	5.55	171.829	20.725	-2.292	1.222	-8.673	0.05	19.77	7324	2017-09-28 05:35:00
2017-09-28 07:05:00	7342	6.12	156.753	21.701	-2.813	3.275	-7.7	0.06	26.28	7347	2017-09-28 07:30:00
2017-09-30 10:40:00	7960	6.55	150.104	7.311	-3.373	1.413	-2.377	0.05	19.07	7965	2017-09-30 11:05:00
2017-09-30 11:10:00	7966	6.73	155.588	8.155	-2.562	1.348	-3.062	0.02	28.25	7971	2017-09-30 11:35:00
2017-09-30 12:00:00	7976	6.8	178.128	9.448	-2.517	0.11	-3.383	0.01	15.35	7981	2017-09-30 12:25:00
2017-09-30 12:30:00	7982	6.68	159.38	10.165	-2.09	1.398	-3.532	0.06	22.05	7987	2017-09-30 12:55:00
2017-09-30 13:00:00	7988	6.4	151.464	10.846	-1.805	2.117	-3.947	0.10	25.27	7993	2017-09-30 13:25:00
2017-09-30 13:30:00	7994	6.5	141.325	11.493	-1.23	2.933	-3.663	0.03	6.49	7999	2017-09-30 13:55:00
2017-09-30 14:00:00	8000	6.45	142.683	12.11	-0.985	2.86	-3.755	0.03	20.29	8005	2017-09-30 14:25:00
2017-09-30 14:30:00	8006	6.33	154.082	12.7	-1.748	1.95	-4.027	0.01	8.45	8011	2017-09-30 14:55:00
2017-09-30 16:15:00	8027	6.75	143.089	14.579	-1.113	2.495	-3.197	0.09	27.72	8032	2017-09-30 16:40:00
2017-09-30 16:45:00	8033	6.73	192.849	15.069	-1.847	-0.888	-3.933	0.04	27.92	8038	2017-09-30 17:10:00
2017-10-01 05:35:00	8187	6.33	187.182	23.024	0.393	-0.578	-4.68	0.04	13.28	8192	2017-10-01 06:00:00
2017-10-09 00:00:00	10411	5.85	224.048	11.418	1.482	-2.362	-2.418	0.07	25.60	10416	2017-10-09 00:25:00
2017-10-09 00:30:00	10417	5.83	221.083	12.033	1.737	-2.152	-2.488	0.06	13.68	10422	2017-10-09 00:55:00
2017-10-10 22:30:00	10960	5.5	179.505	19.872	-4.653	0.065	-5.43	0.05	19.49	10965	2017-10-10 22:55:00
2017-10-11 04:00:00	11026	5.45	160.054	15.789	-1.135	2.538	-7.037	0.09	22.43	11031	2017-10-11 04:25:00
2017-10-11 04:30:00	11032	5.35	183.967	15.331	-1.998	-0.482	-7.305	0.04	16.25	11037	2017-10-11 04:55:00
2017-10-13 09:15:00	11662	6.58	177.734	23.727	-2.567	0.128	-4.333	0.05	14.67	11667	2017-10-13 09:40:00
2017-10-13 10:25:00	11676	6.22	156.617	23.375	-4.517	1.622	-3.803	0.07	15.14	11681	2017-10-13 10:50:00
2017-10-13 10:55:00	11682	6.78	167.477	23.211	-1.533	1.112	-4.993	0.07	14.19	11687	2017-10-13 11:20:00
2017-10-13 11:25:00	11688	6.68	163.285	23.038	-3.527	1.035	-4.018	0.08	17.84	11693	2017-10-13 11:50:00
2017-10-13 14:40:00	11727	6.63	145.145	21.708	-4.255	3.043	-4.457	0.08	21.80	11732	2017-10-13 15:05:00
2017-10-13 18:45:00	11776	6.7	167.326	19.469	-3.25	1.27	-5.74	0.09	12.64	11781	2017-10-13 19:10:00
2017-10-14 04:30:00	11893	6.88	145.875	10.385	-2.658	2.585	-3.792	0.08	23.08	11898	2017-10-14 04:55:00
2017-10-17 09:05:00	12776	6.95	151.485	9.094	-2.775	0.7	-1.325	0.07	17.72	12781	2017-10-17 09:30:00
2017-10-17 09:35:00	12782	6.92	140.505	9.824	-2.752	1.097	-1.305	0.06	21.09	12787	2017-10-17 10:00:00
2017-10-18 23:25:00	13236	6.62	181.453	23.979	3.265	-0.093	-3.293	0.02	13.96	13241	2017-10-18 23:50:00
2017-10-18 23:55:00	13242	6.6	184.513	23.849	3.283	-0.257	-3.302	0.01	8.08	13247	2017-10-19 00:20:00
2017-10-19 07:25:00	13332	6.05	153.234	20.897	-3.13	1.963	-3.995	0.09	26.38	13337	2017-10-19 07:50:00
2017-10-19 08:20:00	13343	5.93	138.276	20.394	-4.193	2.728	-3.053	0.02	7.67	13348	2017-10-19 08:45:00
2017-10-20 04:15:00	13581	6.73	168.696	8.535	-0.482	0.805	-4.117	0.09	25.25	13586	2017-10-20 04:40:00
2017-10-20 20:45:00	13779	6.38	180.929	22.324	-1.96	-0.048	-3.107	0.09	25.31	13784	2017-10-20 21:10:00
2017-10-25 04:50:00	14904	6.3	145.193	16.706	-2.457	3.007	-4.602	0.07	23.28	14909	2017-10-25 05:15:00
2017-10-26 11:00:00	15266	6.55	162.221	21.977	-0.745	1.593	-4.955	0.04	25.79	15271	2017-10-26 11:25:00
2017-10-26 12:10:00	15280	6.62	157.973	22.476	3.467	1.753	-4.292	0.07	27.69	15285	2017-10-26 12:35:00
2017-10-26 12:40:00	15286	6.5	182.516	22.675	3.738	-0.192	-4.467	0.04	7.20	15291	2017-10-26 13:05:00
2017-10-26 13:40:00	15297	6.32	158.878	23.048	-0.952	1.71	-4.403	0.05	10.94	15302	2017-10-26 14:05:00
2017-10-26 14:10:00	15303	6.4	159.055	23.222	-0.78	1.71	-4.483	0.04	7.00	15308	2017-10-26 14:35:00
2017-10-27 19:20:00	15481	5.87	197.352	20.329	-4.885	-0.19	-0.645	0.02	29.68	15486	2017-10-27 19:45:00
2017-10-28 05:05:00	15583	6.4	157.12	12.16	4.092	0.932	-1.998	0.05	26.61	15588	2017-10-28 05:30:00
2017-10-28 21:20:00	15778	6.1	198.213	15.901	-2.472	-0.683	-2.017	0.07	17.77	15783	2017-10-28 21:45:00
2017-10-28 21:55:00	15785	6.5	142.055	16.411	-1.62	1.498	-1.955	0.08	16.74	15790	2017-10-28 22:20:00
2017-10-30 06:00:00	16152	6.22	184.626	23.959	-0.608	-0.183	-2.255	0.08	21.15	16157	2017-10-30 06:25:00
2017-10-30 06:30:00	16158	6.27	174.833	23.826	-0.368	0.2	-2.183	0.04	11.99	16163	2017-10-30 06:55:00
2017-10-30 09:15:00	16191	6.02	166.989	22.95	-1.947	0.355	-1.552	0.05	12.18	16196	2017-10-30 09:40:00
2017-10-30 09:45:00	16197	6.02	169.516	22.764	-1.842	0.31	-1.685	0.08	8.19	16202	2017-10-30 10:10:00
2017-10-30 10:15:00	16203	6.02	154.79	22.569	-2.058	0.608	-1.327	0.05	19.45	16208	2017-10-30 10:40:00
2017-10-30 10:45:00	16209	5.95	160.022	22.366	-2.392	0.39	-1.045	0.05	17.79	16214	2017-10-30 11:10:00
2017-10-30 11:15:00	16215	5.97	175.543	22.154	-2.385	0.08	-1.053	0.07	23.38	16220	2017-10-30 11:40:00
2017-10-30 11:45:00	16221	5.97	191.206	21.933	-2.28	-0.235	-1.193	0.10	16.35	16226	2017-10-30 12:10:00
2017-10-30 12:30:00	16230	6.2	186.605	21.584	-1.745	-0.18	-1.527	0.10	17.06	16235	2017-10-30 12:55:00
2017-10-30 13:00:00	16236	6.2	181.252	21.34	-1.717	-0.032	-1.427	0.08	19.79	16241	2017-10-30 13:25:00
2017-10-30 19:55:00	16319	6.4	135.445	16.848	-0.327	1.295	-1.317	0.09	4.34	16324	2017-10-30 20:20:00
2017-10-30 21:35:00	16339	6.2	138.257	15.388	-0.082	1.457	-1.638	0.05	12.45	16344	2017-10-30 22:00:00
2017-10-30 22:10:00	16346	6.2	144.365	14.832	0.16	1.342	-1.875	0.08	5.66	16351	2017-10-30 22:35:00
2017-10-30 22:40:00	16352	6.2	136.241	14.336	0.223	1.608	-1.678	0.09	10.54	16357	2017-10-30 23:05:00
2017-10-30 23:10:00	16358	6.2	156.91	13.82	-0.257	0.892	-2.07	0.06	21.29	16363	2017-10-30 23:35:00
2017-10-30 23:40:00	16364	6.23	165.916	13.282	-0.678	0.475	-1.892	0.09	13.43	16369	2017-10-31 00:05:00
2017-10-31 01:00:00	16380	6.23	187.086	11.732	-1.518	-0.113	-1.023	0.05	18.81	16385	2017-10-31 01:25:00
2017-10-31 03:00:00	16403	5.6	145.325	9.007	-2.283	0.822	-1.165	0.06	29.43	16408	2017-10-31 03:25:00
2017-10-31 11:05:00	16500	5.2	151.794	9.216	1.005	1.908	-3.56	0.01	4.32	16505	2017-10-31 11:30:00
2017-11-01 01:35:00	16673	5.72	218.381	21.647	2.26	-1.497	-1.893	0.08	8.78	16678	2017-11-01 02:00:00
2017-11-02 23:00:00	17189	5.05	147.397	8.244	3.622	3.575	-5.557	0.03	25.84	17194	2017-11-02 23:25:00
2017-11-03 09:25:00	17304	5.42	137.251	12.872	3.288	3.37	-3.64	0.06	15.07	17309	2017-11-03 09:50:00
2017-11-03 09:55:00	17310	5.25	167.468	13.427	3.707	0.988	-4.522	0.05	12.39	17315	2017-11-03 10:20:00
2017-11-05 00:30:00	17691	5.77	146.187	22.895	3.773	0.987	-1.482	0.03	19.60	17696	2017-11-05 00:55:00
2017-11-05 01:35:00	17704	5.63	183.992	22.475	3.557	-0.092	-1.3	0.03	22.04	17709	2017-11-05 02:00:00
2017-11-08 02:30:00	18577	6.1	135.045	19.811	-5.312	3.938	-3.925	0.06	19.10	18582	2017-11-08 02:55:00
2017-11-08 03:30:00	18584	6.37	144.974	19.174	1.157	4.393	-6.287	0.09	15.10	18589	2017-11-08 03:55:00
2017-11-08 11:15:00	18677	6.13	142.217	12.297	0.012	4.373	-5.722	0.05	28.02	18682	2017-11-08 11:40:00
2017-11-08 11:45:00	18683	6.2	138.796	11.691	1.71	4.773	-5.442	0.06	27.67	18688	2017-11-08 12:10:00
2017-11-08 12:15:00	18689	6.37	144.964	11.056	1.227	4.123	-5.905	0.07	10.46	18694	2017-11-08 12:40:00
2017-11-08 12:45:00	18695	6.5	144.146	10.39	0.662	4.05	-5.588	0.04	13.07	18700	2017-11-08 13:10:00
2017-11-09 07:10:00	18916	6.33	162.931	18.726	-3.1	1.085	-3.555	0.10	22.98	18921	2017-11-09 07:35:00
2017-11-09 07:40:00	18922	6.8	173.571	19.066	-2.057	0.235	-3.573	0.06	28.24	18927	2017-11-09 08:05:00
2017-11-09 10:05:00	18951	6.35	153.723	20.547	-3.82	1.077	-2.24	0.10	29.04	18956	2017-11-09 10:30:00
2017-11-09 14:35:00	19005	6.88	141.324	22.675	0.365	2.712	-3.395	0.06	12.80	19010	2017-11-09 15:00:00
2017-11-09 17:20:00	19038	6.13	180.528	23.624	-4.48	-0.037	-2.47	0.09	26.03	19043	2017-11-09 17:45:00
2017-11-13 08:55:00	19848	6.73	144.771	23.704	3.092	1.325	-1.852	0.07	26.71	19853	2017-11-13 09:20:00
2017-11-13 10:20:00	19865	6.67	138.409	23.26	1.54	2.313	-2.62	0.06	18.17	19870	2017-11-13 10:45:00
2017-11-13 12:05:00	19886	6.43	154.948	22.62	2.808	1.458	-3.12	0.06	22.69	19891	2017-11-13 12:30:00
2017-11-13 12:35:00	19892	6.53	169.274	22.418	2.38	0.645	-3.445	0.08	26.19	19897	2017-11-13 13:00:00
2017-11-13 15:55:00	19932	6.68	165.493	20.837	-1.617	0.403	-1.548	0.04	24.41	19937	2017-11-13 16:20:00
2017-11-14 01:20:00	20029	6.13	182.591	13.556	3.695	-0.09	-2.598	0.03	27.78	20034	2017-11-14 01:45:00
2017-11-14 04:50:00	20050	5.52	145.108	9.122	-2.223	4.145	-5.903	0.05	11.22	20055	2017-11-14 05:15:00
2017-11-14 16:10:00	20175	5.05	150.607	13.304	-0.925	2.892	-5.142	0.09	10.51	20180	2017-11-14 16:35:00
2017-11-14 20:40:00	20229	6.27	145.371	17.474	-0.87	2.653	-3.788	0.08	26.09	20234	2017-11-14 21:05:00
2017-11-14 22:40:00	20253	6.8	211.254	18.929	1.677	-1.64	-2.687	0.09	21.82	20258	2017-11-14 23:05:00
2017-11-15 04:30:00	20323	5.98	155.084	22.142	-2.468	1.475	-3.187	0.08	8.79	20328	2017-11-15 04:55:00
2017-11-15 05:00:00	20329	5.72	151.894	22.355	-3.04	2.028	-3.71	0.04	17.13	20334	2017-11-15 05:25:00
2017-11-15 05:30:00	20335	5.9	150.152	22.56	-1.445	2.435	-4.193	0.06	16.43	20340	2017-11-15 05:55:00
2017-11-15 06:00:00	20341	5.63	152.641	22.756	-3.13	2.035	-3.91	0.07	8.11	20346	2017-11-15 06:25:00
2017-11-15 06:40:00	20349	5.6	137.562	23.003	-3.843	2.955	-3.225	0.06	11.40	20354	2017-11-15 07:05:00
2017-11-15 07:40:00	20361	5.7	141.166	23.347	-4.813	2.635	-3.322	0.10	9.30	20366	2017-11-15 08:05:00
2017-11-15 08:30:00	20371	5.85	183.888	23.609	-3.583	-0.437	-5.402	0.08	23.90	20376	2017-11-15 08:55:00
2017-11-17 08:30:00	20892	6.32	159.372	9.228	-2.075	1.245	-3.373	0.02	22.57	20897	2017-11-17 08:55:00
2017-11-17 11:35:00	20929	6.9	146.034	13.179	-0.427	1.915	-2.807	0.08	28.35	20934	2017-11-17 12:00:00
2017-11-18 00:00:00	21077	6.95	163.988	22.135	1.718	0.922	-3.218	0.07	9.89	21082	2017-11-18 00:25:00
2017-11-18 02:00:00	21101	6.92	139.785	22.939	1.038	1.827	-2.183	0.06	23.39	21106	2017-11-18 02:25:00
2017-11-23 08:25:00	22477	6.6	160.208	18.276	0.788	1.403	-3.885	0.09	9.12	22482	2017-11-23 08:50:00
2017-11-23 12:15:00	22523	6.45	151.075	20.714	2.383	1.743	-3.117	0.06	15.10	22528	2017-11-23 12:40:00
2017-11-24 19:35:00	22877	5.9	153.668	22.228	3.827	2.382	-4.865	0.08	18.73	22882	2017-11-24 20:00:00
2017-11-24 20:50:00	22892	6.12	153.147	21.658	1.76	2.367	-4.657	0.10	14.06	22897	2017-11-24 21:15:00
2017-11-24 21:30:00	22900	5.32	165.025	21.329	6.062	1.38	-5.178	0.03	7.41	22905	2017-11-24 21:55:00
2017-11-26 12:55:00	23372	5.67	200.327	22.981	1.635	-1.202	-3.243	0.10	19.88	23377	2017-11-26 13:20:00
2017-11-30 10:30:00	24495	5.75	192.626	22.305	6.075	-0.405	-1.432	0.05	20.58	24500	2017-11-30 10:55:00
2017-11-30 19:00:00	24597	6.32	224.39	17.208	0.065	-2.738	-2.8	0.09	10.14	24602	2017-11-30 19:25:00
2017-12-03 09:20:00	25247	5.7	222.84	20.751	1.462	-1.582	-1.712	0.02	13.73	25252	2017-12-03 09:45:00
2017-12-03 20:35:00	25382	6.03	214.526	11.123	-0.157	-2.045	-2.988	0.08	20.02	25387	2017-12-03 21:00:00
2017-12-04 06:20:00	25499	5.97	200.499	9.618	0.195	-1.86	-4.985	0.07	4.31	25504	2017-12-04 06:45:00
2017-12-04 10:45:00	25552	6.53	186.132	14.867	-0.283	-0.325	-3.077	0.09	9.21	25557	2017-12-04 11:10:00
2017-12-04 12:30:00	25573	6.08	182.87	16.472	-0.165	-0.213	-4.065	0.08	7.04	25578	2017-12-04 12:55:00
2017-12-04 14:05:00	25592	6.42	179.069	17.757	-0.713	0.072	-4.55	0.09	9.16	25597	2017-12-04 14:30:00
2017-12-04 14:40:00	25599	6.43	178.073	18.194	-1.213	0.147	-4.522	0.09	8.08	25604	2017-12-04 15:05:00
2017-12-04 17:40:00	25635	5.13	166.517	20.179	-1.423	2.7	-11.245	0.06	27.39	25640	2017-12-04 18:05:00
2017-12-06 11:05:00	26132	6.02	136.733	16.552	-3.752	2.04	-2.043	0.07	16.95	26137	2017-12-06 11:30:00
2017-12-06 14:05:00	26168	6.18	135.739	13.678	-2.985	2.285	-2.372	0.04	14.65	26173	2017-12-06 14:30:00
2017-12-06 14:35:00	26174	6.17	135.409	13.13	-2.577	2.538	-2.563	0.02	9.40	26179	2017-12-06 15:00:00
2017-12-06 15:40:00	26187	6.72	135.651	11.857	-2.09	2.07	-2.082	0.07	10.76	26192	2017-12-06 16:05:00
2017-12-08 21:40:00	26835	5.57	140.898	22.222	4.787	1.292	-1.648	0.02	29.00	26840	2017-12-08 22:05:00
2017-12-08 22:20:00	26843	6.18	138.375	21.923	3.165	2.155	-2.338	0.08	21.51	26848	2017-12-08 22:45:00
2017-12-08 23:00:00	26851	5.9	150.13	21.607	3.538	1.543	-2.657	0.04	12.41	26856	2017-12-08 23:25:00
2017-12-08 23:30:00	26857	6.03	159.885	21.36	3.703	0.892	-2.397	0.06	19.84	26862	2017-12-08 23:55:00
2017-12-09 00:00:00	26863	6.15	179.781	21.102	3.782	0.005	-2.74	0.07	10.87	26868	2017-12-09 00:25:00
2017-12-09 08:00:00	26959	5.58	217.265	15.406	-4.768	-0.42	-0.548	0.04	16.42	26964	2017-12-09 08:25:00
2017-12-09 09:10:00	26973	6.03	209.824	14.259	-3.267	-1.09	-1.923	0.04	22.67	26978	2017-12-09 09:35:00
2017-12-09 12:15:00	27010	6.1	155.951	10.634	-2.587	0.988	-2.14	0.08	11.81	27015	2017-12-09 12:40:00
2017-12-09 13:10:00	27021	6.25	141.507	9.334	-2.573	1.603	-2.007	0.08	9.96	27026	2017-12-09 13:35:00
2017-12-10 11:00:00	27283	6.12	143.06	21.312	-0.923	1.735	-2.313	0.06	10.09	27288	2017-12-10 11:25:00
2017-12-10 11:30:00	27289	6.02	143.615	21.561	-1.285	1.672	-2.257	0.07	11.42	27294	2017-12-10 11:55:00
2017-12-10 12:40:00	27303	6.15	141.239	22.106	-0.287	1.675	-2.083	0.04	16.03	27308	2017-12-10 13:05:00
2017-12-10 13:25:00	27312	6.17	138.079	22.43	-0.348	1.987	-2.238	0.10	29.92	27317	2017-12-10 13:50:00
2017-12-10 13:55:00	27318	6.18	138.364	22.635	-0.11	2.057	-2.318	0.07	15.13	27323	2017-12-10 14:20:00
2017-12-10 15:10:00	27333	6.1	152.261	23.11	0.367	1.537	-2.938	0.07	22.42	27338	2017-12-10 15:35:00
2017-12-10 15:40:00	27339	6.08	148.189	23.285	0.543	1.788	-2.892	0.07	19.16	27344	2017-12-10 16:05:00
2017-12-12 05:15:00	27790	5.9	162.168	13.733	-3.988	1.443	-4.438	0.05	23.20	27795	2017-12-12 05:40:00
2017-12-12 06:30:00	27805	6.08	184.593	12.322	-3.223	-0.36	-4.615	0.10	13.34	27810	2017-12-12 06:55:00
2017-12-12 17:00:00	27931	5.77	161.153	9.32	-3.435	1.693	-5.187	0.05	27.78	27936	2017-12-12 17:25:00
2017-12-12 17:50:00	27941	5.72	212.809	10.509	0.655	-4.428	-6.903	0.05	21.56	27946	2017-12-12 18:15:00
2017-12-14 17:05:00	28508	6.02	164.255	20.006	-2.827	0.423	-1.402	0.06	22.02	28513	2017-12-14 17:30:00
2017-12-17 05:00:00	29219	5.02	156.723	23.529	-2.797	3.682	-8.615	0.06	18.65	29224	2017-12-17 05:25:00
2017-12-18 15:55:00	29605	6.95	215.488	17.648	-3.308	-0.835	-1.168	0.08	28.74	29610	2017-12-18 16:20:00
2017-12-23 02:35:00	30831	5.88	211.013	20.895	3.02	-1.807	-2.943	0.09	27.38	30836	2017-12-23 03:00:00
2017-12-23 04:40:00	30856	5.95	206.195	19.671	1.245	-2.235	-4.552	0.05	11.23	30861	2017-12-23 05:05:00
2017-12-25 16:25:00	31494	5.57	217.913	23.387	5.627	-3.16	-4.058	0.04	6.31	31499	2017-12-25 16:50:00
2017-12-25 20:30:00	31543	5.02	222.338	21.732	6.763	-3.148	-3.443	0.01	17.09	31548	2017-12-25 20:55:00
2017-12-25 23:05:00	31574	5.02	205.042	20.364	5.812	-2.427	-5.062	0.02	18.74	31579	2017-12-25 23:30:00
2017-12-26 00:35:00	31592	5.32	210.724	19.442	5.362	-2.497	-4.073	0.02	24.59	31597	2017-12-26 01:00:00
2017-12-26 01:05:00	31598	5.32	209.986	19.111	5.54	-2.2	-3.807	0.05	29.99	31603	2017-12-26 01:30:00
2017-12-26 01:35:00	31604	5.37	217.102	18.769	5.768	-2.32	-3.003	0.03	18.11	31609	2017-12-26 02:00:00
2017-12-26 02:05:00	31610	5.53	216.126	18.414	5.812	-1.955	-2.68	0.03	23.20	31615	2017-12-26 02:30:00
2017-12-26 03:10:00	31623	5.77	213.903	17.6	5.82	-1.725	-2.632	0.02	29.53	31628	2017-12-26 03:35:00
2017-12-26 04:05:00	31634	5.77	204.024	16.861	5.593	-1.178	-2.652	0.05	19.65	31639	2017-12-26 04:30:00
2017-12-27 00:50:00	31883	6.27	210.458	15.942	-2.725	-0.745	-1.24	0.06	24.30	31888	2017-12-27 01:15:00
2017-12-28 20:00:00	32357	5.97	195.576	19.549	2.378	-0.78	-2.833	0.05	19.18	32362	2017-12-28 20:25:00
2018-01-04 04:45:00	34073	6.52	145.175	7.373	2.88	1.9	-2.702	0.08	24.12	34078	2018-01-04 05:10:00
2018-01-04 18:45:00	34201	6.72	154.018	20.942	1.288	1.307	-2.647	0.09	16.10	34206	2018-01-04 19:10:00
2018-01-04 19:15:00	34207	6.87	146.082	21.208	0.592	1.763	-2.617	0.08	5.95	34212	2018-01-04 19:40:00
2018-01-07 18:10:00	34999	5.72	186.333	22.706	1.173	-0.445	-4.07	0.05	26.28	35004	2018-01-07 18:35:00
2018-01-09 13:10:00	35465	6.93	167.493	9.068	-2.847	0.302	-1.437	0.05	20.98	35470	2018-01-09 13:35:00
2018-01-09 13:45:00	35472	7.0	185.885	8.143	-2.698	-0.182	-1.817	0.03	13.78	35477	2018-01-09 14:10:00
2018-01-12 08:20:00	36246	6.55	170.572	9.675	0.108	0.528	-3.18	0.06	12.40	36251	2018-01-12 08:45:00
2018-01-12 09:00:00	36254	6.82	178.846	8.663	1.11	0.063	-3.098	0.08	3.76	36259	2018-01-12 09:25:00
2018-01-13 06:20:00	36510	6.25	159.738	21.358	-0.21	1.312	-3.513	0.02	23.17	36515	2018-01-13 06:45:00
2018-01-13 08:05:00	36531	5.62	172.912	22.193	0.822	0.792	-6.378	0.09	19.04	36536	2018-01-13 08:30:00
2018-01-13 08:35:00	36537	6.05	186.159	22.411	1.382	-0.617	-5.78	0.08	8.92	36542	2018-01-13 09:00:00
2018-01-13 10:00:00	36554	6.25	206.401	22.98	1.992	-2.113	-4.278	0.10	13.71	36559	2018-01-13 10:25:00
2018-01-13 10:30:00	36560	6.33	207.729	23.165	2.233	-2.187	-4.177	0.05	8.20	36565	2018-01-13 10:55:00
2018-01-17 12:20:00	37647	6.03	136.711	20.295	-0.552	2.002	-2.14	0.04	15.98	37652	2018-01-17 12:45:00
2018-01-19 02:20:00	38103	5.55	153.351	23.338	2.738	2.708	-5.412	0.10	12.36	38108	2018-01-19 02:45:00
2018-01-21 13:10:00	38800	5.18	174.642	18.858	10.023	0.368	-3.717	0.03	29.94	38805	2018-01-21 13:35:00
2018-01-22 23:30:00	39212	5.1	211.46	22.325	3.693	-1.127	-1.835	0.02	26.94	39217	2018-01-22 23:55:00
2018-01-23 00:15:00	39221	5.08	224.3	21.99	3.775	-1.307	-1.342	0.08	5.65	39226	2018-01-23 00:40:00
2018-01-24 10:00:00	39626	6.73	212.672	19.696	2.182	-1.065	-1.772	0.07	20.22	39631	2018-01-24 10:25:00
2018-01-25 15:25:00	39979	5.92	186.031	23.684	0.878	-0.483	-4.637	0.03	24.72	39984	2018-01-25 15:50:00
2018-01-25 19:30:00	40028	5.92	199.199	22.147	4.197	-0.64	-1.578	0.02	28.48	40033	2018-01-25 19:55:00
2018-01-27 00:35:00	40377	6.47	191.527	15.897	-2.96	-0.722	-3.345	0.08	24.60	40382	2018-01-27 01:00:00
2018-01-27 08:20:00	40467	6.4	147.898	21.279	2.465	1.395	-2.14	0.08	29.95	40472	2018-01-27 08:45:00
2018-01-27 10:20:00	40491	6.6	181.547	22.236	2.755	0.01	-1.228	0.02	16.66	40496	2018-01-27 10:45:00
2018-01-27 11:05:00	40500	6.6	180.057	22.557	2.315	-0.017	-3.092	0.04	16.27	40505	2018-01-27 11:30:00
2018-01-27 11:35:00	40506	6.52	173.782	22.76	2.355	0.318	-3.122	0.07	28.06	40511	2018-01-27 12:00:00
2018-01-27 12:35:00	40518	6.75	195.79	23.14	1.528	-0.857	-3.107	0.08	22.18	40523	2018-01-27 13:00:00
2018-01-28 11:00:00	40742	6.57	191.597	23.714	1.428	-0.432	-1.965	0.06	29.83	40747	2018-01-28 11:25:00
2018-01-29 04:20:00	40950	6.45	167.432	12.096	-3.45	0.225	-0.997	0.09	16.06	40955	2018-01-29 04:45:00
2018-01-31 08:45:00	41574	6.13	162.408	23.004	3.41	1.582	-4.982	0.08	17.88	41579	2018-01-31 09:10:00
2018-01-31 18:15:00	41688	5.05	215.032	17.686	4.868	-2.76	-3.938	0.04	14.02	41693	2018-01-31 18:40:00
2018-01-31 20:35:00	41716	5.88	204.062	15.711	0.897	-1.783	-4.0	0.07	26.73	41721	2018-01-31 21:00:00
2018-02-01 17:30:00	41967	6.15	199.426	17.267	1.168	-1.272	-3.592	0.03	25.83	41972	2018-02-01 17:55:00
2018-02-02 02:35:00	42076	5.67	209.591	22.629	0.077	-2.007	-3.545	0.04	17.54	42081	2018-02-02 03:00:00
2018-02-02 03:05:00	42082	5.72	222.102	22.828	0.378	-2.685	-2.975	0.03	16.98	42087	2018-02-02 03:30:00
2018-02-03 06:40:00	42413	6.48	164.733	22.037	-2.042	0.538	-2.052	0.10	20.31	42418	2018-02-03 07:05:00
2018-02-03 19:30:00	42567	6.12	195.888	12.229	2.353	-1.125	-3.96	0.05	26.55	42572	2018-02-03 19:55:00
2018-02-06 06:15:00	43216	6.28	156.249	19.875	-3.553	1.207	-2.74	0.04	9.40	43221	2018-02-06 06:40:00
2018-02-06 06:45:00	43222	6.4	152.31	19.56	-3.573	1.437	-2.667	0.05	8.55	43227	2018-02-06 07:10:00
2018-02-06 07:15:00	43228	6.45	148.696	19.234	-3.91	1.21	-1.975	0.03	26.07	43233	2018-02-06 07:40:00
2018-02-09 00:25:00	43813	6.07	224.411	20.703	3.387	-1.937	-1.955	0.05	18.41	43818	2018-02-09 00:50:00
2018-02-09 01:25:00	43825	6.0	138.46	20.124	3.887	1.687	-1.897	0.03	12.19	43830	2018-02-09 01:50:00
2018-02-09 03:40:00	43852	5.62	187.836	18.656	5.117	-0.533	-3.718	0.03	24.08	43857	2018-02-09 04:05:00
2018-02-10 09:25:00	44143	6.03	137.634	20.737	4.987	3.498	-3.808	0.08	21.41	44148	2018-02-10 09:50:00
2018-02-10 11:10:00	44164	6.35	137.1	21.649	5.607	2.997	-3.082	0.05	28.17	44169	2018-02-10 11:35:00
2018-02-11 14:45:00	44451	6.32	192.781	23.149	-0.48	-0.58	-2.502	0.09	22.05	44456	2018-02-11 15:10:00
2018-02-14 21:15:00	45392	5.97	219.818	16.97	0.932	-1.552	-1.872	0.03	14.01	45397	2018-02-14 21:40:00
2018-02-14 21:45:00	45398	6.0	210.891	16.549	0.595	-1.285	-2.152	0.03	6.38	45403	2018-02-14 22:10:00
2018-02-14 22:15:00	45404	6.03	209.049	16.112	0.498	-1.24	-2.235	0.05	6.34	45409	2018-02-14 22:40:00
2018-02-14 22:55:00	45412	6.13	208.824	15.503	0.493	-1.187	-2.163	0.09	7.48	45417	2018-02-14 23:20:00
2018-02-14 23:25:00	45418	6.08	207.47	15.026	0.652	-1.198	-2.305	0.03	5.41	45423	2018-02-14 23:50:00
2018-02-14 23:55:00	45424	6.03	204.367	14.53	0.765	-1.075	-2.373	0.07	4.81	45429	2018-02-15 00:20:00
2018-02-15 01:05:00	45438	6.48	184.074	13.294	0.148	-0.125	-1.708	0.08	12.36	45443	2018-02-15 01:30:00
2018-02-15 02:35:00	45456	6.35	156.658	11.512	0.287	0.742	-1.703	0.09	22.65	45461	2018-02-15 03:00:00
2018-02-15 03:05:00	45462	6.42	169.824	10.861	0.33	0.27	-1.493	0.10	23.79	45467	2018-02-15 03:30:00
2018-02-15 15:25:00	45599	5.6	169.842	13.261	-5.652	1.128	-6.34	0.10	15.05	45604	2018-02-15 15:50:00
2018-02-17 09:15:00	46101	6.0	222.072	21.786	5.337	-2.157	-2.432	0.03	28.75	46106	2018-02-17 09:40:00
2018-02-17 10:35:00	46117	6.05	184.497	21.119	6.087	-0.198	-2.775	0.02	16.00	46122	2018-02-17 11:00:00
2018-02-17 23:50:00	46276	5.67	153.167	9.192	6.095	1.612	-3.175	0.02	10.66	46281	2018-02-18 00:15:00
2018-02-18 00:25:00	46283	5.78	201.633	8.278	5.005	-1.503	-3.83	0.06	24.87	46288	2018-02-18 00:50:00
2018-02-18 00:55:00	46289	6.02	189.533	7.438	5.05	-0.587	-3.59	0.06	6.89	46294	2018-02-18 01:20:00
2018-02-18 11:10:00	46412	6.22	219.908	13.421	4.902	-0.842	-1.02	0.02	27.18	46417	2018-02-18 11:35:00
2018-02-19 01:55:00	46589	6.2	191.715	23.206	5.01	-0.453	-2.28	0.10	24.13	46594	2018-02-19 02:20:00
2018-02-20 01:00:00	46827	5.7	165.783	23.317	4.167	0.413	-1.537	0.10	26.82	46832	2018-02-20 01:25:00
2018-02-20 09:35:00	46880	5.6	208.809	19.039	2.615	-0.828	-1.473	0.03	28.48	46885	2018-02-20 10:00:00
2018-02-20 16:10:00	46959	6.73	159.596	13.32	2.412	0.305	-0.865	0.03	29.59	46964	2018-02-20 16:35:00
2018-02-20 20:30:00	47011	6.02	221.572	7.365	2.745	-0.613	-0.728	0.02	29.08	47016	2018-02-20 20:55:00
2018-02-21 14:50:00	47204	5.95	199.974	20.079	4.09	-0.343	-0.98	0.07	28.31	47209	2018-02-21 15:15:00
2018-02-23 02:35:00	47591	5.73	215.728	20.639	3.513	-3.573	-4.98	0.05	6.02	47596	2018-02-23 03:00:00
2018-02-23 09:40:00	47676	6.17	214.725	15.447	0.018	-3.32	-4.767	0.10	25.60	47681	2018-02-23 10:05:00
2018-02-23 14:50:00	47738	6.22	208.717	9.383	4.348	-1.585	-2.873	0.05	16.59	47743	2018-02-23 15:15:00
2018-02-24 06:00:00	47920	5.53	167.386	16.952	5.388	0.345	-1.64	0.02	26.74	47925	2018-02-24 06:25:00
2018-02-24 09:10:00	47958	5.25	187.144	19.294	5.218	-0.172	-1.375	0.02	13.72	47963	2018-02-24 09:35:00
2018-02-25 14:35:00	48231	6.67	219.097	23.84	-3.333	-2.202	-2.693	0.06	16.72	48236	2018-02-25 15:00:00
2018-02-25 17:20:00	48264	6.22	210.175	22.924	-2.273	-2.035	-3.51	0.08	18.84	48269	2018-02-25 17:45:00
2018-02-26 21:25:00	48601	6.42	215.544	12.843	0.997	-1.635	-2.303	0.08	8.41	48606	2018-02-26 21:50:00
2018-02-26 23:55:00	48631	6.35	218.164	15.437	3.247	-3.565	-4.528	0.09	5.54	48636	2018-02-27 00:20:00
2018-02-27 01:25:00	48649	5.32	224.731	16.769	6.237	-5.312	-5.33	0.09	20.29	48654	2018-02-27 01:50:00
2018-02-27 03:10:00	48670	6.22	144.026	18.15	-0.667	4.802	-6.598	0.06	9.72	48675	2018-02-27 03:35:00
2018-02-27 04:20:00	48684	5.22	202.218	18.979	1.747	-2.453	-6.057	0.06	23.87	48689	2018-02-27 04:45:00
2018-02-28 12:55:00	49072	5.57	200.21	22.937	3.823	-0.535	-1.638	0.08	29.17	49077	2018-02-28 13:20:00
2018-02-28 13:40:00	49081	5.53	156.319	22.645	3.58	0.92	-2.06	0.05	12.86	49086	2018-02-28 14:05:00
2018-03-01 05:35:00	49272	6.48	205.637	10.137	-0.135	-1.635	-3.375	0.10	25.91	49277	2018-03-01 06:00:00
2018-03-01 16:00:00	49396	6.23	143.105	11.56	2.305	1.95	-2.583	0.02	25.03	49401	2018-03-01 16:25:00
2018-03-01 16:50:00	49406	6.35	144.928	12.572	2.405	1.582	-2.288	0.02	13.34	49411	2018-03-01 17:15:00
2018-03-01 17:45:00	49417	6.38	169.391	13.604	0.082	0.693	-3.705	0.09	6.15	49422	2018-03-01 18:10:00
2018-03-01 18:15:00	49423	6.6	171.163	14.134	-0.868	0.557	-3.582	0.08	3.86	49428	2018-03-01 18:40:00
2018-03-01 19:10:00	49434	6.48	173.413	15.053	-0.512	0.433	-3.762	0.06	7.69	49439	2018-03-01 19:35:00
2018-03-01 20:25:00	49449	6.53	185.692	16.206	-0.978	-0.355	-3.52	0.05	15.69	49454	2018-03-01 20:50:00
2018-03-01 22:30:00	49474	6.28	189.506	17.908	1.517	-0.377	-2.16	0.07	18.53	49479	2018-03-01 22:55:00
2018-03-02 00:30:00	49498	5.48	222.713	19.318	3.985	-1.642	-1.773	0.07	6.80	49503	2018-03-02 00:55:00
2018-03-03 10:10:00	49902	5.08	202.248	22.244	1.738	-2.56	-6.247	0.08	10.68	49907	2018-03-03 10:35:00
2018-03-03 11:40:00	49920	5.13	221.203	21.55	3.063	-4.193	-4.763	0.10	23.46	49925	2018-03-03 12:05:00
2018-03-04 20:10:00	50310	6.35	188.511	19.356	-2.403	-0.467	-2.157	0.08	24.90	50315	2018-03-04 20:35:00
2018-03-04 20:40:00	50316	6.3	180.858	19.676	-2.277	-0.048	-2.997	0.06	9.68	50321	2018-03-04 21:05:00
2018-03-09 02:20:00	51536	5.23	149.143	21.751	5.497	2.87	-4.868	0.04	17.26	51541	2018-03-09 02:45:00
2018-03-15 15:05:00	53276	5.75	209.616	7.205	4.767	-2.197	-3.782	0.07	25.10	53281	2018-03-15 15:30:00
2018-03-15 17:05:00	53300	6.08	214.49	10.315	3.725	-2.378	-3.482	0.04	24.56	53305	2018-03-15 17:30:00
2018-03-16 04:50:00	53441	5.88	167.655	20.695	4.478	1.025	-4.668	0.06	13.62	53446	2018-03-16 05:15:00
2018-03-18 18:50:00	54184	5.28	200.675	16.904	2.802	-2.545	-6.83	0.05	21.81	54189	2018-03-18 19:15:00
2018-03-18 19:20:00	54190	5.15	197.653	17.31	3.717	-2.26	-6.997	0.05	18.47	54195	2018-03-18 19:45:00
2018-03-20 18:15:00	54743	5.88	201.036	15.173	-1.65	-1.445	-3.772	0.09	20.20	54748	2018-03-20 18:40:00
2018-03-20 18:45:00	54749	6.0	184.846	14.687	-0.683	-0.353	-4.155	0.07	5.73	54754	2018-03-20 19:10:00
2018-03-20 22:00:00	54788	6.0	202.948	10.987	2.063	-1.113	-2.6	0.10	17.01	54793	2018-03-20 22:25:00
2018-03-21 17:20:00	55019	5.65	193.053	19.115	2.678	-0.777	-3.24	0.05	20.26	55024	2018-03-21 17:45:00
2018-03-21 17:50:00	55025	5.7	198.827	19.443	1.595	-1.317	-3.868	0.02	24.71	55030	2018-03-21 18:15:00
2018-03-21 18:20:00	55031	5.8	200.707	19.76	1.35	-1.462	-3.872	0.06	13.35	55036	2018-03-21 18:45:00
2018-03-21 21:35:00	55070	5.83	179.211	21.556	1.742	0.047	-3.498	0.04	18.90	55075	2018-03-21 22:00:00
2018-03-22 01:40:00	55117	6.27	162.139	23.245	2.225	0.653	-2.1	0.07	29.12	55122	2018-03-22 02:05:00
2018-03-22 02:10:00	55123	6.32	163.693	23.413	1.697	0.727	-2.333	0.06	29.51	55128	2018-03-22 02:35:00
2018-03-22 04:00:00	55145	6.12	223.695	23.958	2.383	-1.48	-1.548	0.02	20.46	55150	2018-03-22 04:25:00
2018-03-23 19:55:00	55623	6.18	190.662	7.502	-6.26	-0.662	-3.588	0.07	28.91	55628	2018-03-23 20:20:00
2018-03-24 20:25:00	55917	5.02	224.324	22.955	2.683	-4.968	-5.128	0.07	20.86	55922	2018-03-24 20:50:00
2018-03-24 23:05:00	55949	6.37	195.154	23.827	1.66	-1.307	-4.84	0.03	18.21	55954	2018-03-24 23:30:00
2018-03-24 23:35:00	55955	6.2	221.651	23.965	2.452	-2.848	-3.202	0.06	25.30	55960	2018-03-25 00:00:00
2018-03-27 10:50:00	56662	6.67	207.017	20.533	-2.563	-1.3	-2.442	0.10	22.24	56667	2018-03-27 11:15:00
2018-03-29 07:35:00	57134	6.63	162.044	12.5	0.352	0.925	-2.825	0.09	20.53	57139	2018-03-29 08:00:00
2018-03-30 02:35:00	57362	6.27	146.433	18.007	-2.092	1.682	-2.485	0.07	20.52	57367	2018-03-30 03:00:00
2018-03-30 03:15:00	57370	6.35	151.031	18.493	-2.257	1.403	-2.55	0.08	12.73	57375	2018-03-30 03:40:00
2018-03-31 13:45:00	57784	6.73	143.993	22.306	-2.822	0.903	-1.305	0.02	27.11	57789	2018-03-31 14:10:00
2018-03-31 16:20:00	57815	6.67	143.493	21.084	-1.915	1.87	-2.525	0.09	16.38	57820	2018-03-31 16:45:00
2018-04-04 10:25:00	58876	6.13	153.49	10.818	-2.845	1.347	-2.703	0.05	27.34	58881	2018-04-04 10:50:00
2018-04-04 11:50:00	58893	6.45	167.918	12.577	-1.42	0.65	-3.058	0.03	22.48	58898	2018-04-04 12:15:00
2018-04-04 18:15:00	58967	6.55	153.129	18.438	1.657	1.208	-2.293	0.07	19.09	58972	2018-04-04 18:40:00
2018-04-08 19:55:00	60075	6.53	163.366	23.922	-1.005	0.93	-3.1	0.08	19.41	60080	2018-04-08 20:20:00
2018-04-08 20:25:00	60081	6.6	151.682	23.781	-0.715	1.545	-2.792	0.05	24.29	60086	2018-04-08 20:50:00
2018-04-08 21:00:00	60088	6.25	166.474	23.607	-0.572	0.943	-3.9	0.07	29.13	60093	2018-04-08 21:25:00
2018-04-09 16:15:00	60292	5.5	204.478	9.407	4.435	-1.653	-3.665	0.05	20.33	60297	2018-04-09 16:40:00
2018-04-10 20:45:00	60619	6.62	182.077	23.854	2.703	-0.108	-3.405	0.08	29.07	60624	2018-04-10 21:10:00
2018-04-12 19:25:00	61179	6.12	151.692	8.104	4.095	0.958	-1.708	0.07	29.76	61184	2018-04-12 19:50:00
2018-04-12 19:55:00	61185	6.13	161.985	8.895	3.913	0.543	-1.622	0.04	29.51	61190	2018-04-12 20:20:00
2018-04-12 22:20:00	61214	6.38	192.979	12.165	2.945	-0.537	-2.173	0.08	28.76	61219	2018-04-12 22:45:00
2018-04-13 00:45:00	61243	6.07	185.647	14.787	2.377	-0.403	-4.135	0.08	9.42	61248	2018-04-13 01:10:00
2018-04-13 01:20:00	61250	6.17	203.356	15.347	1.843	-1.685	-3.842	0.06	28.33	61255	2018-04-13 01:45:00
2018-04-13 01:50:00	61256	5.9	215.174	15.808	1.712	-2.633	-3.758	0.05	23.52	61261	2018-04-13 02:15:00
2018-04-13 10:00:00	61347	6.38	209.43	21.386	3.072	-1.28	-2.265	0.04	9.89	61352	2018-04-13 10:25:00
2018-04-14 15:55:00	61633	5.78	202.072	22.173	-1.107	-1.445	-3.562	0.03	19.23	61638	2018-04-14 16:20:00
2018-04-14 17:30:00	61652	5.95	217.041	21.437	0.773	-1.888	-2.46	0.03	26.24	61657	2018-04-14 17:55:00
2018-04-14 21:00:00	61694	6.48	160.3	19.457	0.09	1.062	-2.993	0.08	27.21	61699	2018-04-14 21:25:00
2018-04-14 22:50:00	61715	5.7	194.008	18.201	2.597	-0.615	-2.503	0.06	17.86	61720	2018-04-14 23:15:00
2018-04-14 23:45:00	61726	5.55	201.95	17.508	3.74	-0.767	-1.923	0.07	18.07	61731	2018-04-15 00:10:00
2018-04-15 00:20:00	61733	6.13	211.577	17.043	1.355	-1.678	-2.743	0.03	10.55	61738	2018-04-15 00:45:00
2018-04-15 00:50:00	61739	6.23	212.108	16.629	-0.233	-1.962	-3.135	0.06	8.41	61744	2018-04-15 01:15:00
2018-04-15 01:20:00	61745	6.08	214.336	16.199	1.107	-1.845	-2.7	0.06	12.83	61750	2018-04-15 01:45:00
2018-04-15 02:00:00	61753	5.83	222.543	15.601	2.617	-1.925	-1.997	0.05	28.76	61758	2018-04-15 02:25:00
2018-04-15 02:55:00	61764	5.47	219.577	14.727	4.195	-1.372	-1.625	0.08	26.51	61769	2018-04-15 03:20:00
2018-04-15 04:15:00	61780	5.27	180.659	13.34	4.103	-0.033	-2.62	0.09	8.35	61785	2018-04-15 04:40:00
2018-04-15 20:40:00	61938	5.57	215.811	15.17	0.937	-1.67	-2.317	0.06	3.33	61943	2018-04-15 21:05:00
2018-04-15 21:15:00	61945	5.67	210.647	15.714	-0.245	-1.65	-2.787	0.07	7.93	61950	2018-04-15 21:40:00
2018-04-15 21:45:00	61951	5.77	214.228	16.161	0.378	-1.703	-2.5	0.09	10.40	61956	2018-04-15 22:10:00
2018-04-15 22:30:00	61960	5.8	224.116	16.802	-0.072	-2.292	-2.363	0.06	15.32	61965	2018-04-15 22:55:00
2018-04-15 23:20:00	61970	5.38	202.603	17.474	2.282	-1.29	-3.032	0.08	10.48	61975	2018-04-15 23:45:00
2018-04-15 23:50:00	61976	5.43	209.615	17.859	1.59	-1.957	-3.432	0.09	10.86	61981	2018-04-16 00:15:00
2018-04-16 00:20:00	61982	5.43	213.281	18.23	2.34	-1.817	-2.747	0.10	18.22	61987	2018-04-16 00:45:00
2018-04-17 12:10:00	62366	6.2	162.475	21.855	1.942	0.685	-2.212	0.08	27.17	62371	2018-04-17 12:35:00
2018-04-17 12:40:00	62372	6.22	173.809	21.619	2.07	0.232	-2.145	0.10	17.24	62377	2018-04-17 13:05:00
2018-04-17 15:05:00	62401	5.85	223.067	20.343	1.548	-1.557	-1.597	0.07	24.99	62406	2018-04-17 15:30:00
2018-04-18 15:15:00	62691	5.02	208.255	14.244	3.642	-2.238	-4.133	0.09	28.65	62696	2018-04-18 15:40:00
2018-04-18 15:45:00	62697	5.2	206.203	14.747	3.127	-2.175	-4.42	0.03	5.12	62702	2018-04-18 16:10:00
2018-04-18 16:15:00	62703	5.02	220.195	15.23	2.733	-3.34	-3.913	0.05	26.29	62708	2018-04-18 16:40:00
2018-04-20 17:45:00	63291	5.15	194.725	15.025	7.927	-1.37	-5.387	0.05	26.89	63296	2018-04-20 18:10:00
2018-04-22 23:40:00	63860	6.58	202.244	23.341	1.938	-1.125	-2.755	0.03	12.88	63865	2018-04-23 00:05:00
2018-04-23 14:50:00	64042	5.88	218.25	13.528	0.942	-2.712	-3.448	0.03	10.49	64047	2018-04-23 15:15:00
2018-04-23 15:55:00	64055	6.32	199.392	12.298	-1.163	-1.323	-3.713	0.07	13.32	64060	2018-04-23 16:20:00
2018-04-23 16:25:00	64061	6.63	198.04	11.689	-2.263	-1.063	-3.277	0.05	14.68	64066	2018-04-23 16:50:00
2018-04-23 17:25:00	64073	6.35	176.075	10.383	-3.618	0.197	-2.693	0.04	22.10	64078	2018-04-23 17:50:00
2018-04-23 17:55:00	64079	6.48	187.348	9.678	-3.572	-0.338	-2.595	0.05	22.77	64084	2018-04-23 18:20:00
2018-04-24 11:30:00	64289	5.0	217.104	18.558	3.215	-1.328	-1.812	0.03	27.74	64294	2018-04-24 11:55:00
2018-04-24 12:00:00	64295	6.02	179.368	18.905	1.713	0.037	-3.073	0.04	9.97	64300	2018-04-24 12:25:00
2018-04-25 22:30:00	64708	5.67	196.009	22.073	1.497	-0.907	-3.143	0.04	14.68	64713	2018-04-25 22:55:00
2018-04-25 23:15:00	64717	5.5	137.483	21.729	2.493	2.268	-2.487	0.04	15.88	64722	2018-04-25 23:40:00
2018-04-26 22:20:00	64994	5.82	183.489	9.763	-2.083	-0.232	-3.855	0.02	12.81	64999	2018-04-26 22:45:00
2018-04-29 16:35:00	65677	6.53	135.072	7.772	2.115	2.328	-2.325	0.04	14.28	65682	2018-04-29 17:00:00
2018-05-06 03:35:00	67533	6.82	204.307	23.499	4.312	-1.237	-2.828	0.06	13.42	67538	2018-05-06 04:00:00
2018-05-07 04:35:00	67777	6.58	216.222	22.211	2.508	-2.887	-3.942	0.05	22.08	67782	2018-05-07 05:00:00
2018-05-10 16:35:00	68756	6.97	179.014	7.865	-0.427	0.042	-3.53	0.08	24.36	68761	2018-05-10 17:00:00
2018-05-11 03:05:00	68834	6.7	201.517	13.342	1.86	-1.377	-3.528	0.04	18.47	68839	2018-05-11 03:30:00
2018-05-11 03:35:00	68840	6.58	199.436	13.881	2.77	-1.17	-3.302	0.04	7.88	68845	2018-05-11 04:00:00
2018-05-11 04:05:00	68846	6.55	203.485	14.398	2.222	-1.572	-3.602	0.01	6.38	68851	2018-05-11 04:30:00
2018-05-11 04:40:00	68853	6.4	211.715	14.977	1.652	-2.453	-3.925	0.10	12.42	68858	2018-05-11 05:05:00
2018-05-11 06:25:00	68874	6.02	214.835	16.567	0.54	-3.802	-5.457	0.05	9.08	68879	2018-05-11 06:50:00
2018-05-13 21:40:00	69633	6.4	212.752	12.278	-3.298	-1.447	-2.262	0.08	16.79	69638	2018-05-13 22:05:00
2018-05-14 08:45:00	69764	6.9	215.841	21.155	0.1	-1.785	-2.465	0.02	18.28	69769	2018-05-14 09:10:00
2018-05-14 09:15:00	69770	6.9	218.304	21.41	-0.135	-2.062	-2.607	0.06	8.67	69775	2018-05-14 09:40:00
2018-05-14 09:45:00	69776	6.93	219.493	21.655	-0.375	-1.898	-2.278	0.06	12.52	69781	2018-05-14 10:10:00
2018-05-14 10:15:00	69782	6.83	223.239	21.89	-0.427	-2.343	-2.492	0.03	5.66	69787	2018-05-14 10:40:00
2018-05-14 11:40:00	69799	6.6	221.376	22.508	1.503	-1.755	-2.0	0.02	12.04	69804	2018-05-14 12:05:00
2018-05-16 15:55:00	70424	6.07	136.149	10.643	4.227	1.857	-1.927	0.04	15.69	70429	2018-05-16 16:20:00
2018-05-16 17:10:00	70439	5.82	179.343	12.231	4.347	0.015	-2.905	0.07	18.88	70444	2018-05-16 17:35:00
2018-05-16 18:55:00	70460	5.15	213.602	14.178	4.14	-2.243	-3.435	0.10	22.64	70465	2018-05-16 19:20:00
2018-05-16 19:30:00	70467	5.43	196.176	14.768	3.975	-1.09	-3.758	0.07	27.06	70472	2018-05-16 19:55:00
2018-05-17 01:30:00	70539	5.7	166.163	19.556	5.837	1.067	-4.252	0.02	17.26	70544	2018-05-17 01:55:00
2018-05-19 12:00:00	71138	6.13	224.737	11.271	1.977	-1.935	-1.962	0.02	13.32	71143	2018-05-19 12:25:00
2018-05-19 14:55:00	71173	6.48	207.102	14.582	2.345	-0.995	-1.94	0.06	6.45	71178	2018-05-19 15:20:00
2018-05-21 21:55:00	71774	5.7	186.458	9.429	2.372	-0.323	-2.863	0.05	18.67	71779	2018-05-21 22:20:00
2018-05-22 05:10:00	71861	5.3	171.61	7.644	3.418	0.465	-3.135	0.09	8.19	71866	2018-05-22 05:35:00
2018-05-22 05:40:00	71867	5.55	184.674	8.469	2.81	-0.247	-3.36	0.08	28.85	71872	2018-05-22 06:05:00
2018-05-22 06:20:00	71875	5.53	165.058	9.491	2.557	0.927	-3.458	0.09	12.22	71880	2018-05-22 06:45:00
2018-05-22 08:00:00	71895	5.87	200.744	11.745	1.83	-1.093	-3.068	0.08	28.78	71900	2018-05-22 08:25:00
2018-05-22 09:50:00	71917	5.07	170.731	13.851	3.91	0.455	-2.708	0.02	24.08	71922	2018-05-22 10:15:00
2018-05-22 10:25:00	71924	5.23	220.826	14.456	3.13	-2.175	-2.457	0.06	26.86	71929	2018-05-22 10:50:00
2018-05-25 00:45:00	72607	6.78	173.399	7.64	-2.692	0.193	-1.672	0.09	23.41	72612	2018-05-25 01:10:00
2018-05-25 13:15:00	72757	6.47	140.446	20.135	-0.595	2.025	-2.473	0.05	22.14	72762	2018-05-25 13:40:00
2018-05-27 09:15:00	73285	6.12	143.495	16.977	1.058	2.088	-2.807	0.06	26.72	73290	2018-05-27 09:40:00
2018-05-27 10:25:00	73299	5.82	148.171	16.51	0.56	2.24	-3.615	0.03	8.40	73304	2018-05-27 10:50:00
2018-05-28 11:50:00	73604	5.72	143.443	21.768	-1.448	2.422	-3.253	0.10	16.33	73609	2018-05-28 12:15:00
