Start_str	Start_ind	Mgs#_avg	Clang_avg	Rmag_avg	Bx_avg(nT)	By_avg(nT)	Bz_avg(nT)	Bdeviat	Dtheta	End_ind	End_str
2016-09-01 00:55:00	11	5.87	143.253	11.73	-1.872	3.335	-4.408	0.04	26.12	16	2016-09-01 01:20:00
2016-09-01 04:35:00	55	5.32	144.672	10.006	-2.09	4.83	-6.798	0.02	21.55	60	2016-09-01 05:00:00
2016-09-01 05:45:00	69	5.8	140.358	9.052	1.728	5.458	-6.65	0.02	27.12	74	2016-09-01 06:10:00
2016-09-01 06:30:00	78	5.52	176.24	8.309	3.153	0.522	-7.713	0.07	26.29	83	2016-09-01 06:55:00
2016-09-01 19:45:00	228	5.9	167.962	11.48	1.19	1.295	-6.375	0.04	22.01	233	2016-09-01 20:10:00
2016-09-05 18:40:00	1173	6.38	150.629	11.248	0.607	2.605	-4.608	0.05	18.72	1178	2016-09-05 19:05:00
2016-09-06 02:40:00	1269	6.57	153.677	10.831	0.218	1.602	-3.28	0.09	11.98	1274	2016-09-06 03:05:00
2016-09-06 05:55:00	1308	6.08	171.294	8.293	3.382	0.673	-4.33	0.08	15.52	1313	2016-09-06 06:20:00
2016-09-06 22:30:00	1478	6.6	148.063	11.971	2.76	1.768	-2.752	0.08	18.23	1483	2016-09-06 22:55:00
2016-09-08 04:05:00	1792	6.57	210.44	9.76	3.53	-2.322	-4.03	0.08	26.75	1797	2016-09-08 04:30:00
2016-09-08 06:15:00	1818	6.12	139.732	7.653	-1.797	2.713	-3.127	0.07	17.79	1823	2016-09-08 06:40:00
2016-09-08 14:40:00	1919	6.63	206.51	8.785	-0.557	-1.963	-3.928	0.03	26.13	1924	2016-09-08 15:05:00
2016-09-14 04:20:00	3503	5.55	214.545	8.955	-0.675	-2.748	-3.997	0.05	17.62	3508	2016-09-14 04:45:00
2016-09-14 05:20:00	3515	5.52	221.66	7.918	-0.41	-2.857	-3.21	0.05	3.71	3520	2016-09-14 05:45:00
2016-09-14 12:45:00	3604	5.55	200.915	7.427	-1.42	-2.153	-5.65	0.07	13.39	3609	2016-09-14 13:10:00
2016-09-14 15:10:00	3633	5.03	169.606	9.808	-4.955	0.787	-4.613	0.06	14.90	3638	2016-09-14 15:35:00
2016-09-14 15:40:00	3639	5.15	166.397	10.17	-5.805	0.753	-3.02	0.01	8.24	3644	2016-09-14 16:05:00
2016-09-14 16:10:00	3645	5.2	165.088	10.495	-5.783	0.727	-2.617	0.08	10.59	3650	2016-09-14 16:35:00
2016-09-14 16:40:00	3651	5.18	175.14	10.784	-4.98	0.353	-4.727	0.01	16.06	3656	2016-09-14 17:05:00
2016-09-14 18:00:00	3667	5.05	173.891	11.393	-4.96	0.448	-4.213	0.04	22.02	3672	2016-09-14 18:25:00
2016-09-18 15:15:00	4786	5.68	153.513	10.209	-0.665	2.312	-4.638	0.07	11.22	4791	2016-09-18 15:40:00
2016-09-18 16:30:00	4801	5.58	157.472	10.944	2.535	1.64	-4.0	0.06	24.74	4806	2016-09-18 16:55:00
2016-09-25 00:10:00	6519	5.9	219.707	10.98	0.472	-4.178	-5.063	0.05	22.55	6524	2016-09-25 00:35:00
2016-09-25 00:40:00	6525	5.92	222.296	10.716	0.392	-4.663	-5.14	0.05	16.89	6530	2016-09-25 01:05:00
2016-09-25 01:25:00	6534	5.75	188.926	10.256	0.872	-1.028	-6.737	0.09	27.52	6539	2016-09-25 01:50:00
2016-09-25 02:05:00	6542	6.07	211.787	9.776	1.085	-3.112	-4.997	0.06	29.95	6547	2016-09-25 02:30:00
2016-09-25 02:35:00	6548	6.0	194.627	9.37	1.185	-1.48	-5.72	0.03	14.25	6553	2016-09-25 03:00:00
2016-09-25 19:40:00	6753	5.22	149.059	11.974	-5.228	3.312	-5.403	0.04	27.95	6758	2016-09-25 20:05:00
2016-09-26 04:25:00	6858	5.17	167.305	7.334	-5.512	1.018	-4.738	0.10	23.92	6863	2016-09-26 04:50:00
2016-09-27 00:05:00	7094	5.65	150.655	10.903	-1.823	3.777	-6.807	0.02	28.35	7099	2016-09-27 00:30:00
2016-09-27 11:25:00	7224	5.33	193.035	7.653	-5.27	-1.12	-5.072	0.04	20.32	7229	2016-09-27 11:50:00
2016-09-27 14:30:00	7261	5.97	174.601	10.402	-2.938	0.562	-5.792	0.06	9.79	7266	2016-09-27 14:55:00
2016-10-03 15:40:00	9003	6.37	156.213	11.352	-2.482	1.468	-3.345	0.08	29.78	9008	2016-10-03 16:05:00
2016-10-04 01:05:00	9116	6.2	166.241	9.728	0.937	1.342	-5.487	0.07	26.01	9121	2016-10-04 01:30:00
2016-10-04 01:40:00	9123	6.35	153.692	9.244	3.133	2.048	-4.032	0.09	16.27	9128	2016-10-04 02:05:00
2016-10-04 02:50:00	9137	5.95	165.554	8.089	0.203	1.225	-4.77	0.06	28.25	9142	2016-10-04 03:15:00
2016-10-04 18:15:00	9322	6.15	145.195	11.957	-4.335	2.707	-3.818	0.04	28.98	9327	2016-10-04 18:40:00
2016-10-05 03:20:00	9431	6.9	139.448	7.363	-2.143	2.068	-2.487	0.04	22.40	9436	2016-10-05 03:45:00
2016-10-05 12:10:00	9537	7.0	222.511	9.375	-2.687	-1.812	-1.978	0.07	17.30	9542	2016-10-05 12:35:00
2016-10-05 12:45:00	9544	6.88	164.338	9.844	-2.757	0.748	-2.482	0.08	29.10	9549	2016-10-05 13:10:00
2016-10-07 14:35:00	10129	5.8	196.26	11.094	-3.812	-0.927	-3.115	0.07	25.07	10134	2016-10-07 15:00:00
2016-10-08 16:50:00	10444	6.1	136.067	11.844	-2.942	1.73	-1.895	0.03	22.84	10449	2016-10-08 17:15:00
2016-10-08 17:50:00	10456	6.12	215.93	11.963	-2.512	-1.723	-2.09	0.02	27.70	10461	2016-10-08 18:15:00
2016-10-08 20:25:00	10487	5.85	137.279	11.745	-3.763	1.188	-1.295	0.04	11.61	10492	2016-10-08 20:50:00
2016-10-08 20:55:00	10493	5.62	145.949	11.614	-3.942	1.017	-1.49	0.07	20.27	10498	2016-10-08 21:20:00
2016-10-08 22:40:00	10514	5.78	172.286	10.914	-2.883	0.38	-3.015	0.04	15.45	10519	2016-10-08 23:05:00
2016-10-08 23:30:00	10524	6.25	169.18	10.441	-1.593	0.613	-3.282	0.06	20.81	10529	2016-10-08 23:55:00
2016-10-09 09:30:00	10644	5.65	165.598	7.007	-2.113	0.985	-3.91	0.04	26.41	10649	2016-10-09 09:55:00
2016-10-09 10:10:00	10652	5.32	135.277	7.835	-2.82	2.762	-2.818	0.01	29.90	10657	2016-10-09 10:35:00
2016-10-09 10:40:00	10658	5.17	149.227	8.387	-3.128	1.847	-3.122	0.03	19.15	10663	2016-10-09 11:05:00
2016-10-09 13:00:00	10686	5.0	141.965	10.343	-3.823	2.173	-2.657	0.02	19.44	10691	2016-10-09 13:25:00
2016-10-10 16:05:00	11007	6.47	224.815	11.735	1.633	-3.587	-3.593	0.08	28.46	11012	2016-10-10 16:30:00
2016-10-12 21:25:00	11645	6.15	211.661	11.272	3.113	-0.373	-0.607	0.07	28.47	11650	2016-10-12 21:50:00
2016-10-23 23:15:00	14816	5.88	176.279	9.334	-2.513	0.318	-4.943	0.03	17.88	14821	2016-10-23 23:40:00
2016-10-24 12:30:00	14946	5.82	161.309	11.044	0.398	2.068	-6.122	0.06	28.02	14951	2016-10-24 12:55:00
2016-10-24 14:05:00	14964	5.43	151.237	11.642	-1.222	3.478	-6.445	0.07	19.12	14969	2016-10-24 14:30:00
2016-10-24 18:25:00	15009	5.9	144.31	11.777	-4.833	1.542	-2.142	0.02	23.62	15014	2016-10-24 18:50:00
2016-10-24 18:55:00	15015	5.95	136.37	11.654	-4.017	2.475	-2.592	0.04	16.22	15020	2016-10-24 19:20:00
2016-10-24 19:25:00	15021	6.05	141.161	11.501	-2.7	2.737	-3.398	0.06	5.44	15026	2016-10-24 19:50:00
2016-10-24 20:55:00	15039	6.57	187.018	10.857	2.458	-0.382	-3.222	0.03	24.04	15044	2016-10-24 21:20:00
2016-10-24 21:40:00	15048	6.45	153.029	10.423	2.082	1.647	-3.188	0.05	25.60	15053	2016-10-24 22:05:00
2016-10-24 23:05:00	15065	6.1	156.129	9.376	0.952	2.04	-4.65	0.06	21.96	15070	2016-10-24 23:30:00
2016-10-27 10:55:00	15737	6.88	136.517	10.354	-2.217	2.278	-2.38	0.02	27.01	15742	2016-10-27 11:20:00
2016-10-27 11:25:00	15743	6.82	163.985	10.659	-2.402	1.005	-3.498	0.03	25.30	15748	2016-10-27 11:50:00
2016-10-27 14:40:00	15782	6.78	152.033	11.852	-2.047	1.965	-3.597	0.06	19.29	15787	2016-10-27 15:05:00
2016-10-27 15:10:00	15788	6.95	162.617	11.923	-0.805	1.613	-5.157	0.04	9.14	15793	2016-10-27 15:35:00
2016-10-27 21:25:00	15863	6.18	192.614	10.356	-3.877	-0.725	-3.408	0.02	25.44	15868	2016-10-27 21:50:00
2016-10-28 20:35:00	16140	5.8	148.854	10.782	-5.683	2.035	-3.363	0.04	11.49	16145	2016-10-28 21:00:00
2016-10-28 21:50:00	16155	6.4	135.252	9.989	-4.64	3.887	-3.883	0.04	23.01	16160	2016-10-28 22:15:00
2016-10-28 22:55:00	16168	6.03	151.004	9.106	-5.648	2.248	-3.953	0.06	25.20	16173	2016-10-28 23:20:00
2016-10-29 12:25:00	16329	5.77	141.843	11.27	-5.268	3.143	-4.122	0.02	29.46	16334	2016-10-29 12:50:00
2016-10-30 11:20:00	16604	6.0	163.51	10.813	-3.498	1.24	-4.223	0.03	15.04	16609	2016-10-30 11:45:00
2016-10-30 16:20:00	16664	6.63	185.195	11.967	-2.427	-0.31	-3.175	0.07	19.05	16669	2016-10-30 16:45:00
2016-10-30 18:45:00	16693	6.6	204.35	11.489	-3.783	-0.833	-1.923	0.05	16.06	16698	2016-10-30 19:10:00
2016-10-31 07:55:00	16851	6.75	139.274	8.202	-2.337	1.748	-2.083	0.03	24.78	16856	2016-10-31 08:20:00
2016-10-31 08:25:00	16857	6.58	154.201	8.72	-3.01	0.898	-1.83	0.03	24.89	16862	2016-10-31 08:50:00
2016-11-01 08:10:00	17139	6.43	203.097	8.588	3.862	-0.535	-1.255	0.07	8.34	17144	2016-11-01 08:35:00
2016-11-01 10:45:00	17170	6.97	150.564	10.62	3.14	1.768	-3.063	0.04	26.22	17175	2016-11-01 11:10:00
2016-11-01 11:35:00	17180	6.55	157.735	11.061	2.135	1.838	-4.455	0.05	9.98	17185	2016-11-01 12:00:00
2016-11-01 12:05:00	17186	6.42	150.532	11.282	1.873	2.457	-4.332	0.01	10.00	17191	2016-11-01 12:30:00
2016-11-01 13:15:00	17200	5.62	137.004	11.677	-4.355	3.193	-3.433	0.07	11.70	17205	2016-11-01 13:40:00
2016-11-03 06:45:00	17634	5.67	154.604	7.237	-3.617	2.068	-4.263	0.07	22.71	17639	2016-11-03 07:10:00
2016-11-03 07:15:00	17640	5.47	167.002	7.847	-3.787	1.16	-5.087	0.08	19.52	17645	2016-11-03 07:40:00
2016-11-03 07:45:00	17646	5.52	162.931	8.399	-2.78	1.735	-5.68	0.09	11.36	17651	2016-11-03 08:10:00
2016-11-03 08:15:00	17652	5.5	168.443	8.899	-2.422	1.292	-6.237	0.02	22.75	17657	2016-11-03 08:40:00
2016-11-03 09:10:00	17663	5.33	162.235	9.695	-4.448	1.638	-5.11	0.02	6.73	17668	2016-11-03 09:35:00
2016-11-03 09:40:00	17669	5.4	165.365	10.071	-4.492	1.293	-4.938	0.04	8.82	17674	2016-11-03 10:05:00
2016-11-03 10:10:00	17675	5.43	162.43	10.407	-4.383	1.425	-4.503	0.02	11.73	17680	2016-11-03 10:35:00
2016-11-03 10:40:00	17681	5.52	168.964	10.708	-4.207	0.805	-4.273	0.05	16.19	17686	2016-11-03 11:05:00
2016-11-03 11:10:00	17687	5.53	174.97	10.974	-3.732	0.413	-4.877	0.02	9.00	17692	2016-11-03 11:35:00
2016-11-03 11:40:00	17693	5.32	169.775	11.207	-4.885	0.677	-3.832	0.08	8.56	17698	2016-11-03 12:05:00
2016-11-03 12:10:00	17699	5.12	159.677	11.407	-5.622	1.138	-3.132	0.05	10.45	17704	2016-11-03 12:35:00
2016-11-03 12:40:00	17705	5.2	155.937	11.578	-5.257	1.322	-2.982	0.04	15.27	17710	2016-11-03 13:05:00
2016-11-03 13:10:00	17711	5.37	158.16	11.718	-4.805	1.288	-3.23	0.03	8.32	17716	2016-11-03 13:35:00
2016-11-03 13:40:00	17717	5.37	163.337	11.828	-4.843	1.008	-3.297	0.03	15.14	17722	2016-11-03 14:05:00
2016-11-03 14:10:00	17723	5.15	174.314	11.91	-5.273	0.302	-3.018	0.03	5.98	17728	2016-11-03 14:35:00
2016-11-03 14:40:00	17729	5.4	165.062	11.963	-4.535	0.957	-3.505	0.04	9.44	17734	2016-11-03 15:05:00
2016-11-03 15:10:00	17735	5.6	159.117	11.987	-3.942	1.508	-3.953	0.01	6.06	17740	2016-11-03 15:35:00
2016-11-03 15:40:00	17741	5.48	161.546	11.983	-4.047	1.308	-3.923	0.05	4.75	17746	2016-11-03 16:05:00
2016-11-03 16:10:00	17747	5.43	161.232	11.951	-4.218	1.317	-3.872	0.01	2.06	17752	2016-11-03 16:35:00
2016-11-03 16:40:00	17753	5.4	162.66	11.891	-3.643	1.398	-4.503	0.03	7.63	17758	2016-11-03 17:05:00
2016-11-03 18:50:00	17775	5.35	173.609	11.291	-4.922	0.49	-4.682	0.05	25.76	17780	2016-11-03 19:15:00
2016-11-06 09:30:00	18497	6.08	151.989	10.193	-1.927	1.082	-2.125	0.03	24.54	18502	2016-11-06 09:55:00
2016-11-06 19:00:00	18611	6.12	194.516	11.067	-2.845	-0.468	-1.793	0.01	17.24	18616	2016-11-06 19:25:00
2016-11-06 20:50:00	18631	6.15	212.741	9.968	-2.21	-1.157	-1.862	0.09	25.55	18636	2016-11-06 21:15:00
2016-11-06 21:45:00	18642	6.37	200.256	9.228	-0.802	-0.832	-2.238	0.06	13.84	18647	2016-11-06 22:10:00
2016-11-06 23:45:00	18666	5.93	203.067	7.051	-2.852	-1.177	-2.737	0.07	13.64	18671	2016-11-07 00:10:00
2016-11-08 10:25:00	19078	5.37	216.016	10.882	0.348	-2.352	-3.23	0.08	25.51	19083	2016-11-08 10:50:00
2016-11-08 11:35:00	19092	5.42	150.008	11.402	1.68	1.973	-3.363	0.06	24.89	19097	2016-11-08 12:00:00
2016-11-09 12:55:00	19386	5.75	209.458	11.814	-4.418	-2.017	-3.573	0.06	4.71	19391	2016-11-09 13:20:00
2016-11-09 13:25:00	19392	5.63	224.321	11.899	-4.502	-3.277	-3.307	0.08	20.82	19397	2016-11-09 13:50:00
2016-11-10 13:35:00	19632	5.15	165.164	11.935	-0.678	2.73	-10.192	0.08	28.74	19637	2016-11-10 14:00:00
2016-11-10 14:05:00	19638	5.0	173.144	11.975	1.023	1.34	-10.792	0.09	17.14	19643	2016-11-10 14:30:00
2016-11-10 22:40:00	19741	5.45	151.121	7.811	-0.19	4.012	-7.257	0.02	23.52	19746	2016-11-10 23:05:00
2016-11-17 19:35:00	21522	6.12	168.652	9.949	3.38	0.247	-1.123	0.02	26.91	21527	2016-11-17 20:00:00
2016-11-18 15:35:00	21762	5.5	214.442	11.774	3.03	-1.515	-2.252	0.04	13.10	21767	2016-11-18 16:00:00
2016-11-18 16:35:00	21774	5.82	196.187	11.489	2.525	-0.752	-2.683	0.06	20.17	21779	2016-11-18 17:00:00
2016-11-20 21:00:00	22384	5.85	136.452	8.381	-3.018	2.502	-2.595	0.03	17.32	22389	2016-11-20 21:25:00
2016-11-22 20:25:00	22935	5.3	139.489	8.736	2.218	5.977	-6.972	0.04	19.08	22940	2016-11-22 20:50:00
2016-11-23 07:00:00	23062	6.58	167.461	9.82	-3.678	0.628	-2.848	0.10	12.00	23067	2016-11-23 07:25:00
2016-11-23 07:30:00	23068	6.78	174.042	10.183	-3.815	0.223	-2.233	0.06	8.45	23073	2016-11-23 07:55:00
2016-11-23 08:00:00	23074	6.7	169.114	10.508	-3.568	0.482	-2.605	0.04	12.64	23079	2016-11-23 08:25:00
2016-11-23 08:30:00	23080	6.62	166.462	10.798	-4.425	0.472	-1.768	0.05	16.11	23085	2016-11-23 08:55:00
2016-11-23 09:00:00	23086	6.6	167.093	11.054	-4.393	0.402	-1.565	0.05	21.81	23091	2016-11-23 09:25:00
2016-11-23 10:15:00	23101	6.8	148.655	11.552	-3.533	1.158	-1.892	0.08	11.76	23106	2016-11-23 10:40:00
2016-11-23 11:15:00	23113	6.98	149.969	11.814	-2.635	1.275	-2.207	0.07	14.86	23118	2016-11-23 11:40:00
2016-11-23 12:55:00	23133	6.77	141.694	11.993	-3.692	1.187	-1.52	0.09	17.86	23138	2016-11-23 13:20:00
2016-11-23 15:15:00	23161	6.97	181.207	11.712	-2.495	-0.023	-1.737	0.07	18.01	23166	2016-11-23 15:40:00
2016-11-23 17:50:00	23192	6.68	141.194	10.641	2.727	1.175	-1.453	0.10	22.76	23197	2016-11-23 18:15:00
2016-11-24 05:40:00	23334	5.15	143.885	8.764	-5.313	3.513	-4.812	0.04	29.89	23339	2016-11-24 06:05:00
2016-11-24 10:30:00	23392	5.22	139.865	11.663	-4.93	4.812	-5.707	0.08	28.05	23397	2016-11-24 10:55:00
2016-11-24 13:20:00	23426	5.58	155.201	11.984	-6.273	2.805	-5.932	0.03	26.99	23431	2016-11-24 13:45:00
2016-11-24 13:50:00	23432	5.55	141.043	11.946	-6.008	4.06	-4.832	0.03	24.71	23437	2016-11-24 14:15:00
2016-11-26 08:30:00	23879	6.73	175.337	10.985	-4.333	0.147	-1.953	0.04	17.25	23884	2016-11-26 08:55:00
2016-11-26 12:30:00	23927	6.25	139.969	11.994	-4.075	1.912	-2.28	0.03	26.92	23932	2016-11-26 12:55:00
2016-11-30 11:40:00	25007	5.05	219.899	11.985	-5.13	-1.317	-1.567	0.04	29.98	25012	2016-11-30 12:05:00
2016-12-02 12:15:00	25534	5.5	155.544	12.0	-4.107	1.162	-2.512	0.03	28.01	25539	2016-12-02 12:40:00
2016-12-02 14:15:00	25558	5.87	135.575	11.71	-2.99	1.823	-1.89	0.08	28.53	25563	2016-12-02 14:40:00
2016-12-02 15:00:00	25567	6.18	157.22	11.481	-2.292	1.225	-2.918	0.04	7.33	25572	2016-12-02 15:25:00
2016-12-02 15:40:00	25575	6.23	145.985	11.22	-2.448	1.55	-2.34	0.05	15.46	25580	2016-12-02 16:05:00
2016-12-02 19:15:00	25617	6.4	146.058	8.75	-2.193	1.27	-1.83	0.05	19.97	25622	2016-12-02 19:40:00
2016-12-03 05:40:00	25742	6.1	142.964	9.695	-2.162	1.372	-1.78	0.05	24.41	25747	2016-12-03 06:05:00
2016-12-03 09:40:00	25790	5.88	168.625	11.727	-3.08	0.305	-1.427	0.03	25.00	25795	2016-12-03 10:05:00
2016-12-04 03:00:00	25998	6.5	176.619	7.046	1.63	0.06	-1.182	0.04	12.75	26003	2016-12-04 03:25:00
2016-12-04 05:15:00	26025	6.4	185.004	9.446	1.27	-0.127	-1.6	0.06	22.63	26030	2016-12-04 05:40:00
2016-12-04 05:45:00	26031	6.4	183.141	9.847	1.723	-0.075	-1.328	0.01	7.64	26036	2016-12-04 06:10:00
2016-12-04 08:10:00	26060	6.3	147.33	11.261	1.802	0.582	-0.907	0.08	11.25	26065	2016-12-04 08:35:00
2016-12-04 09:05:00	26071	6.2	169.271	11.595	1.268	0.332	-1.758	0.08	3.66	26076	2016-12-04 09:30:00
2016-12-04 09:35:00	26077	6.2	168.715	11.734	1.315	0.323	-1.625	0.08	3.94	26082	2016-12-04 10:00:00
2016-12-04 10:15:00	26085	6.2	164.072	11.874	1.763	0.36	-1.262	0.08	8.22	26090	2016-12-04 10:40:00
2016-12-04 11:00:00	26094	6.18	169.265	11.97	0.725	0.317	-1.67	0.05	2.37	26099	2016-12-04 11:25:00
2016-12-04 11:35:00	26101	6.15	172.729	12.001	0.577	0.197	-1.565	0.10	14.12	26106	2016-12-04 12:00:00
2016-12-04 12:25:00	26111	6.08	172.441	11.978	0.277	0.207	-1.542	0.08	15.81	26116	2016-12-04 12:50:00
2016-12-04 13:25:00	26123	6.0	147.969	11.846	-0.137	0.808	-1.33	0.06	29.94	26128	2016-12-04 13:50:00
2016-12-05 14:10:00	26420	6.43	198.805	11.636	-1.705	-0.913	-2.7	0.10	26.42	26425	2016-12-05 14:35:00
2016-12-07 06:40:00	26906	5.07	158.413	10.687	-1.477	2.073	-5.282	0.02	24.66	26911	2016-12-07 07:05:00
2016-12-07 08:25:00	26927	5.07	153.935	11.488	-2.155	2.56	-5.218	0.06	6.11	26932	2016-12-07 08:50:00
2016-12-07 09:05:00	26935	5.27	151.914	11.693	-2.367	2.488	-4.722	0.03	24.52	26940	2016-12-07 09:30:00
2016-12-07 09:35:00	26941	5.35	151.367	11.811	-1.818	2.582	-4.785	0.03	28.66	26946	2016-12-07 10:00:00
2016-12-07 18:35:00	27049	6.6	141.73	8.831	-5.718	3.995	-5.218	0.08	29.05	27054	2016-12-07 19:00:00
2016-12-14 10:40:00	28961	6.12	140.852	12.007	3.733	0.867	-1.09	0.08	25.52	28966	2016-12-14 11:05:00
2016-12-15 16:55:00	29324	6.35	193.408	9.502	2.622	-0.372	-1.715	0.09	24.00	29329	2016-12-15 17:20:00
2016-12-16 01:50:00	29431	6.25	141.672	7.346	3.373	0.778	-1.04	0.07	25.32	29436	2016-12-16 02:15:00
2016-12-17 15:35:00	29884	6.45	135.619	10.323	-4.423	1.925	-2.057	0.05	17.56	29889	2016-12-17 16:00:00
2016-12-18 05:45:00	30053	5.98	170.658	10.89	-3.745	0.787	-4.763	0.04	9.35	30058	2016-12-18 06:10:00
2016-12-18 06:15:00	30059	6.08	168.053	11.136	-2.288	1.012	-5.073	0.09	29.58	30064	2016-12-18 06:40:00
2016-12-18 06:45:00	30065	6.03	160.002	11.349	-3.977	1.565	-4.347	0.06	22.20	30070	2016-12-18 07:10:00
2016-12-18 13:25:00	30145	6.37	155.509	11.385	-2.765	1.125	-2.417	0.04	21.67	30150	2016-12-18 13:50:00
2016-12-18 16:20:00	30180	5.82	142.998	9.694	-2.443	2.355	-3.185	0.09	22.65	30185	2016-12-18 16:45:00
2016-12-19 15:40:00	30460	6.03	135.542	10.106	0.055	3.032	-3.118	0.06	27.47	30465	2016-12-19 16:05:00
2016-12-20 14:40:00	30682	5.35	135.352	10.672	2.778	3.998	-4.097	0.07	21.62	30687	2016-12-20 15:05:00
2016-12-20 15:10:00	30688	5.38	141.423	10.365	2.932	3.583	-4.468	0.03	14.31	30693	2016-12-20 15:35:00
2016-12-20 15:40:00	30694	5.47	153.95	10.021	4.28	2.075	-4.21	0.05	9.88	30699	2016-12-20 16:05:00
2016-12-21 14:10:00	30964	5.67	135.588	10.882	-7.947	3.42	-3.405	0.08	28.05	30969	2016-12-21 14:35:00
2016-12-22 01:00:00	31094	6.17	196.325	7.169	-2.638	-1.672	-5.703	0.06	20.85	31099	2016-12-22 01:25:00
2016-12-22 14:15:00	31252	6.03	205.665	10.774	-5.538	-1.49	-3.14	0.02	21.28	31257	2016-12-22 14:40:00
2016-12-23 02:35:00	31384	7.0	183.981	9.045	-4.873	-0.16	-2.008	0.04	22.36	31389	2016-12-23 03:00:00
2016-12-25 11:40:00	32058	6.82	186.694	11.689	-4.765	-0.318	-2.473	0.03	29.40	32063	2016-12-25 12:05:00
2016-12-29 00:15:00	33001	6.77	160.294	7.254	-1.797	1.09	-3.007	0.09	12.42	33006	2016-12-29 00:40:00
2016-12-29 01:45:00	33019	6.92	162.13	8.919	-2.822	0.462	-1.38	0.05	25.43	33024	2016-12-29 02:10:00
2016-12-29 09:30:00	33112	6.12	167.639	11.987	-3.47	0.453	-1.842	0.09	24.49	33117	2016-12-29 09:55:00
2016-12-29 10:55:00	33129	5.6	163.366	11.768	-4.312	0.618	-2.077	0.04	12.19	33134	2016-12-29 11:20:00
2016-12-29 12:55:00	33153	5.0	148.879	11.053	-4.208	1.598	-2.637	0.05	12.83	33158	2016-12-29 13:20:00
2016-12-29 13:25:00	33159	5.37	146.205	10.795	-3.548	1.872	-2.79	0.04	13.84	33164	2016-12-29 13:50:00
2016-12-29 13:55:00	33165	5.33	165.229	10.502	-3.518	0.9	-3.415	0.05	8.16	33170	2016-12-29 14:20:00
2016-12-29 14:25:00	33171	5.4	140.276	10.174	-2.925	2.633	-3.127	0.03	28.17	33176	2016-12-29 14:50:00
2016-12-29 14:55:00	33177	5.52	139.375	9.808	-2.163	2.915	-3.403	0.02	10.16	33182	2016-12-29 15:20:00
2016-12-29 16:00:00	33190	5.62	156.645	8.873	-2.83	1.468	-3.423	0.09	25.52	33195	2016-12-29 16:25:00
2016-12-31 10:35:00	33613	5.95	172.523	11.792	1.21	1.485	-11.35	0.10	10.57	33618	2016-12-31 11:00:00
2017-01-02 07:20:00	34132	6.95	186.263	11.943	-0.403	-0.398	-3.61	0.05	6.87	34137	2017-01-02 07:45:00
2017-01-02 07:50:00	34138	6.93	179.702	11.989	-0.922	0.017	-3.242	0.08	14.25	34143	2017-01-02 08:15:00
2017-01-02 10:20:00	34168	6.67	221.976	11.793	0.135	-2.598	-2.912	0.08	22.88	34173	2017-01-02 10:45:00
2017-01-02 11:40:00	34184	6.6	195.344	11.392	1.598	-1.127	-4.077	0.09	10.31	34189	2017-01-02 12:05:00
2017-01-02 13:30:00	34206	5.85	179.84	10.473	1.89	0.005	-5.448	0.05	10.18	34211	2017-01-02 13:55:00
2017-01-02 14:05:00	34213	6.2	142.782	10.084	0.77	2.827	-3.733	0.06	17.01	34218	2017-01-02 14:30:00
2017-01-03 09:35:00	34447	5.9	161.694	11.909	-6.062	2.467	-7.683	0.09	27.80	34452	2017-01-03 10:00:00
2017-01-13 00:00:00	36937	6.7	218.761	8.891	-3.402	-1.212	-1.497	0.04	27.18	36942	2017-01-13 00:25:00
2017-01-14 23:20:00	37443	6.6	175.451	8.45	2.203	0.253	-3.132	0.08	14.99	37448	2017-01-14 23:45:00
2017-01-15 08:25:00	37546	6.4	135.1	11.877	0.135	2.592	-2.598	0.07	7.87	37551	2017-01-15 08:50:00
2017-01-15 09:50:00	37563	6.28	208.392	11.514	-1.287	-1.51	-2.79	0.08	18.83	37568	2017-01-15 10:15:00
2017-01-15 10:55:00	37576	6.2	212.712	11.072	-1.785	-1.743	-2.638	0.08	21.24	37581	2017-01-15 11:20:00
2017-01-15 11:55:00	37588	6.2	214.651	10.529	-0.72	-2.285	-3.288	0.07	20.23	37593	2017-01-15 12:20:00
2017-01-15 12:25:00	37594	6.03	192.99	10.204	-1.3	-0.968	-4.198	0.03	6.88	37599	2017-01-15 12:50:00
2017-01-15 12:55:00	37600	6.05	186.341	9.842	-1.548	-0.45	-4.055	0.06	5.52	37605	2017-01-15 13:20:00
2017-01-15 13:25:00	37606	6.08	190.17	9.439	-1.868	-0.597	-3.373	0.03	19.99	37611	2017-01-15 13:50:00
2017-01-17 02:05:00	38041	6.48	151.235	10.778	-1.358	0.893	-1.653	0.09	28.85	38046	2017-01-17 02:30:00
2017-01-19 08:10:00	38686	6.4	142.169	11.834	-3.612	2.102	-2.68	0.03	22.84	38691	2017-01-19 08:35:00
2017-01-19 09:45:00	38705	6.95	174.468	11.373	-4.763	0.24	-2.45	0.02	5.23	38710	2017-01-19 10:10:00
2017-01-19 12:50:00	38742	6.75	137.019	9.536	-3.242	2.398	-2.565	0.03	12.73	38747	2017-01-19 13:15:00
2017-01-20 22:05:00	39141	6.77	163.769	7.836	-3.542	0.625	-2.135	0.09	15.83	39146	2017-01-20 22:30:00
2017-01-20 22:35:00	39147	6.87	179.107	8.391	-3.353	0.042	-2.615	0.04	8.19	39152	2017-01-20 23:00:00
2017-01-21 06:20:00	39239	6.77	140.015	12.004	-2.917	1.692	-2.003	0.06	19.69	39244	2017-01-21 06:45:00
2017-01-21 06:50:00	39245	6.78	143.136	11.983	-2.332	1.835	-2.408	0.06	21.38	39250	2017-01-21 07:15:00
2017-01-21 12:15:00	39310	6.98	212.426	9.817	-2.643	-1.35	-2.113	0.05	26.15	39315	2017-01-21 12:40:00
2017-01-22 01:30:00	39469	5.1	154.696	10.777	-5.562	2.225	-4.712	0.06	5.14	39474	2017-01-22 01:55:00
2017-01-22 11:05:00	39584	5.92	148.396	10.542	-4.45	1.483	-2.378	0.02	26.46	39589	2017-01-22 11:30:00
2017-01-22 11:35:00	39590	5.98	165.739	10.219	-4.475	0.643	-2.553	0.02	18.25	39595	2017-01-22 12:00:00
2017-01-24 00:55:00	39979	5.85	214.229	10.572	-2.065	-1.422	-2.088	0.09	27.83	39984	2017-01-24 01:20:00
2017-01-25 08:20:00	40352	5.1	152.253	11.628	-0.695	3.038	-5.785	0.02	26.44	40357	2017-01-25 08:45:00
2017-01-29 10:10:00	41360	5.43	173.854	10.621	-5.243	0.22	-2.078	0.03	26.16	41365	2017-01-29 10:35:00
2017-01-29 12:55:00	41393	6.32	166.192	8.403	-2.71	0.857	-3.513	0.08	24.09	41398	2017-01-29 13:20:00
2017-01-30 04:10:00	41564	6.78	200.294	11.943	-3.75	-0.83	-2.347	0.03	12.80	41569	2017-01-30 04:35:00
2017-01-30 04:40:00	41570	6.77	206.288	11.987	-4.317	-0.8	-1.602	0.02	13.63	41575	2017-01-30 05:05:00
2017-01-30 23:50:00	41720	6.42	194.785	10.378	4.855	-0.882	-3.373	0.09	17.79	41725	2017-01-31 00:15:00
2017-01-31 00:20:00	41726	6.37	182.111	10.683	5.147	-0.122	-3.177	0.02	18.80	41731	2017-01-31 00:45:00
2017-02-01 11:50:00	42119	6.97	198.107	9.123	4.7	-0.612	-2.057	0.04	17.29	42124	2017-02-01 12:15:00
2017-02-04 23:15:00	43093	6.95	190.222	10.369	0.507	-0.802	-4.258	0.04	29.77	43098	2017-02-04 23:40:00
2017-02-05 00:45:00	43111	6.6	222.002	11.186	0.787	-3.452	-3.857	0.05	25.32	43116	2017-02-05 01:10:00
2017-02-07 10:50:00	43600	6.22	202.593	9.421	4.14	-0.387	-0.857	0.02	23.38	43605	2017-02-07 11:15:00
2017-02-09 03:55:00	44055	6.12	223.66	12.004	4.165	-2.318	-2.405	0.05	12.63	44060	2017-02-09 04:20:00
2017-02-09 10:45:00	44137	6.0	154.893	9.303	4.318	1.252	-2.95	0.06	17.26	44142	2017-02-09 11:10:00
2017-02-09 11:15:00	44143	5.9	156.088	8.844	4.933	1.088	-2.422	0.02	22.03	44148	2017-02-09 11:40:00
2017-02-10 00:30:00	44301	6.55	215.185	11.764	-0.517	-2.103	-2.99	0.05	7.95	44306	2017-02-10 00:55:00
2017-02-10 13:40:00	44459	6.58	210.838	8.93	-2.565	-2.543	-4.212	0.04	21.21	44464	2017-02-10 14:05:00
2017-02-10 22:25:00	44564	6.28	207.572	8.271	3.138	-1.288	-2.412	0.09	24.76	44569	2017-02-10 22:50:00
2017-02-11 04:25:00	44636	6.97	187.012	12.404	-1.425	-0.372	-2.852	0.05	16.97	44641	2017-02-11 04:50:00
2017-02-13 06:30:00	45230	6.63	199.957	11.235	1.638	-0.538	-1.467	0.07	20.74	45235	2017-02-13 06:55:00
2017-02-13 07:00:00	45236	6.55	205.872	11.523	1.925	-0.532	-1.082	0.04	19.53	45241	2017-02-13 07:25:00
2017-02-13 07:30:00	45242	6.58	218.207	11.781	1.978	-0.51	-0.665	0.06	22.88	45247	2017-02-13 07:55:00
2017-02-13 08:00:00	45248	6.57	216.929	12.01	1.473	-0.782	-1.077	0.08	18.42	45253	2017-02-13 08:25:00
2017-02-13 10:40:00	45280	6.85	205.622	12.771	1.083	-0.372	-0.793	0.02	17.79	45285	2017-02-13 11:05:00
2017-02-13 16:00:00	45344	6.17	143.734	12.12	-2.5	1.273	-1.732	0.09	10.95	45349	2017-02-13 16:25:00
2017-02-13 17:40:00	45364	6.12	136.294	11.295	-2.342	3.27	-3.403	0.06	19.11	45369	2017-02-13 18:05:00
2017-02-17 16:00:00	46379	6.17	138.273	11.375	-4.705	3.187	-3.587	0.08	15.32	46384	2017-02-17 16:25:00
2017-02-17 20:25:00	46432	6.35	137.278	12.829	-3.418	3.325	-3.522	0.10	8.57	46437	2017-02-17 20:50:00
2017-02-17 22:45:00	46460	6.27	151.502	12.785	-2.315	2.982	-5.472	0.08	22.52	46465	2017-02-17 23:10:00
2017-02-17 23:15:00	46466	6.37	155.942	12.704	-2.3	2.622	-5.88	0.03	7.91	46471	2017-02-17 23:40:00
2017-02-17 23:45:00	46472	6.37	141.663	12.598	-3.803	3.905	-4.94	0.06	7.52	46477	2017-02-18 00:10:00
2017-02-18 00:15:00	46478	6.23	138.389	12.467	-4.77	3.945	-4.458	0.09	16.38	46483	2017-02-18 00:40:00
2017-02-18 00:45:00	46484	6.27	154.956	12.308	-4.54	2.507	-5.422	0.07	11.04	46489	2017-02-18 01:10:00
2017-02-22 04:10:00	47664	5.78	152.442	8.279	-3.868	1.935	-3.778	0.08	28.46	47669	2017-02-22 04:35:00
2017-02-27 11:05:00	48992	6.02	189.695	7.087	-5.272	-0.553	-3.043	0.02	23.27	48997	2017-02-27 11:30:00
2017-02-27 19:20:00	49090	5.68	202.248	13.942	1.695	-2.178	-5.263	0.09	16.42	49095	2017-02-27 19:45:00
2017-02-27 20:00:00	49098	5.85	199.768	14.173	2.638	-1.628	-4.507	0.05	8.99	49103	2017-02-27 20:25:00
2017-02-27 20:30:00	49104	6.18	210.04	14.322	2.473	-1.97	-3.408	0.07	17.42	49109	2017-02-27 20:55:00
2017-02-28 00:40:00	49154	5.03	212.314	14.789	4.108	-2.627	-4.235	0.07	23.60	49159	2017-02-28 01:05:00
2017-02-28 01:10:00	49160	5.4	204.96	14.755	3.663	-2.11	-4.535	0.05	5.84	49165	2017-02-28 01:35:00
2017-02-28 01:40:00	49166	5.45	213.048	14.701	4.21	-2.26	-3.495	0.03	23.02	49171	2017-02-28 02:05:00
2017-03-01 00:40:00	49442	5.88	205.827	12.661	7.007	-0.832	-1.612	0.06	25.26	49447	2017-03-01 01:05:00
2017-03-01 04:05:00	49471	5.05	155.724	14.219	5.802	3.087	-7.195	0.06	17.49	49476	2017-03-01 04:30:00
2017-03-01 05:45:00	49491	5.0	167.829	14.616	8.235	0.592	-2.7	0.06	10.66	49496	2017-03-01 06:10:00
2017-03-04 17:10:00	50472	6.93	224.209	10.192	1.395	-2.773	-2.883	0.02	21.26	50477	2017-03-04 17:35:00
2017-03-10 07:25:00	52049	6.73	167.201	17.451	-2.368	0.995	-4.388	0.06	14.39	52054	2017-03-10 07:50:00
2017-03-10 10:55:00	52091	6.78	190.156	16.598	-1.463	-0.735	-3.995	0.10	26.31	52096	2017-03-10 11:20:00
2017-03-11 15:40:00	52436	6.27	204.235	16.61	2.952	-0.992	-2.277	0.02	21.34	52441	2017-03-11 16:05:00
2017-03-11 17:20:00	52456	6.37	220.435	17.102	2.49	-1.928	-2.31	0.06	24.11	52461	2017-03-11 17:45:00
2017-03-11 18:45:00	52473	6.3	202.892	17.39	0.155	-1.758	-4.043	0.08	27.30	52478	2017-03-11 19:10:00
2017-03-11 22:25:00	52517	6.02	141.349	17.607	-4.06	3.458	-4.327	0.03	14.20	52522	2017-03-11 22:50:00
2017-03-12 02:40:00	52566	5.88	219.23	16.91	0.49	-3.158	-3.847	0.09	15.27	52571	2017-03-12 03:05:00
2017-03-12 03:20:00	52574	5.7	217.106	16.705	-0.042	-3.433	-4.505	0.07	20.01	52579	2017-03-12 03:45:00
2017-03-14 16:20:00	53306	6.28	219.276	10.634	1.393	-1.81	-2.187	0.07	12.94	53311	2017-03-14 16:45:00
2017-03-14 19:10:00	53340	6.75	190.648	13.293	0.45	-0.357	-1.897	0.05	26.71	53345	2017-03-14 19:35:00
2017-03-14 20:25:00	53355	6.58	170.034	14.211	1.43	0.398	-2.255	0.04	14.25	53360	2017-03-14 20:50:00
2017-03-14 20:55:00	53361	6.53	192.381	14.541	1.41	-0.483	-2.19	0.06	19.03	53366	2017-03-14 21:20:00
2017-03-14 21:25:00	53367	6.5	210.095	14.851	1.425	-1.168	-1.99	0.09	17.51	53372	2017-03-14 21:50:00
2017-03-14 21:55:00	53373	6.33	219.335	15.142	1.637	-1.578	-1.945	0.06	19.27	53378	2017-03-14 22:20:00
2017-03-17 20:00:00	54214	6.75	163.409	10.971	-0.237	0.742	-2.47	0.07	19.31	54219	2017-03-17 20:25:00
2017-03-17 20:30:00	54220	6.57	168.344	10.383	-0.683	0.567	-2.728	0.04	7.30	54225	2017-03-17 20:55:00
2017-03-18 17:50:00	54472	6.2	151.164	18.105	-1.335	1.252	-2.287	0.01	21.95	54477	2017-03-18 18:15:00
2017-03-18 18:20:00	54478	6.2	149.507	18.27	-1.587	1.185	-1.985	0.06	26.64	54483	2017-03-18 18:45:00
2017-03-18 18:50:00	54484	6.2	176.583	18.421	-1.572	0.142	-2.39	0.03	17.21	54489	2017-03-18 19:15:00
2017-03-18 20:35:00	54505	5.9	156.356	18.851	-2.635	0.625	-1.375	0.03	27.55	54510	2017-03-18 21:00:00
2017-03-19 05:00:00	54606	5.97	149.54	18.859	-1.683	1.59	-2.705	0.03	20.09	54611	2017-03-19 05:25:00
2017-03-19 05:30:00	54612	5.92	147.778	18.752	-1.555	1.735	-2.73	0.04	18.26	54617	2017-03-19 05:55:00
2017-03-19 21:00:00	54798	5.7	151.648	7.181	-1.942	1.707	-3.17	0.05	15.47	54803	2017-03-19 21:25:00
2017-03-21 14:50:00	55300	5.62	162.463	12.681	-4.618	1.425	-5.05	0.09	29.84	55305	2017-03-21 15:15:00
2017-03-26 09:50:00	56680	6.57	153.575	17.759	-2.727	0.585	-1.265	0.09	27.11	56685	2017-03-26 10:15:00
2017-03-28 00:40:00	57145	6.48	185.055	13.611	3.513	-0.507	-6.0	0.06	21.29	57150	2017-03-28 01:05:00
2017-04-03 08:50:00	58885	7.0	207.305	22.193	-4.357	-1.107	-2.127	0.06	7.40	58890	2017-04-03 09:15:00
2017-04-03 09:20:00	58891	6.73	204.556	21.976	-4.482	-1.02	-2.228	0.07	7.30	58896	2017-04-03 09:45:00
2017-04-03 17:35:00	58990	6.92	137.489	16.88	-3.233	0.827	-0.903	0.03	7.11	58995	2017-04-03 18:00:00
2017-04-03 19:35:00	59014	7.0	195.045	15.106	-3.347	-0.272	-0.998	0.05	29.48	59019	2017-04-03 20:00:00
2017-04-03 21:35:00	59038	6.73	156.139	13.034	-3.44	0.447	-0.963	0.06	29.21	59043	2017-04-03 22:00:00
2017-04-06 14:20:00	59813	6.58	188.558	15.171	0.803	-0.668	-4.457	0.04	13.71	59818	2017-04-06 14:45:00
2017-04-07 07:05:00	60014	5.92	216.432	13.751	1.945	-2.132	-3.033	0.06	28.02	60019	2017-04-07 07:30:00
2017-04-07 14:05:00	60098	5.73	216.94	19.519	4.517	-0.71	-0.953	0.03	16.53	60103	2017-04-07 14:30:00
2017-04-07 15:15:00	60112	6.38	222.342	20.225	3.142	-1.333	-1.492	0.09	25.99	60117	2017-04-07 15:40:00
2017-04-07 15:50:00	60119	6.4	189.287	20.555	3.023	-0.348	-2.132	0.10	6.92	60124	2017-04-07 16:15:00
2017-04-07 17:10:00	60135	6.7	180.627	21.258	2.008	0.003	-2.572	0.05	17.64	60140	2017-04-07 17:35:00
2017-04-07 17:45:00	60142	5.9	155.591	21.544	3.485	0.937	-2.047	0.08	23.60	60147	2017-04-07 18:10:00
2017-04-11 17:00:00	61274	6.52	191.237	22.25	1.137	-0.897	-4.453	0.07	22.14	61279	2017-04-11 17:25:00
2017-04-13 14:05:00	61711	6.6	217.259	23.979	1.537	-1.222	-1.612	0.05	27.94	61716	2017-04-13 14:30:00
2017-04-14 10:20:00	61949	5.03	139.013	22.825	-5.447	3.552	-4.07	0.04	12.78	61954	2017-04-14 10:45:00
2017-04-14 11:20:00	61961	5.47	137.747	22.439	-4.377	4.34	-4.788	0.05	9.31	61966	2017-04-14 11:45:00
2017-04-14 11:50:00	61967	5.72	144.43	22.233	-4.238	3.845	-5.422	0.03	21.04	61972	2017-04-14 12:15:00
2017-04-14 13:10:00	61983	5.25	136.915	21.639	-5.117	4.017	-4.218	0.04	22.97	61988	2017-04-14 13:35:00
2017-04-14 13:40:00	61989	5.47	137.441	21.399	-4.792	3.992	-4.347	0.03	15.10	61994	2017-04-14 14:05:00
2017-04-14 14:25:00	61998	5.37	149.851	21.021	-4.268	2.908	-5.022	0.06	16.52	62003	2017-04-14 14:50:00
2017-04-14 14:55:00	62004	5.83	154.399	20.756	-3.802	2.478	-5.177	0.07	2.12	62009	2017-04-14 15:20:00
2017-04-14 15:25:00	62010	6.22	153.913	20.481	-3.815	2.365	-4.833	0.07	1.90	62015	2017-04-14 15:50:00
2017-04-14 15:55:00	62016	6.1	152.278	20.195	-3.677	2.58	-4.915	0.05	5.26	62021	2017-04-14 16:20:00
2017-04-14 17:10:00	62031	6.1	153.821	19.434	-3.418	2.418	-4.925	0.04	2.88	62036	2017-04-14 17:35:00
2017-04-14 17:40:00	62037	6.2	157.675	19.109	-3.167	2.063	-5.03	0.04	11.50	62042	2017-04-14 18:05:00
2017-04-14 18:35:00	62048	6.08	159.402	18.482	-3.495	1.848	-4.917	0.03	8.52	62053	2017-04-14 19:00:00
2017-04-14 19:05:00	62054	5.8	171.318	18.123	-3.35	0.82	-5.378	0.01	13.32	62059	2017-04-14 19:30:00
2017-04-14 19:35:00	62060	5.57	176.36	17.75	-3.672	0.337	-5.215	0.01	6.87	62065	2017-04-14 20:00:00
2017-04-14 20:05:00	62066	5.58	182.921	17.363	-4.127	-0.257	-4.835	0.05	6.91	62071	2017-04-14 20:30:00
2017-04-14 20:35:00	62072	5.67	172.763	16.962	-3.913	0.6	-4.742	0.04	21.26	62077	2017-04-14 21:00:00
2017-04-14 21:05:00	62078	5.43	170.411	16.546	-4.017	0.782	-4.485	0.03	29.49	62083	2017-04-14 21:30:00
2017-04-14 22:00:00	62089	5.97	149.032	15.743	-3.577	2.393	-3.903	0.05	19.89	62094	2017-04-14 22:25:00
2017-04-14 22:30:00	62095	5.57	149.641	15.28	-3.598	2.453	-4.18	0.03	14.74	62100	2017-04-14 22:55:00
2017-04-14 23:00:00	62101	5.87	158.051	14.8	-3.835	1.453	-3.643	0.09	8.93	62106	2017-04-14 23:25:00
2017-04-14 23:30:00	62107	5.75	170.121	14.3	-4.293	0.638	-3.56	0.05	9.87	62112	2017-04-14 23:55:00
2017-04-15 00:05:00	62114	6.02	166.858	13.692	-2.475	0.938	-4.033	0.09	7.56	62119	2017-04-15 00:30:00
2017-04-15 03:15:00	62152	5.52	204.413	9.782	2.578	-1.203	-2.572	0.09	26.82	62157	2017-04-15 03:40:00
2017-04-15 04:30:00	62167	5.27	205.778	7.847	3.087	-1.478	-3.045	0.06	14.70	62172	2017-04-15 04:55:00
2017-04-15 23:05:00	62390	5.98	213.058	19.975	2.285	-1.392	-2.187	0.10	19.40	62395	2017-04-15 23:30:00
2017-04-16 00:00:00	62398	6.32	219.842	20.506	2.093	-1.64	-1.972	0.05	12.26	62403	2017-04-16 00:25:00
2017-04-16 01:05:00	62411	6.3	194.324	21.088	1.342	-0.815	-3.227	0.07	12.65	62416	2017-04-16 01:30:00
2017-04-16 02:00:00	62422	6.42	222.232	21.544	1.935	-1.587	-1.765	0.03	13.18	62427	2017-04-16 02:25:00
2017-04-16 03:00:00	62434	6.2	223.351	22.005	3.105	-0.778	-0.825	0.07	18.48	62439	2017-04-16 03:25:00
2017-04-16 07:50:00	62483	5.38	208.441	23.736	-3.078	-1.175	-2.253	0.09	29.52	62488	2017-04-16 08:15:00
2017-04-17 14:10:00	62847	5.65	195.418	18.048	-1.495	-0.938	-3.377	0.02	18.90	62852	2017-04-17 14:35:00
2017-04-17 21:35:00	62936	5.85	136.157	10.711	-1.327	2.415	-2.53	0.06	29.98	62941	2017-04-17 22:00:00
2017-04-18 11:50:00	63106	6.25	145.068	15.152	-2.028	1.783	-2.55	0.06	28.42	63111	2017-04-18 12:15:00
2017-04-19 00:55:00	63262	5.4	207.315	23.103	0.78	-3.755	-7.372	0.06	19.71	63267	2017-04-19 01:20:00
2017-04-20 03:00:00	63575	5.75	161.515	21.797	-5.583	2.372	-6.698	0.08	18.32	63580	2017-04-20 03:25:00
2017-04-22 22:40:00	64344	7.0	205.181	21.5	2.57	-2.892	-6.185	0.06	8.52	64349	2017-04-22 23:05:00
2017-04-23 00:05:00	64361	6.7	148.94	20.78	4.635	2.327	-4.202	0.06	28.65	64366	2017-04-23 00:30:00
2017-04-23 23:20:00	64639	6.88	196.568	12.192	4.573	-0.627	-1.943	0.03	26.46	64644	2017-04-23 23:45:00
2017-04-24 03:15:00	64686	6.88	217.202	16.178	3.583	-1.918	-2.582	0.03	25.66	64691	2017-04-24 03:40:00
2017-04-24 06:00:00	64719	6.82	200.299	18.349	3.672	-0.798	-1.952	0.04	14.80	64724	2017-04-24 06:25:00
2017-04-24 16:20:00	64824	6.87	194.597	23.455	2.507	-1.223	-4.657	0.05	20.40	64829	2017-04-24 16:45:00
2017-04-26 04:05:00	65201	6.2	155.753	14.004	2.0	1.112	-2.475	0.09	12.69	65206	2017-04-26 04:30:00
2017-04-27 04:20:00	65442	5.62	199.825	20.408	2.457	-1.198	-3.405	0.06	20.29	65447	2017-04-27 04:45:00
2017-04-27 05:15:00	65453	5.73	193.787	20.906	3.73	-0.475	-2.097	0.04	26.25	65458	2017-04-27 05:40:00
2017-04-28 16:00:00	65794	5.05	222.019	19.721	1.215	-2.738	-3.052	0.02	22.92	65799	2017-04-28 16:25:00
2017-04-28 16:30:00	65800	5.02	213.319	19.409	2.067	-1.977	-3.098	0.05	26.34	65805	2017-04-28 16:55:00
2017-04-28 21:35:00	65861	5.02	214.112	15.502	1.875	-2.743	-4.043	0.02	12.83	65866	2017-04-28 22:00:00
2017-04-28 22:05:00	65867	5.1	218.453	15.033	0.873	-3.198	-4.028	0.02	18.04	65872	2017-04-28 22:30:00
2017-04-28 22:35:00	65873	5.03	209.302	14.546	1.338	-2.412	-4.297	0.01	18.19	65878	2017-04-28 23:00:00
2017-04-29 19:50:00	66079	6.13	224.539	18.162	-2.513	-2.535	-2.617	0.10	20.84	66084	2017-04-29 20:15:00
2017-04-29 20:25:00	66086	5.83	217.548	18.577	-2.512	-2.652	-3.42	0.10	14.11	66091	2017-04-29 20:50:00
2017-04-29 20:55:00	66092	5.93	157.66	18.92	-3.115	1.532	-3.693	0.06	18.94	66097	2017-04-29 21:20:00
2017-04-29 21:50:00	66103	5.98	191.139	19.516	-1.888	-0.763	-3.785	0.04	19.22	66108	2017-04-29 22:15:00
2017-04-29 23:05:00	66118	5.63	212.857	20.267	-2.837	-1.917	-2.917	0.09	21.62	66123	2017-04-29 23:30:00
2017-04-29 23:40:00	66125	5.45	185.645	20.595	-3.637	-0.317	-3.208	0.09	6.62	66130	2017-04-30 00:05:00
2017-04-30 00:10:00	66131	5.55	190.081	20.864	-3.025	-0.66	-3.675	0.07	16.73	66136	2017-04-30 00:35:00
2017-04-30 00:40:00	66137	5.47	190.0	21.124	-3.307	-0.635	-3.582	0.04	8.12	66142	2017-04-30 01:05:00
2017-05-02 22:00:00	66927	6.73	158.345	22.186	-3.395	0.345	-0.888	0.03	11.25	66932	2017-05-02 22:25:00
2017-05-02 22:30:00	66933	6.73	162.959	22.395	-3.428	0.178	-0.602	0.01	28.19	66938	2017-05-02 22:55:00
2017-05-02 23:00:00	66939	6.82	164.027	22.595	-3.08	0.243	-0.907	0.10	27.80	66944	2017-05-02 23:25:00
2017-05-07 05:25:00	67995	6.0	212.426	16.924	-0.75	-2.183	-3.475	0.06	21.08	68000	2017-05-07 05:50:00
2017-05-07 05:55:00	68001	6.2	216.894	16.508	-1.303	-2.277	-3.008	0.06	20.42	68006	2017-05-07 06:20:00
2017-05-07 09:45:00	68016	5.43	217.204	12.735	1.367	-2.978	-3.858	0.04	18.80	68021	2017-05-07 10:10:00
2017-05-12 19:20:00	69290	5.6	210.855	17.278	4.115	-0.848	-1.4	0.04	25.79	69295	2017-05-12 19:45:00
2017-05-12 19:50:00	69296	5.6	212.343	16.874	4.225	-0.852	-1.337	0.01	17.53	69301	2017-05-12 20:15:00
2017-05-12 21:15:00	69313	5.98	221.482	15.646	4.12	-1.277	-1.457	0.02	16.16	69318	2017-05-12 21:40:00
2017-05-13 03:30:00	69388	5.5	189.032	8.112	4.22	-0.257	-1.793	0.04	25.70	69393	2017-05-13 03:55:00
2017-05-14 04:20:00	69674	6.5	160.906	22.869	0.312	0.473	-1.352	0.09	18.56	69679	2017-05-14 04:45:00
2017-05-14 07:10:00	69708	6.35	208.341	23.783	1.86	-1.808	-3.36	0.08	8.61	69713	2017-05-14 07:35:00
2017-05-16 12:10:00	70317	6.97	145.435	15.987	-2.095	1.88	-2.738	0.05	26.93	70322	2017-05-16 12:35:00
2017-05-18 04:00:00	70763	6.98	159.127	21.108	0.658	2.088	-5.512	0.08	16.33	70768	2017-05-18 04:25:00
2017-05-19 14:10:00	71133	5.42	170.662	20.718	4.743	0.96	-5.868	0.08	16.67	71138	2017-05-19 14:35:00
2017-05-19 14:50:00	71141	5.43	185.049	21.073	4.64	-0.565	-6.375	0.03	22.23	71146	2017-05-19 15:15:00
2017-05-19 15:25:00	71148	5.37	152.82	21.368	4.742	2.712	-5.33	0.08	21.08	71153	2017-05-19 15:50:00
2017-05-19 15:55:00	71154	5.3	152.407	21.611	2.417	3.343	-6.397	0.02	18.44	71159	2017-05-19 16:20:00
2017-05-19 16:55:00	71166	5.82	180.591	22.068	6.268	0.012	-3.15	0.07	26.48	71171	2017-05-19 17:20:00
2017-05-19 17:25:00	71172	5.85	163.285	22.283	5.092	1.303	-4.243	0.05	13.66	71177	2017-05-19 17:50:00
2017-05-19 18:15:00	71182	5.45	169.693	22.622	3.957	1.198	-6.577	0.09	9.14	71187	2017-05-19 18:40:00
2017-05-21 13:50:00	71661	5.57	139.208	7.066	1.743	2.43	-2.807	0.07	16.98	71666	2017-05-21 14:15:00
2017-05-22 14:05:00	71952	5.37	215.499	22.884	4.282	-1.905	-2.572	0.10	14.65	71957	2017-05-22 14:30:00
2017-05-22 17:00:00	71987	5.77	216.341	23.815	2.667	-2.733	-3.775	0.02	22.95	71992	2017-05-22 17:25:00
2017-05-24 21:45:00	72588	6.23	213.232	16.012	2.178	-1.07	-1.628	0.07	7.65	72593	2017-05-24 22:10:00
2017-05-24 22:15:00	72594	6.22	221.976	16.448	2.282	-1.272	-1.408	0.08	8.53	72599	2017-05-24 22:40:00
2017-05-24 22:45:00	72600	6.18	220.152	16.868	2.238	-1.202	-1.423	0.05	6.59	72605	2017-05-24 23:10:00
2017-05-26 09:45:00	72956	6.08	208.178	22.811	-1.857	-1.408	-2.677	0.05	14.27	72961	2017-05-26 10:10:00
2017-05-26 10:20:00	72963	6.2	210.692	22.585	-1.847	-1.428	-2.398	0.06	8.24	72968	2017-05-26 10:45:00
2017-05-26 20:55:00	73090	5.68	185.111	16.075	-1.917	-0.225	-2.53	0.06	7.60	73095	2017-05-26 21:20:00
2017-05-26 21:25:00	73096	5.77	173.934	15.624	-1.312	0.27	-2.587	0.04	18.21	73101	2017-05-26 21:50:00
2017-05-26 22:45:00	73111	5.7	212.829	14.335	-1.312	-1.485	-2.277	0.05	16.15	73116	2017-05-26 23:10:00
2017-05-26 23:15:00	73117	5.78	218.922	13.816	-0.275	-1.732	-2.14	0.05	13.68	73122	2017-05-26 23:40:00
