Start_str	Start_ind	Mgs#_avg	Clang_avg	Rmag_avg	Bx_avg(nT)	By_avg(nT)	Bz_avg(nT)	Bdeviat	Dtheta	End_ind	End_str
2018-09-02 16:40:00	488	6.58	173.028	19.782	-1.895	0.387	-3.067	0.08	23.69	493	2018-09-02 17:05:00
2018-09-04 04:40:00	920	5.13	179.212	22.874	4.72	0.11	-5.763	0.04	17.95	925	2018-09-04 05:05:00
2018-09-04 05:10:00	926	5.1	171.311	23.062	3.877	0.955	-6.262	0.07	14.14	931	2018-09-04 05:35:00
2018-09-05 13:15:00	1310	5.3	174.36	19.166	-1.238	0.435	-4.847	0.09	25.19	1315	2018-09-05 13:40:00
2018-09-05 15:45:00	1340	6.17	154.097	17.332	-2.01	1.63	-3.382	0.09	25.64	1345	2018-09-05 16:10:00
2018-09-09 20:50:00	2507	6.82	189.264	23.189	-0.038	-0.52	-3.155	0.07	21.93	2512	2018-09-09 21:15:00
2018-09-13 15:15:00	3541	5.43	159.729	23.421	-0.76	2.238	-6.132	0.04	29.52	3546	2018-09-13 15:40:00
2018-09-14 01:55:00	3669	5.85	172.985	17.769	1.347	0.673	-5.515	0.05	28.66	3674	2018-09-14 02:20:00
2018-09-14 09:55:00	3765	6.67	186.582	9.246	-3.703	-0.325	-2.823	0.02	16.59	3770	2018-09-14 10:20:00
2018-09-14 10:25:00	3771	6.55	184.147	8.471	-4.13	-0.17	-2.108	0.02	29.72	3776	2018-09-14 10:50:00
2018-09-16 21:20:00	4469	6.62	151.073	17.879	-3.38	0.722	-1.298	0.05	14.76	4474	2018-09-16 21:45:00
2018-09-20 20:00:00	5605	5.67	145.926	19.691	2.663	0.905	-1.35	0.04	13.06	5610	2018-09-20 20:25:00
2018-09-23 04:45:00	6286	6.4	197.551	8.988	3.31	-1.085	-3.61	0.08	25.71	6291	2018-09-23 05:10:00
2018-09-25 11:15:00	6921	6.38	139.677	15.255	-2.978	3.878	-4.552	0.08	11.90	6926	2018-09-25 11:40:00
2018-09-26 14:20:00	7243	6.75	139.52	21.411	1.072	3.155	-3.698	0.09	16.81	7248	2018-09-26 14:45:00
2018-09-28 04:30:00	7699	6.1	154.365	17.24	4.062	1.547	-3.255	0.04	16.17	7704	2018-09-28 04:55:00
2018-09-29 08:15:00	8032	5.67	148.841	20.554	3.695	2.433	-3.968	0.07	8.27	8037	2018-09-29 08:40:00
2018-09-29 16:05:00	8126	6.72	140.421	23.827	-0.628	2.763	-3.36	0.09	20.59	8131	2018-09-29 16:30:00
2018-09-30 12:00:00	8364	6.73	156.633	23.637	-1.688	0.72	-1.778	0.08	25.83	8369	2018-09-30 12:25:00
2018-09-30 12:30:00	8370	6.73	171.47	23.48	-1.592	0.287	-1.925	0.02	14.87	8375	2018-09-30 12:55:00
2018-09-30 13:20:00	8380	6.45	143.265	23.201	-2.218	0.982	-1.25	0.06	20.18	8385	2018-09-30 13:45:00
2018-10-01 05:05:00	8568	6.73	140.695	12.359	-2.443	0.84	-0.96	0.09	21.64	8573	2018-10-01 05:30:00
2018-10-01 07:45:00	8600	6.75	140.183	8.748	0.117	2.173	-2.608	0.07	5.22	8605	2018-10-01 08:10:00
2018-10-01 08:30:00	8609	6.65	139.374	7.522	-0.393	2.258	-2.682	0.09	28.84	8614	2018-10-01 08:55:00
2018-10-04 14:55:00	9546	6.37	188.684	13.901	3.355	-0.323	-2.308	0.07	17.37	9551	2018-10-04 15:20:00
2018-10-07 18:40:00	10448	5.58	140.979	20.321	-5.935	3.877	-4.757	0.04	11.86	10453	2018-10-07 19:05:00
2018-10-07 19:35:00	10459	5.72	137.083	20.835	-3.137	5.4	-5.802	0.07	7.67	10464	2018-10-07 20:00:00
2018-10-08 02:30:00	10528	6.3	173.852	23.7	-4.747	0.472	-4.227	0.03	24.58	10533	2018-10-08 02:55:00
2018-10-09 06:25:00	10794	6.98	136.858	20.274	-3.03	2.503	-2.627	0.03	28.66	10799	2018-10-09 06:50:00
2018-10-10 11:00:00	11113	5.05	135.424	18.199	-2.902	4.212	-4.235	0.07	18.61	11118	2018-10-10 11:25:00
2018-10-10 11:30:00	11119	5.07	139.121	18.559	-1.61	4.687	-5.433	0.04	9.69	11124	2018-10-10 11:55:00
2018-10-10 12:10:00	11127	5.2	144.589	19.019	-3.842	3.113	-4.32	0.09	18.25	11132	2018-10-10 12:35:00
2018-10-10 12:45:00	11134	5.05	155.589	19.404	-3.323	2.407	-5.258	0.05	23.54	11139	2018-10-10 13:10:00
2018-10-10 13:15:00	11140	5.57	141.311	19.721	-1.968	3.923	-4.858	0.06	17.86	11145	2018-10-10 13:40:00
2018-10-10 16:30:00	11179	5.02	190.389	21.522	-3.538	-1.067	-5.898	0.07	11.96	11184	2018-10-10 16:55:00
2018-10-10 20:10:00	11223	6.53	153.301	23.069	0.827	1.888	-3.708	0.09	16.73	11228	2018-10-10 20:35:00
2018-10-10 20:40:00	11229	6.53	147.766	23.243	1.173	2.435	-3.863	0.04	10.15	11234	2018-10-10 21:05:00
2018-10-10 21:15:00	11236	6.52	150.4	23.437	1.647	2.158	-3.787	0.06	16.29	11241	2018-10-10 21:40:00
2018-10-12 04:00:00	11603	5.45	222.658	18.965	-3.457	-0.753	-0.815	0.04	18.95	11608	2018-10-12 04:25:00
2018-10-12 05:05:00	11616	6.13	185.621	18.203	-2.738	-0.14	-1.693	0.06	19.78	11621	2018-10-12 05:30:00
2018-10-12 07:30:00	11645	6.9	169.394	16.272	2.35	0.413	-2.215	0.10	29.16	11650	2018-10-12 07:55:00
2018-10-12 09:45:00	11672	6.78	148.128	14.138	0.725	1.575	-2.545	0.09	10.58	11677	2018-10-12 10:10:00
2018-10-13 01:25:00	11858	5.52	158.179	13.678	-3.622	1.188	-3.07	0.05	28.88	11863	2018-10-13 01:50:00
2018-10-13 02:30:00	11871	5.85	139.096	14.789	-3.145	2.142	-2.465	0.05	28.42	11876	2018-10-13 02:55:00
2018-10-13 15:00:00	12021	5.42	175.882	22.82	-3.828	0.303	-5.178	0.09	15.11	12026	2018-10-13 15:25:00
2018-10-13 15:50:00	12031	5.28	187.227	23.126	-4.082	-1.108	-8.69	0.08	28.24	12036	2018-10-13 16:15:00
2018-10-13 16:30:00	12039	5.57	195.5	23.355	-1.962	-2.277	-8.195	0.02	21.87	12044	2018-10-13 16:55:00
2018-10-21 10:25:00	14097	5.85	150.276	11.546	-1.332	3.42	-6.007	0.09	11.21	14102	2018-10-21 10:50:00
2018-10-22 23:20:00	14540	6.13	137.932	23.966	-1.353	1.553	-1.68	0.05	19.93	14545	2018-10-22 23:45:00
2018-10-23 00:25:00	14553	6.22	159.123	23.663	-0.057	0.907	-2.325	0.08	27.74	14558	2018-10-23 00:50:00
2018-10-23 06:30:00	14626	6.3	178.612	21.228	2.327	0.057	-2.562	0.02	11.63	14631	2018-10-23 06:55:00
2018-10-24 18:05:00	15032	6.2	190.954	21.365	2.607	-0.407	-2.225	0.06	24.43	15037	2018-10-24 18:30:00
2018-10-25 23:15:00	15381	5.37	199.952	22.501	4.162	-1.245	-3.41	0.09	12.94	15386	2018-10-25 23:40:00
2018-10-26 13:15:00	15540	5.82	224.979	12.333	-0.785	-3.652	-3.655	0.08	12.50	15545	2018-10-26 13:40:00
2018-10-30 03:00:00	16567	6.2	137.309	17.464	0.49	1.833	-1.997	0.09	12.60	16572	2018-10-30 03:25:00
2018-10-31 14:10:00	16988	6.3	135.38	22.627	-3.512	0.458	-0.47	0.02	28.27	16993	2018-10-31 14:35:00
2018-10-31 15:00:00	16998	6.3	222.094	22.283	-3.402	-0.747	-0.813	0.02	12.26	17003	2018-10-31 15:25:00
2018-11-02 05:15:00	17381	6.32	138.578	21.602	-3.092	0.935	-1.05	0.07	17.13	17386	2018-11-02 05:40:00
2018-11-02 05:45:00	17387	6.3	145.387	21.838	-3.117	0.802	-1.132	0.08	23.55	17392	2018-11-02 06:10:00
2018-11-04 13:05:00	18034	5.48	189.272	12.559	-3.6	-0.73	-4.253	0.08	29.89	18039	2018-11-04 13:30:00
2018-11-04 13:50:00	18043	5.65	195.245	13.405	-0.595	-1.107	-4.257	0.06	29.51	18048	2018-11-04 14:15:00
2018-11-04 17:40:00	18065	5.15	156.715	17.023	-3.967	3.567	-8.313	0.03	16.72	18070	2018-11-04 18:05:00
2018-11-05 04:45:00	18168	5.57	180.76	23.201	-2.817	-0.143	-7.323	0.09	18.42	18173	2018-11-05 05:10:00
2018-11-07 05:00:00	18747	5.6	164.512	7.483	-5.0	0.67	-2.438	0.10	9.08	18752	2018-11-07 05:25:00
2018-11-07 05:30:00	18753	5.85	157.236	8.312	-4.672	0.868	-2.148	0.07	28.62	18758	2018-11-07 05:55:00
2018-11-07 06:00:00	18759	5.87	143.369	9.09	-4.372	1.465	-1.952	0.06	23.28	18764	2018-11-07 06:25:00
2018-11-07 06:35:00	18766	6.07	154.201	9.943	-2.488	1.458	-3.065	0.10	19.33	18771	2018-11-07 07:00:00
2018-11-07 13:25:00	18848	5.73	223.423	17.191	-4.202	-2.393	-2.515	0.07	19.54	18853	2018-11-07 13:50:00
2018-11-08 01:55:00	18998	6.52	146.327	23.715	-0.182	2.4	-3.585	0.04	12.37	19003	2018-11-08 02:20:00
2018-11-09 12:20:00	19409	6.1	219.787	15.242	2.997	-2.853	-3.433	0.10	16.66	19414	2018-11-09 12:45:00
2018-11-16 11:25:00	21219	5.9	206.933	23.344	4.085	-0.418	-0.852	0.04	29.80	21224	2018-11-16 11:50:00
2018-11-25 21:50:00	23923	6.1	192.65	22.834	-0.737	-0.683	-3.087	0.10	22.78	23928	2018-11-25 22:15:00
2018-11-29 03:00:00	24849	6.82	206.303	17.411	-1.755	-0.883	-1.793	0.09	17.90	24854	2018-11-29 03:25:00
2018-12-01 15:15:00	25569	5.5	141.025	21.91	-3.152	5.162	-6.388	0.07	11.71	25574	2018-12-01 15:40:00
2018-12-02 21:25:00	25930	6.25	148.815	17.039	-1.513	2.733	-4.493	0.06	23.53	25935	2018-12-02 21:50:00
2018-12-03 06:30:00	26038	5.95	172.232	22.469	-4.432	0.443	-2.868	0.06	15.75	26043	2018-12-03 06:55:00
2018-12-04 23:10:00	26526	6.18	187.299	12.566	-4.268	-0.35	-2.673	0.09	7.52	26531	2018-12-04 23:35:00
2018-12-06 04:50:00	26876	6.1	194.584	23.495	-1.862	-0.66	-2.327	0.02	25.89	26881	2018-12-06 05:15:00
2018-12-06 05:45:00	26887	5.92	179.182	23.774	-2.562	-0.022	-1.737	0.01	27.21	26892	2018-12-06 06:10:00
2018-12-07 11:00:00	27237	5.02	223.516	19.336	4.917	-4.322	-4.578	0.09	28.81	27242	2018-12-07 11:25:00
2018-12-16 20:45:00	29738	5.38	224.76	14.679	1.75	-3.285	-3.318	0.09	20.42	29743	2018-12-16 21:10:00
2018-12-18 13:50:00	30165	5.83	214.211	21.417	0.04	-3.37	-4.95	0.03	15.21	30170	2018-12-18 14:15:00
2018-12-21 19:55:00	30877	6.28	152.768	13.511	1.185	0.73	-1.403	0.09	25.05	30882	2018-12-21 20:20:00
2018-12-21 20:25:00	30883	6.48	171.276	12.954	0.612	0.33	-2.148	0.10	28.26	30888	2018-12-21 20:50:00
2018-12-25 01:40:00	31601	5.62	191.923	7.033	2.118	-0.707	-3.332	0.04	9.02	31606	2018-12-25 02:05:00
2018-12-28 18:40:00	32574	6.7	192.919	23.845	-4.388	-0.83	-3.327	0.05	27.68	32579	2018-12-28 19:05:00
2018-12-30 08:50:00	33030	6.7	138.776	11.09	-3.773	1.193	-1.387	0.10	27.25	33035	2018-12-30 09:15:00
2019-01-02 14:00:00	33582	6.02	223.152	9.523	-2.28	-0.707	-0.773	0.03	22.22	33587	2019-01-02 14:25:00
2019-01-03 08:35:00	33803	5.7	143.615	23.469	-1.077	1.425	-1.92	0.09	13.78	33808	2019-01-03 09:00:00
2019-01-04 08:10:00	34085	5.62	150.74	22.892	-1.433	2.543	-4.555	0.09	17.87	34090	2019-01-04 08:35:00
2019-01-10 05:45:00	35498	5.97	143.977	19.805	3.323	0.897	-1.207	0.04	15.66	35503	2019-01-10 06:10:00
2019-01-11 06:40:00	35792	6.03	186.626	16.054	-1.377	-0.43	-3.497	0.09	21.32	35797	2019-01-11 07:05:00
2019-01-12 21:05:00	36251	6.18	224.316	22.066	1.952	-1.107	-1.092	0.03	14.55	36256	2019-01-12 21:30:00
2019-01-12 21:35:00	36257	6.25	217.353	21.836	2.305	-0.708	-0.948	0.01	19.75	36262	2019-01-12 22:00:00
2019-01-12 23:15:00	36277	6.22	211.353	20.998	1.897	-0.945	-1.602	0.05	22.39	36282	2019-01-12 23:40:00
2019-01-13 00:15:00	36289	6.23	219.8	20.442	1.832	-1.445	-1.743	0.06	20.83	36294	2019-01-13 00:40:00
2019-01-13 00:45:00	36295	6.47	215.15	20.148	1.553	-1.295	-1.857	0.10	13.56	36300	2019-01-13 01:10:00
2019-01-13 01:15:00	36301	6.72	217.481	19.844	1.902	-1.145	-1.498	0.01	8.01	36306	2019-01-13 01:40:00
2019-01-13 01:45:00	36307	6.58	221.054	19.528	2.072	-1.233	-1.415	0.04	3.74	36312	2019-01-13 02:10:00
2019-01-13 06:25:00	36363	6.68	210.673	15.965	0.32	-1.23	-2.08	0.04	6.58	36368	2019-01-13 06:50:00
2019-01-14 10:10:00	36693	6.48	205.536	21.434	2.047	-1.362	-2.862	0.04	20.14	36698	2019-01-14 10:35:00
2019-01-16 20:35:00	37390	5.68	202.142	14.903	0.822	-2.355	-5.788	0.08	12.19	37395	2019-01-16 21:00:00
2019-01-16 21:05:00	37396	5.43	189.167	15.384	0.86	-1.062	-6.703	0.08	14.38	37401	2019-01-16 21:30:00
2019-01-16 21:35:00	37402	5.0	185.481	15.847	0.972	-0.722	-7.567	0.06	7.57	37407	2019-01-16 22:00:00
2019-01-16 22:25:00	37412	5.3	214.029	16.581	0.383	-4.065	-6.017	0.07	12.87	37417	2019-01-16 22:50:00
2019-01-18 18:15:00	37934	6.28	216.516	18.65	2.472	-1.773	-2.385	0.02	7.03	37939	2019-01-18 18:40:00
2019-01-18 18:45:00	37940	6.37	219.719	18.291	3.057	-1.302	-1.592	0.02	22.19	37945	2019-01-18 19:10:00
2019-01-19 01:55:00	38026	6.4	212.945	11.34	2.547	-0.797	-1.192	0.03	25.49	38031	2019-01-19 02:20:00
2019-01-19 02:25:00	38032	6.4	150.656	10.68	2.698	0.738	-1.313	0.02	21.50	38037	2019-01-19 02:50:00
2019-01-19 03:50:00	38049	6.4	168.989	8.61	2.885	0.205	-1.037	0.03	29.68	38054	2019-01-19 04:15:00
2019-01-19 17:05:00	38208	6.48	217.921	15.754	0.662	-2.108	-2.71	0.05	27.08	38213	2019-01-19 17:30:00
2019-01-19 19:55:00	38242	6.6	216.462	18.1	0.202	-1.83	-2.492	0.08	25.05	38247	2019-01-19 20:20:00
2019-01-20 00:50:00	38301	6.63	209.851	21.191	1.537	-1.24	-2.16	0.09	10.49	38306	2019-01-20 01:15:00
2019-01-22 17:50:00	38929	5.73	165.785	19.653	-1.51	0.765	-2.8	0.02	16.45	38934	2019-01-22 18:15:00
2019-01-22 18:25:00	38936	5.87	170.002	20.016	-2.838	0.567	-3.103	0.07	15.68	38941	2019-01-22 18:50:00
2019-01-22 19:40:00	38951	5.97	137.915	20.743	-3.587	2.345	-2.572	0.03	12.37	38956	2019-01-22 20:05:00
2019-01-23 00:20:00	39007	5.52	191.433	22.917	1.363	-1.105	-5.422	0.08	8.68	39012	2019-01-23 00:45:00
2019-01-25 02:35:00	39567	6.77	207.41	8.87	-2.685	-1.392	-2.625	0.04	14.06	39572	2019-01-25 03:00:00
2019-01-27 08:35:00	40215	6.13	160.92	15.893	-3.085	0.647	-1.795	0.03	21.33	40220	2019-01-27 09:00:00
2019-01-27 23:50:00	40398	6.38	176.456	11.214	-1.823	0.167	-2.72	0.10	13.55	40403	2019-01-28 00:15:00
2019-01-30 00:20:00	40974	5.92	144.553	18.906	-2.018	0.368	-0.53	0.09	29.92	40979	2019-01-30 00:45:00
2019-01-30 01:10:00	40984	6.1	167.95	18.316	-1.785	0.172	-0.815	0.05	10.89	40989	2019-01-30 01:35:00
2019-01-30 02:40:00	41002	5.92	165.517	17.161	-1.737	0.3	-1.158	0.05	16.41	41007	2019-01-30 03:05:00
2019-01-30 18:45:00	41195	6.52	165.604	10.352	-1.563	0.462	-1.79	0.09	13.15	41200	2019-01-30 19:10:00
2019-01-30 21:40:00	41228	6.43	137.552	13.879	0.038	1.528	-1.67	0.07	11.91	41233	2019-01-30 22:05:00
2019-02-04 18:00:00	42544	6.8	221.536	23.485	-0.132	-3.012	-3.4	0.06	18.09	42549	2019-02-04 18:25:00
2019-02-04 18:30:00	42550	6.88	216.047	23.242	-0.175	-2.638	-3.618	0.08	8.56	42555	2019-02-04 18:55:00
2019-02-04 19:15:00	42559	6.62	212.873	22.862	0.79	-2.482	-3.845	0.06	18.95	42564	2019-02-04 19:40:00
2019-02-04 21:10:00	42582	6.2	195.638	21.801	-1.558	-1.595	-5.653	0.04	19.63	42587	2019-02-04 21:35:00
2019-02-04 22:45:00	42601	6.0	215.683	20.821	1.543	-3.145	-4.388	0.03	15.10	42606	2019-02-04 23:10:00
2019-02-06 03:15:00	42910	5.0	176.96	18.824	1.772	0.263	-5.612	0.03	28.41	42915	2019-02-06 03:40:00
2019-02-06 11:00:00	42988	5.27	189.663	23.57	0.968	-1.197	-7.017	0.08	7.59	42993	2019-02-06 11:25:00
2019-02-06 11:30:00	42994	5.02	215.629	23.801	2.512	-4.198	-5.88	0.06	12.96	42999	2019-02-06 11:55:00
2019-02-08 05:40:00	43428	5.08	211.954	19.242	3.902	-1.847	-2.933	0.04	25.06	43433	2019-02-08 06:05:00
2019-02-08 08:25:00	43461	5.73	151.611	16.993	-1.183	2.392	-4.418	0.05	21.10	43466	2019-02-08 08:50:00
2019-02-08 23:05:00	43637	5.13	217.194	9.273	2.703	-3.477	-4.617	0.04	24.45	43642	2019-02-08 23:30:00
2019-02-11 13:40:00	44330	5.57	215.442	22.339	-2.503	-4.225	-5.88	0.02	21.06	44335	2019-02-11 14:05:00
2019-02-12 02:25:00	44483	5.68	221.147	10.306	0.27	-3.747	-4.295	0.04	18.07	44488	2019-02-12 02:50:00
2019-02-12 18:45:00	44676	5.35	222.667	18.089	4.378	-1.273	-1.428	0.02	28.76	44681	2019-02-12 19:10:00
2019-02-19 00:10:00	46468	6.13	187.439	13.597	2.177	-0.308	-2.47	0.09	17.05	46473	2019-02-19 00:35:00
2019-02-19 15:35:00	46653	5.85	214.008	14.747	0.252	-1.89	-2.828	0.06	27.32	46658	2019-02-19 16:00:00
2019-02-23 15:15:00	47797	6.52	202.011	23.665	-0.76	-1.053	-2.622	0.06	16.78	47802	2019-02-23 15:40:00
2019-02-25 22:50:00	48463	5.85	172.979	15.159	-1.997	0.28	-2.502	0.08	26.97	48468	2019-02-25 23:15:00
2019-02-25 23:20:00	48469	5.82	189.935	14.622	-1.69	-0.553	-2.948	0.06	26.88	48474	2019-02-25 23:45:00
2019-02-26 15:00:00	48657	6.08	161.582	13.932	-1.008	1.013	-3.048	0.03	26.99	48662	2019-02-26 15:25:00
2019-03-02 00:20:00	49633	6.93	145.354	10.483	3.73	1.452	-2.005	0.04	17.91	49638	2019-03-02 00:45:00
2019-03-02 01:20:00	49645	6.45	212.576	11.853	3.887	-1.392	-1.99	0.05	27.41	49650	2019-03-02 01:45:00
2019-03-02 02:10:00	49655	6.62	205.88	12.907	4.355	-0.947	-1.863	0.03	28.84	49660	2019-03-02 02:35:00
2019-03-02 03:15:00	49668	6.43	194.831	14.178	4.803	-0.507	-1.955	0.06	24.19	49673	2019-03-02 03:40:00
2019-03-02 04:10:00	49679	6.42	180.753	15.177	3.998	-0.042	-3.493	0.04	27.43	49684	2019-03-02 04:35:00
2019-03-02 06:20:00	49705	6.33	223.149	17.306	3.642	-2.05	-2.245	0.08	22.06	49710	2019-03-02 06:45:00
2019-03-04 11:45:00	50346	5.67	211.554	23.828	2.415	-2.347	-3.813	0.02	14.59	50351	2019-03-04 12:10:00
2019-03-05 00:00:00	50493	5.13	157.58	14.283	2.827	1.407	-3.35	0.04	19.73	50498	2019-03-05 00:25:00
2019-03-05 20:50:00	50743	5.08	161.074	19.154	4.455	0.643	-1.915	0.01	16.24	50748	2019-03-05 21:15:00
2019-03-09 13:25:00	51721	5.72	219.115	22.316	0.345	-2.252	-2.968	0.09	29.09	51726	2019-03-09 13:50:00
2019-03-11 11:20:00	52203	5.67	148.513	23.995	-2.493	1.797	-2.903	0.02	24.83	52208	2019-03-11 11:45:00
2019-03-11 12:05:00	52212	6.03	144.854	23.597	-3.192	1.358	-1.953	0.04	19.04	52217	2019-03-11 12:30:00
2019-03-13 00:50:00	52638	5.0	219.56	21.962	2.397	-1.508	-1.873	0.07	20.46	52643	2019-03-13 01:15:00
2019-03-13 03:20:00	52668	5.67	171.096	23.444	-0.197	0.513	-3.198	0.04	21.84	52673	2019-03-13 03:45:00
2019-03-15 01:25:00	53221	5.62	218.003	22.901	3.095	-3.658	-4.737	0.05	18.96	53226	2019-03-15 01:50:00
2019-03-15 02:15:00	53231	5.77	217.963	22.403	3.548	-3.392	-4.382	0.03	15.10	53236	2019-03-15 02:40:00
2019-03-15 02:45:00	53237	5.88	219.186	22.093	3.067	-3.585	-4.422	0.04	11.34	53242	2019-03-15 03:10:00
2019-03-16 08:20:00	53592	5.38	198.469	18.623	1.473	-1.693	-5.082	0.07	8.64	53597	2019-03-16 08:45:00
2019-03-16 08:50:00	53598	5.33	205.801	19.032	1.063	-2.4	-4.913	0.05	11.58	53603	2019-03-16 09:15:00
2019-03-16 10:05:00	53613	5.47	219.716	20.004	0.275	-3.388	-4.07	0.06	16.86	53618	2019-03-16 10:30:00
2019-03-16 16:05:00	53685	5.67	217.232	23.807	-1.812	-3.673	-4.845	0.05	14.77	53690	2019-03-16 16:30:00
2019-03-19 01:30:00	54373	6.6	210.67	12.762	2.29	-0.672	-1.145	0.06	18.21	54378	2019-03-19 01:55:00
2019-03-22 05:35:00	55284	5.55	195.841	20.273	-3.115	-0.5	-1.76	0.06	17.18	55289	2019-03-22 06:00:00
2019-03-22 06:05:00	55290	5.52	196.526	19.902	-2.98	-0.638	-2.147	0.04	5.09	55295	2019-03-22 06:30:00
2019-03-22 06:50:00	55299	5.7	209.467	19.324	-2.462	-1.09	-1.94	0.06	19.81	55304	2019-03-22 07:15:00
2019-03-23 08:55:00	55605	5.18	146.776	18.88	-3.627	0.865	-1.32	0.01	10.43	55610	2019-03-23 09:20:00
2019-03-23 10:30:00	55624	5.2	150.244	20.108	-3.437	0.692	-1.198	0.04	10.60	55629	2019-03-23 10:55:00
2019-03-26 03:05:00	56398	5.55	158.814	10.627	0.627	2.267	-5.835	0.06	11.29	56403	2019-03-26 03:30:00
2019-03-29 16:35:00	57280	5.77	198.909	8.455	3.228	-1.013	-2.96	0.04	18.40	57285	2019-03-29 17:00:00
2019-03-30 00:15:00	57372	6.32	220.946	9.363	1.09	-2.713	-3.177	0.05	19.97	57377	2019-03-30 00:40:00
2019-04-01 12:45:00	58079	6.3	216.82	23.46	-0.46	-2.852	-3.827	0.10	16.74	58084	2019-04-01 13:10:00
2019-04-01 13:15:00	58085	6.42	215.313	23.183	-0.36	-2.582	-3.642	0.04	21.56	58090	2019-04-01 13:40:00
2019-04-02 19:35:00	58392	5.78	179.821	17.516	-2.027	0.035	-5.258	0.08	28.15	58397	2019-04-02 20:00:00
2019-04-03 00:35:00	58452	6.17	217.765	21.376	1.135	-2.803	-3.622	0.06	15.69	58457	2019-04-03 01:00:00
2019-04-03 01:05:00	58458	6.18	185.592	21.704	1.86	-0.455	-4.22	0.07	29.60	58463	2019-04-03 01:30:00
2019-04-03 02:00:00	58469	6.17	219.795	22.281	3.107	-2.105	-2.457	0.09	19.37	58474	2019-04-03 02:25:00
2019-04-05 00:00:00	59004	5.45	214.057	23.803	5.498	-1.077	-1.46	0.09	27.06	59009	2019-04-05 00:25:00
2019-04-05 13:20:00	59164	5.53	224.806	13.182	1.913	-3.818	-3.905	0.08	21.70	59169	2019-04-05 13:45:00
2019-04-06 13:45:00	59457	6.97	205.244	22.122	0.405	-1.032	-2.172	0.07	14.64	59462	2019-04-06 14:10:00
2019-04-06 16:50:00	59494	6.8	205.059	23.875	1.705	-0.953	-2.05	0.09	7.64	59499	2019-04-06 17:15:00
2019-04-08 21:40:00	60028	5.4	218.395	16.954	3.438	-2.293	-2.828	0.03	23.41	60033	2019-04-08 22:05:00
2019-04-08 22:40:00	60040	5.55	218.81	15.998	2.368	-2.855	-3.553	0.01	8.13	60045	2019-04-08 23:05:00
2019-04-10 01:50:00	60321	5.4	198.881	22.213	2.452	-2.12	-6.145	0.08	8.40	60326	2019-04-10 02:15:00
2019-04-10 02:20:00	60327	5.57	201.623	22.517	3.445	-1.985	-5.175	0.07	22.86	60332	2019-04-10 02:45:00
2019-04-12 04:00:00	60844	5.75	209.096	21.441	2.973	-1.328	-2.422	0.04	25.04	60849	2019-04-12 04:25:00
2019-04-12 11:45:00	60920	6.4	153.454	14.952	0.207	1.633	-3.26	0.09	27.56	60925	2019-04-12 12:10:00
2019-04-13 03:50:00	61084	5.43	212.112	13.757	-4.463	-1.498	-2.357	0.04	28.03	61089	2019-04-13 04:15:00
2019-04-15 16:00:00	61702	5.67	221.625	21.502	-4.46	-2.605	-2.92	0.09	14.85	61707	2019-04-15 16:25:00
2019-04-15 16:30:00	61708	5.37	224.672	21.169	-4.665	-2.835	-2.875	0.09	12.46	61713	2019-04-15 16:55:00
2019-04-15 20:00:00	61750	5.32	199.464	18.548	0.51	-2.175	-6.148	0.03	12.78	61755	2019-04-15 20:25:00
2019-04-16 12:00:00	61884	5.83	166.749	8.412	-3.36	0.658	-2.815	0.03	5.93	61889	2019-04-16 12:25:00
2019-04-16 19:20:00	61957	5.78	215.241	17.198	0.84	-1.65	-2.305	0.08	26.33	61962	2019-04-16 19:45:00
2019-04-17 02:05:00	62038	6.58	219.779	22.256	-1.638	-1.015	-1.23	0.05	13.13	62043	2019-04-17 02:30:00
2019-04-19 10:55:00	62641	5.5	144.39	15.883	1.955	3.19	-4.405	0.08	15.12	62646	2019-04-19 11:20:00
2019-04-23 13:00:00	63812	5.27	142.075	10.095	-3.232	2.005	-2.578	0.02	18.55	63817	2019-04-23 13:25:00
2019-04-23 13:30:00	63818	5.33	142.47	10.802	-2.958	2.147	-2.807	0.03	13.85	63823	2019-04-23 13:55:00
2019-04-23 14:00:00	63824	5.5	146.887	11.477	-2.2	2.192	-3.417	0.04	26.94	63829	2019-04-23 14:25:00
2019-04-23 22:35:00	63927	5.5	216.259	19.944	3.427	-3.392	-4.625	0.07	5.16	63932	2019-04-23 23:00:00
2019-04-23 23:05:00	63933	5.43	217.493	20.311	4.003	-3.158	-4.133	0.06	9.75	63938	2019-04-23 23:30:00
2019-04-24 02:55:00	63979	5.98	204.376	22.801	3.967	-1.41	-3.188	0.03	25.58	63984	2019-04-24 03:20:00
2019-04-24 03:35:00	63987	5.82	190.852	23.181	4.565	-0.557	-2.835	0.06	22.71	63992	2019-04-24 04:00:00
2019-04-26 10:00:00	64523	5.25	201.084	16.772	3.797	-0.52	-1.327	0.02	17.07	64528	2019-04-26 10:25:00
2019-04-26 14:20:00	64575	5.63	213.066	12.054	2.943	-1.525	-2.31	0.01	13.04	64580	2019-04-26 14:45:00
2019-04-26 23:20:00	64683	6.67	203.572	7.308	-0.232	-1.552	-3.563	0.06	10.95	64688	2019-04-26 23:45:00
2019-04-26 23:50:00	64689	6.7	217.18	8.164	0.478	-2.177	-2.892	0.08	19.88	64694	2019-04-27 00:15:00
2019-04-27 08:45:00	64760	5.9	212.746	18.445	-2.865	-2.478	-3.838	0.08	9.62	64765	2019-04-27 09:10:00
2019-04-27 09:15:00	64766	5.85	224.342	18.855	-2.062	-3.447	-3.52	0.06	11.23	64771	2019-04-27 09:40:00
2019-04-29 12:30:00	65276	6.18	223.21	23.635	-2.135	-2.422	-2.555	0.05	15.81	65281	2019-04-29 12:55:00
2019-04-29 14:05:00	65295	6.05	207.426	22.753	-2.33	-1.745	-3.353	0.10	22.32	65300	2019-04-29 14:30:00
2019-04-29 14:35:00	65301	6.07	219.694	22.457	-1.528	-2.543	-3.06	0.03	6.94	65306	2019-04-29 15:00:00
2019-04-29 19:40:00	65361	5.83	202.493	18.916	2.795	-0.677	-1.653	0.10	11.43	65366	2019-04-29 20:05:00
2019-04-29 20:10:00	65367	5.77	196.868	18.508	2.86	-0.483	-1.562	0.06	13.42	65372	2019-04-29 20:35:00
2019-04-29 20:40:00	65373	5.72	200.165	18.088	2.973	-0.61	-1.657	0.04	15.07	65378	2019-04-29 21:05:00
2019-04-29 21:10:00	65379	5.83	220.142	17.655	2.96	-1.068	-1.232	0.04	12.44	65384	2019-04-29 21:35:00
2019-04-30 02:40:00	65445	5.03	218.718	11.82	1.985	-2.42	-3.018	0.07	4.58	65450	2019-04-30 03:05:00
2019-04-30 03:10:00	65451	5.05	214.652	11.161	1.832	-2.207	-3.173	0.06	13.77	65456	2019-04-30 03:35:00
2019-04-30 04:40:00	65469	5.23	204.886	8.991	2.232	-1.548	-3.327	0.07	15.46	65474	2019-04-30 05:05:00
2019-05-03 00:10:00	66277	5.53	222.356	23.742	5.188	-1.902	-2.06	0.02	27.52	66282	2019-05-03 00:35:00
2019-05-03 01:00:00	66287	5.33	170.021	23.295	4.895	0.587	-3.237	0.05	25.06	66292	2019-05-03 01:25:00
2019-05-06 15:55:00	67243	6.02	218.642	21.523	-2.552	-2.222	-2.772	0.04	24.09	67248	2019-05-06 16:20:00
2019-05-06 16:30:00	67250	5.9	222.77	21.136	-2.632	-2.56	-2.782	0.09	9.92	67255	2019-05-06 16:55:00
2019-05-06 20:30:00	67294	5.58	212.847	18.101	1.773	-2.185	-3.442	0.05	12.72	67299	2019-05-06 20:55:00
2019-05-06 21:30:00	67306	5.27	218.291	17.223	2.367	-2.035	-2.657	0.10	26.95	67311	2019-05-06 21:55:00
2019-05-07 14:55:00	67515	5.63	216.449	12.47	2.485	-1.75	-2.393	0.05	15.78	67520	2019-05-07 15:20:00
2019-05-09 23:45:00	68070	5.57	197.184	23.987	2.423	-1.045	-3.41	0.04	16.66	68075	2019-05-10 00:10:00
2019-05-10 00:15:00	68076	5.45	207.384	23.728	2.467	-1.592	-3.072	0.06	9.04	68081	2019-05-10 00:40:00
2019-05-10 01:30:00	68091	5.73	210.721	23.046	2.562	-1.333	-2.318	0.04	26.22	68096	2019-05-10 01:55:00
2019-05-10 02:00:00	68097	6.07	223.329	22.76	2.46	-1.875	-2.015	0.01	28.69	68102	2019-05-10 02:25:00
2019-05-10 05:40:00	68141	5.55	218.347	20.384	2.532	-1.495	-1.803	0.06	25.79	68146	2019-05-10 06:05:00
2019-05-10 06:20:00	68149	5.88	216.137	19.896	1.922	-1.462	-2.115	0.05	29.77	68154	2019-05-10 06:45:00
2019-05-10 06:50:00	68155	6.07	213.015	19.517	1.533	-1.568	-2.415	0.06	27.80	68160	2019-05-10 07:15:00
2019-05-10 14:20:00	68245	5.72	220.312	12.156	1.952	-2.298	-2.733	0.03	24.22	68250	2019-05-10 14:45:00
2019-05-18 07:10:00	70388	5.02	139.934	16.86	4.452	3.217	-3.865	0.07	23.94	70393	2019-05-18 07:35:00
2019-05-18 07:40:00	70394	5.65	138.45	17.317	4.352	3.222	-3.633	0.01	10.65	70399	2019-05-18 08:05:00
2019-05-18 08:10:00	70400	5.57	139.917	17.76	4.092	3.185	-3.787	0.02	24.37	70405	2019-05-18 08:35:00
2019-05-21 12:05:00	71311	6.53	147.032	8.445	-1.293	1.625	-2.538	0.05	21.61	71316	2019-05-21 12:30:00
2019-05-28 18:30:00	73404	5.32	192.088	16.042	2.303	-1.373	-6.478	0.09	24.38	73409	2019-05-28 18:55:00
