Start_str	Start_ind	Mgs#_avg	Clang_avg	Rmag_avg	Bx_avg(nT)	By_avg(nT)	Bz_avg(nT)	Bdeviat	Dtheta	End_ind	End_str
2019-09-07 08:30:00	1800	6.32	151.915	15.537	-2.653	0.997	-2.025	0.06	19.66	1805	2019-09-07 08:55:00
2019-09-09 15:50:00	2464	6.7	139.669	23.293	-0.97	2.543	-2.997	0.09	9.91	2469	2019-09-09 16:15:00
2019-09-09 16:20:00	2470	6.58	148.004	23.015	-0.337	2.268	-3.635	0.09	6.29	2475	2019-09-09 16:45:00
2019-09-09 22:55:00	2537	6.07	223.586	18.504	-4.108	-1.18	-1.218	0.06	23.37	2542	2019-09-09 23:20:00
2019-09-14 02:30:00	3592	5.93	144.648	7.068	-2.94	0.853	-1.18	0.04	22.64	3597	2019-09-14 02:55:00
2019-09-14 04:25:00	3615	5.73	191.657	10.109	-2.937	-0.392	-2.265	0.03	21.78	3620	2019-09-14 04:50:00
2019-09-14 05:25:00	3627	6.03	208.009	11.478	-2.487	-1.278	-2.372	0.05	29.11	3632	2019-09-14 05:50:00
2019-09-14 05:55:00	3633	6.07	216.507	12.119	-2.66	-1.482	-1.918	0.02	19.88	3638	2019-09-14 06:20:00
2019-09-20 03:45:00	5334	5.78	196.91	23.399	-2.997	-0.353	-1.175	0.02	26.80	5339	2019-09-20 04:10:00
2019-09-20 04:15:00	5340	5.8	218.134	23.127	-2.968	-0.783	-1.003	0.02	17.28	5345	2019-09-20 04:40:00
2019-09-20 04:45:00	5346	5.8	214.552	22.846	-2.907	-0.782	-1.143	0.01	8.09	5351	2019-09-20 05:10:00
2019-09-20 05:35:00	5356	6.05	216.98	22.361	-2.632	-0.813	-1.117	0.05	27.31	5361	2019-09-20 06:00:00
2019-09-20 06:10:00	5363	6.1	208.64	22.007	-2.688	-0.67	-1.198	0.03	28.30	5368	2019-09-20 06:35:00
2019-09-20 06:40:00	5369	6.12	206.87	21.694	-2.37	-0.908	-1.787	0.02	14.05	5374	2019-09-20 07:05:00
2019-09-20 07:10:00	5375	6.13	186.715	21.372	-2.597	-0.175	-1.528	0.02	17.98	5380	2019-09-20 07:35:00
2019-09-20 07:40:00	5381	6.22	177.973	21.04	-2.805	0.038	-1.213	0.03	15.41	5386	2019-09-20 08:05:00
2019-09-20 08:20:00	5389	6.17	191.451	20.583	-2.962	-0.162	-0.8	0.01	23.62	5394	2019-09-20 08:45:00
2019-09-20 20:25:00	5461	6.37	211.973	7.78	-2.128	-0.532	-0.838	0.03	10.95	5466	2019-09-20 20:50:00
2019-09-21 02:30:00	5534	6.25	188.912	7.074	-1.908	-0.213	-1.425	0.09	27.41	5539	2019-09-21 02:55:00
2019-09-21 04:20:00	5556	6.17	174.952	9.986	-1.267	0.267	-3.07	0.08	8.05	5561	2019-09-21 04:45:00
2019-09-21 15:05:00	5683	5.58	153.521	20.646	0.33	1.89	-3.785	0.06	21.69	5688	2019-09-21 15:30:00
2019-09-21 19:20:00	5734	5.82	185.464	23.268	1.443	-0.342	-3.602	0.05	29.79	5739	2019-09-21 19:45:00
2019-09-23 14:50:00	6240	5.55	211.576	23.931	2.92	-1.137	-1.83	0.07	19.75	6245	2019-09-23 15:15:00
2019-09-23 15:45:00	6251	5.25	220.792	23.456	2.348	-2.457	-2.848	0.07	12.22	6256	2019-09-23 16:10:00
2019-09-23 23:35:00	6345	6.2	213.828	18.174	-1.648	-1.733	-2.585	0.08	11.10	6350	2019-09-24 00:00:00
2019-09-24 00:40:00	6358	5.73	203.769	17.235	-0.445	-1.932	-4.397	0.09	8.66	6363	2019-09-24 01:05:00
2019-09-24 02:10:00	6376	5.97	206.676	15.826	-0.755	-2.137	-4.252	0.08	5.27	6381	2019-09-24 02:35:00
2019-09-24 03:10:00	6388	5.28	199.849	14.807	-1.122	-2.04	-5.67	0.09	10.39	6393	2019-09-24 03:35:00
2019-09-24 03:40:00	6394	5.23	191.826	14.272	-0.578	-1.215	-5.818	0.04	9.65	6399	2019-09-24 04:05:00
2019-09-24 04:10:00	6400	5.23	182.268	13.717	-0.19	-0.233	-5.878	0.01	3.98	6405	2019-09-24 04:35:00
2019-09-24 04:40:00	6406	5.32	183.706	13.141	-1.212	-0.35	-5.482	0.05	5.98	6411	2019-09-24 05:05:00
2019-09-24 05:15:00	6413	5.07	181.527	12.442	-2.218	-0.15	-5.705	0.06	7.00	6418	2019-09-24 05:40:00
2019-09-28 08:30:00	7570	6.92	153.639	14.759	-2.765	2.17	-4.372	0.04	9.60	7575	2019-09-28 08:55:00
2019-10-01 02:20:00	8341	5.2	165.769	15.78	-2.515	1.413	-5.712	0.07	25.35	8346	2019-10-01 02:45:00
2019-10-01 02:50:00	8347	5.03	153.231	15.28	-3.172	2.418	-4.817	0.02	28.32	8352	2019-10-01 03:15:00
2019-10-01 05:40:00	8381	5.25	149.241	12.09	-0.912	3.207	-5.335	0.06	29.03	8386	2019-10-01 06:05:00
2019-10-01 19:25:00	8482	6.68	150.526	13.524	-1.08	1.585	-2.825	0.06	23.77	8487	2019-10-01 19:50:00
2019-10-01 20:55:00	8500	6.75	140.013	15.145	-2.487	1.31	-1.49	0.05	26.20	8505	2019-10-01 21:20:00
2019-10-01 21:25:00	8506	5.93	145.298	15.65	-2.73	1.71	-2.488	0.04	13.38	8511	2019-10-01 21:50:00
2019-10-01 22:25:00	8518	6.4	149.897	16.612	-1.963	1.867	-3.227	0.08	5.97	8523	2019-10-01 22:50:00
2019-10-02 00:30:00	8543	6.23	137.123	18.432	-1.668	1.473	-1.613	0.06	9.59	8548	2019-10-02 00:55:00
2019-10-05 13:35:00	9293	6.4	146.531	19.352	3.275	1.983	-2.987	0.09	17.84	9298	2019-10-05 14:00:00
2019-10-05 19:35:00	9365	6.07	171.989	23.243	-2.823	0.53	-3.818	0.08	28.47	9370	2019-10-05 20:00:00
2019-10-07 15:40:00	9860	5.2	138.455	23.611	0.292	3.89	-4.387	0.06	21.25	9865	2019-10-07 16:05:00
2019-10-09 06:40:00	10328	6.47	193.464	22.613	1.775	-0.817	-3.395	0.08	27.87	10333	2019-10-09 07:05:00
2019-10-11 06:30:00	10720	6.98	146.682	22.053	-2.55	1.258	-1.91	0.07	8.69	10725	2019-10-11 06:55:00
2019-10-11 07:20:00	10730	6.85	149.962	21.532	-0.967	1.717	-3.0	0.08	14.45	10735	2019-10-11 07:45:00
2019-10-11 07:50:00	10736	6.87	149.977	21.208	-0.828	1.767	-3.05	0.09	7.56	10741	2019-10-11 08:15:00
2019-10-11 18:25:00	10863	6.85	144.136	11.456	-3.137	0.59	-0.748	0.05	24.48	10868	2019-10-11 18:50:00
2019-10-14 15:50:00	11693	5.45	216.314	23.495	1.592	-3.435	-4.67	0.05	9.10	11698	2019-10-14 16:15:00
2019-10-18 03:15:00	12691	6.38	148.211	23.785	0.07	2.307	-3.722	0.10	11.65	12696	2019-10-18 03:40:00
2019-10-18 11:10:00	12786	6.4	158.621	18.697	-3.067	0.457	-1.157	0.02	6.88	12791	2019-10-18 11:35:00
2019-10-18 12:00:00	12796	6.22	152.245	18.013	-3.443	0.628	-1.188	0.04	22.86	12801	2019-10-18 12:25:00
2019-10-18 14:15:00	12823	6.72	135.747	15.985	-1.898	1.805	-1.852	0.07	8.39	12828	2019-10-18 14:40:00
2019-10-19 09:40:00	13055	6.33	177.836	15.662	1.407	0.123	-3.213	0.04	5.79	13060	2019-10-19 10:05:00
2019-10-19 10:10:00	13061	6.27	178.45	16.148	1.247	0.09	-3.342	0.06	15.24	13066	2019-10-19 10:35:00
2019-10-19 10:40:00	13067	6.2	180.756	16.618	1.318	-0.042	-3.053	0.09	13.79	13072	2019-10-19 11:05:00
2019-10-19 11:35:00	13078	6.4	154.509	17.444	-0.383	1.247	-2.617	0.04	12.94	13083	2019-10-19 12:00:00
2019-10-19 12:15:00	13086	6.43	147.84	18.016	-0.128	1.695	-2.695	0.10	12.23	13091	2019-10-19 12:40:00
2019-10-19 12:50:00	13093	6.37	135.985	18.499	-2.425	2.113	-2.192	0.10	6.51	13098	2019-10-19 13:15:00
2019-10-19 15:20:00	13123	6.38	211.009	20.389	3.418	-1.625	-2.708	0.08	4.75	13128	2019-10-19 15:45:00
2019-10-19 15:50:00	13129	6.25	212.31	20.735	3.287	-1.795	-2.835	0.03	6.89	13134	2019-10-19 16:15:00
2019-10-19 16:20:00	13135	6.22	209.015	21.072	3.533	-1.52	-2.67	0.03	20.64	13140	2019-10-19 16:45:00
2019-10-19 16:50:00	13141	6.25	211.465	21.399	3.603	-1.595	-2.605	0.01	1.70	13146	2019-10-19 17:15:00
2019-10-19 17:25:00	13148	6.32	210.654	21.77	3.33	-1.273	-2.192	0.07	29.16	13153	2019-10-19 17:50:00
2019-10-19 18:15:00	13158	6.13	202.6	22.277	3.778	-0.848	-2.05	0.08	28.14	13163	2019-10-19 18:40:00
2019-10-25 08:00:00	14566	6.4	150.02	21.118	-2.602	3.058	-5.315	0.02	23.43	14571	2019-10-25 08:25:00
2019-10-25 08:30:00	14572	6.3	147.512	20.783	-2.742	3.2	-5.055	0.02	19.49	14577	2019-10-25 08:55:00
2019-10-29 15:10:00	15730	6.47	218.18	7.098	-3.458	-2.158	-2.695	0.06	24.98	15735	2019-10-29 15:35:00
2019-11-04 21:15:00	17420	5.52	156.664	20.336	-3.327	0.63	-1.558	0.06	28.15	17425	2019-11-04 21:40:00
2019-11-05 17:20:00	17616	5.97	143.306	10.226	3.352	2.113	-2.898	0.05	27.33	17621	2019-11-05 17:45:00
2019-11-08 09:25:00	18308	6.92	166.807	20.218	-0.87	0.495	-2.122	0.10	11.71	18313	2019-11-08 09:50:00
2019-11-08 16:45:00	18396	5.9	144.29	13.691	-2.585	1.282	-1.798	0.07	11.16	18401	2019-11-08 17:10:00
2019-11-08 17:15:00	18402	5.97	142.141	13.122	-2.353	1.383	-1.765	0.05	9.26	18407	2019-11-08 17:40:00
2019-11-08 17:45:00	18408	6.05	140.814	12.532	-1.432	1.81	-2.232	0.04	16.00	18413	2019-11-08 18:10:00
2019-11-08 18:30:00	18417	6.03	141.332	11.603	-1.197	1.905	-2.377	0.03	4.75	18422	2019-11-08 18:55:00
2019-11-09 13:35:00	18646	6.08	135.409	18.757	1.315	1.907	-1.93	0.07	23.47	18651	2019-11-09 14:00:00
2019-11-09 20:40:00	18731	6.22	139.876	23.368	0.89	1.688	-1.987	0.09	26.75	18736	2019-11-09 21:05:00
2019-11-16 12:10:00	20645	6.97	194.932	17.697	1.75	-0.457	-1.685	0.08	14.77	20650	2019-11-16 12:35:00
2019-11-22 07:25:00	22252	6.0	210.322	21.593	-3.392	-1.643	-2.803	0.07	29.98	22257	2019-11-22 07:50:00
2019-12-07 21:00:00	23264	5.83	209.195	23.415	-2.142	-1.49	-2.667	0.08	7.96	23269	2019-12-07 21:25:00
2019-12-16 18:50:00	25543	5.65	211.237	22.175	1.153	-1.847	-3.025	0.07	26.81	25548	2019-12-16 19:15:00
2019-12-21 10:10:00	26571	6.9	138.998	15.338	0.55	2.143	-2.465	0.09	28.88	26576	2019-12-21 10:35:00
2019-12-21 10:40:00	26577	6.55	144.773	15.833	0.467	1.93	-2.743	0.08	8.58	26582	2019-12-21 11:05:00
2019-12-21 11:40:00	26589	6.4	135.869	16.777	1.532	2.503	-2.572	0.09	19.65	26594	2019-12-21 12:05:00
2019-12-21 17:50:00	26600	6.07	139.138	21.497	-2.968	1.063	-1.23	0.09	25.97	26605	2019-12-21 18:15:00
2019-12-21 19:15:00	26617	5.98	152.082	22.364	-2.512	1.218	-2.325	0.09	10.58	26622	2019-12-21 19:40:00
2019-12-21 19:45:00	26623	5.97	163.454	22.653	-2.35	0.81	-2.712	0.07	13.14	26628	2019-12-21 20:10:00
2019-12-31 06:55:00	29009	6.5	217.866	12.126	1.72	-1.125	-1.47	0.04	22.63	29014	2019-12-31 07:20:00
2019-12-31 07:25:00	29015	6.48	219.373	11.494	1.097	-1.34	-1.572	0.06	24.78	29020	2019-12-31 07:50:00
2019-12-31 10:15:00	29049	5.6	197.588	7.31	-4.413	-0.435	-1.373	0.04	13.14	29054	2019-12-31 10:40:00
2019-12-31 20:30:00	29172	5.65	185.231	13.178	0.695	-0.33	-3.693	0.08	17.30	29177	2019-12-31 20:55:00
2019-12-31 22:40:00	29198	6.1	213.439	15.504	1.492	-1.003	-1.5	0.04	11.97	29203	2019-12-31 23:05:00
2020-01-01 07:10:00	29300	5.7	212.04	22.122	0.903	-2.012	-3.227	0.09	11.54	29305	2020-01-01 07:35:00
2020-01-01 08:05:00	29311	5.75	215.672	22.659	0.672	-2.207	-3.072	0.09	3.41	29316	2020-01-01 08:30:00
2020-01-06 17:40:00	30857	6.9	210.99	23.11	-3.922	-0.913	-1.522	0.04	13.71	30862	2020-01-06 18:05:00
2020-01-07 19:30:00	31166	6.9	222.85	11.931	2.53	-0.745	-0.78	0.03	19.89	31171	2020-01-07 19:55:00
2020-01-10 07:20:00	31883	6.98	210.709	22.248	-0.597	-1.945	-3.272	0.09	4.73	31888	2020-01-10 07:45:00
2020-01-10 07:50:00	31889	6.92	219.492	21.946	-0.14	-2.418	-2.918	0.09	10.67	31894	2020-01-10 08:15:00
2020-01-11 05:45:00	32152	5.67	161.476	9.402	4.552	0.34	-1.015	0.03	27.90	32157	2020-01-11 06:10:00
2020-01-17 14:55:00	33921	5.75	164.986	16.848	1.08	1.142	-4.237	0.09	12.02	33926	2020-01-17 15:20:00
2020-01-20 16:30:00	34801	6.1	203.662	23.942	1.268	-0.628	-1.4	0.07	17.49	34806	2020-01-20 16:55:00
2020-01-20 18:05:00	34818	6.03	190.769	23.119	1.183	-0.282	-1.472	0.06	12.84	34823	2020-01-20 18:30:00
2020-01-21 06:30:00	34967	6.23	187.056	13.163	0.703	-0.27	-2.107	0.07	24.04	34972	2020-01-21 06:55:00
2020-01-28 02:55:00	36933	6.13	201.172	17.295	-0.635	-1.068	-2.798	0.09	19.94	36938	2020-01-28 03:20:00
2020-01-28 04:00:00	36946	6.0	190.815	16.305	-0.69	-0.637	-3.397	0.09	16.75	36951	2020-01-28 04:25:00
2020-01-28 04:30:00	36952	5.93	185.078	15.825	-0.423	-0.32	-3.613	0.01	9.93	36957	2020-01-28 04:55:00
2020-01-28 05:00:00	36958	5.82	182.537	15.33	0.408	-0.163	-3.752	0.03	9.37	36963	2020-01-28 05:25:00
2020-01-28 05:30:00	36964	5.78	185.496	14.817	0.608	-0.355	-3.687	0.03	8.88	36969	2020-01-28 05:55:00
2020-01-29 00:45:00	37195	5.78	214.609	16.575	-1.887	-3.393	-4.877	0.09	18.15	37200	2020-01-29 01:10:00
2020-02-01 17:00:00	38105	5.35	217.93	20.004	-4.173	-2.39	-3.067	0.07	3.63	38110	2020-02-01 17:25:00
2020-02-01 23:05:00	38178	5.95	224.688	23.713	-1.107	-2.835	-2.84	0.08	23.03	38183	2020-02-01 23:30:00
2020-02-04 07:30:00	38812	6.32	195.086	12.678	-3.225	-0.713	-2.642	0.06	7.73	38817	2020-02-04 07:55:00
2020-02-04 08:55:00	38829	6.1	204.948	10.887	-3.635	-0.877	-1.892	0.09	21.16	38834	2020-02-04 09:20:00
2020-02-04 10:05:00	38843	5.55	156.61	9.238	-4.137	1.082	-2.483	0.03	13.17	38848	2020-02-04 10:30:00
2020-02-05 08:20:00	39110	5.4	167.935	22.175	0.958	0.732	-3.445	0.04	17.29	39115	2020-02-05 08:45:00
2020-02-08 18:00:00	40088	6.88	219.903	20.571	-0.282	-2.418	-2.9	0.04	10.68	40093	2020-02-08 18:25:00
2020-02-08 18:50:00	40098	5.95	200.977	21.133	3.472	-0.772	-1.982	0.06	21.17	40103	2020-02-08 19:15:00
2020-02-14 22:45:00	41392	6.58	186.004	8.942	-1.222	-0.237	-2.235	0.09	7.29	41397	2020-02-14 23:10:00
2020-02-15 11:15:00	41542	5.9	179.404	14.478	-1.172	0.043	-4.623	0.04	14.15	41547	2020-02-15 11:40:00
2020-02-17 19:25:00	42185	5.1	171.413	22.937	1.617	0.89	-5.767	0.05	29.70	42190	2020-02-17 19:50:00
2020-02-18 04:55:00	42299	5.08	197.297	15.942	-3.02	-1.6	-5.162	0.05	8.29	42304	2020-02-18 05:20:00
2020-02-18 07:40:00	42332	5.0	192.561	13.03	-0.43	-1.493	-6.713	0.04	8.12	42337	2020-02-18 08:05:00
2020-02-18 08:10:00	42338	5.03	195.921	12.437	-0.77	-1.83	-6.437	0.02	11.52	42343	2020-02-18 08:35:00
2020-02-18 08:45:00	42345	5.02	196.98	11.714	-0.202	-2.002	-6.547	0.02	6.07	42350	2020-02-18 09:10:00
2020-02-19 03:10:00	42566	5.4	215.118	18.152	-1.883	-4.583	-6.49	0.07	21.55	42571	2020-02-19 03:35:00
2020-02-19 06:45:00	42609	5.67	215.202	20.833	0.617	-2.888	-4.113	0.07	16.95	42614	2020-02-19 07:10:00
2020-02-19 09:40:00	42644	5.98	222.03	22.643	-2.355	-3.59	-3.987	0.10	16.21	42649	2020-02-19 10:05:00
2020-02-21 05:45:00	43173	5.08	216.028	23.961	3.672	-2.388	-3.343	0.08	18.39	43178	2020-02-21 06:10:00
2020-02-29 07:25:00	45238	5.47	220.969	8.919	3.362	-3.025	-3.493	0.09	10.20	45243	2020-02-29 07:50:00
2020-02-29 09:45:00	45266	5.5	210.684	12.095	4.103	-1.762	-2.985	0.08	27.29	45271	2020-02-29 10:10:00
2020-03-03 10:15:00	46135	6.37	192.982	10.476	1.485	-0.582	-2.652	0.06	23.81	46140	2020-03-03 10:40:00
2020-03-04 02:30:00	46241	6.9	205.242	17.013	1.763	-0.775	-1.682	0.07	29.72	46246	2020-03-04 02:55:00
2020-03-04 07:45:00	46304	6.98	224.603	21.046	1.993	-1.2	-1.235	0.05	26.68	46309	2020-03-04 08:10:00
2020-03-07 07:00:00	47143	5.88	177.452	7.938	0.318	0.177	-3.9	0.02	26.07	47148	2020-03-07 07:25:00
2020-03-10 06:55:00	48002	6.12	203.685	14.811	2.062	-1.052	-2.297	0.08	26.15	48007	2020-03-10 07:20:00
2020-03-14 11:35:00	49040	6.42	213.692	13.686	2.123	-0.82	-1.205	0.09	19.26	49045	2020-03-14 12:00:00
2020-03-14 15:15:00	49084	6.33	212.128	17.289	1.313	-0.878	-1.397	0.07	18.95	49089	2020-03-14 15:40:00
2020-03-14 18:35:00	49124	6.03	223.424	19.93	0.55	-1.795	-1.893	0.05	9.54	49129	2020-03-14 19:00:00
2020-03-20 21:00:00	50696	6.67	215.715	12.868	-2.275	-1.965	-2.73	0.06	3.68	50701	2020-03-20 21:25:00
2020-03-20 21:30:00	50702	6.37	210.87	12.274	-2.153	-2.078	-3.475	0.09	14.63	50707	2020-03-20 21:55:00
2020-03-20 22:00:00	50708	6.35	209.802	11.656	-1.99	-2.187	-3.817	0.02	2.11	50713	2020-03-20 22:25:00
2020-03-20 22:30:00	50714	6.3	207.129	11.013	-0.768	-1.928	-3.758	0.10	4.28	50719	2020-03-20 22:55:00
2020-03-23 23:10:00	51576	6.17	191.741	21.393	-3.713	-0.472	-2.215	0.07	25.58	51581	2020-03-23 23:35:00
2020-03-23 23:40:00	51582	6.43	208.143	21.073	-2.778	-1.473	-2.755	0.09	4.50	51587	2020-03-24 00:05:00
2020-03-24 05:35:00	51653	7.0	222.351	16.487	2.452	-1.293	-1.422	0.01	10.97	51658	2020-03-24 06:00:00
2020-03-27 17:25:00	52541	6.52	191.688	16.587	-2.467	-0.473	-2.168	0.09	13.72	52546	2020-03-27 17:50:00
2020-03-28 11:25:00	52757	6.35	169.949	13.0	2.298	0.483	-2.437	0.04	26.27	52762	2020-03-28 11:50:00
2020-03-28 21:20:00	52875	5.75	197.616	21.449	-2.61	-1.128	-3.537	0.07	9.03	52880	2020-03-28 21:45:00
2020-03-30 22:25:00	53461	5.7	223.797	21.828	2.747	-3.398	-3.528	0.08	15.65	53466	2020-03-30 22:50:00
2020-03-30 23:25:00	53473	5.73	219.66	21.205	1.925	-3.798	-4.59	0.04	20.17	53478	2020-03-30 23:50:00
2020-03-30 23:55:00	53479	5.65	214.723	20.88	0.705	-3.547	-5.143	0.04	18.97	53484	2020-03-31 00:20:00
2020-03-31 02:05:00	53505	5.82	221.751	19.358	0.3	-3.445	-3.878	0.09	28.14	53510	2020-03-31 02:30:00
2020-03-31 06:05:00	53553	5.4	208.347	15.99	1.707	-2.905	-5.422	0.03	12.10	53558	2020-03-31 06:30:00
2020-04-03 21:45:00	54559	6.2	192.758	12.193	-1.96	-1.148	-5.067	0.08	20.73	54564	2020-04-03 22:10:00
2020-04-04 09:20:00	54694	6.5	199.908	10.201	-0.052	-1.132	-3.14	0.08	11.67	54699	2020-04-04 09:45:00
2020-04-04 18:40:00	54806	6.8	178.91	19.533	1.477	0.035	-2.25	0.05	13.14	54811	2020-04-04 19:05:00
2020-04-04 19:10:00	54812	6.83	174.903	19.895	1.353	0.223	-2.512	0.09	6.21	54817	2020-04-04 19:35:00
2020-04-04 19:45:00	54819	6.8	180.786	20.306	1.467	-0.033	-2.778	0.06	6.65	54824	2020-04-04 20:10:00
2020-04-04 20:15:00	54825	6.93	170.949	20.647	0.657	0.498	-3.158	0.06	20.09	54830	2020-04-04 20:40:00
2020-04-04 20:45:00	54831	6.73	184.257	20.978	1.808	-0.207	-2.985	0.09	9.43	54836	2020-04-04 21:10:00
2020-04-04 21:15:00	54837	6.68	185.558	21.3	2.562	-0.247	-2.552	0.03	9.99	54842	2020-04-04 21:40:00
2020-04-04 21:45:00	54843	6.68	188.309	21.613	2.237	-0.392	-2.763	0.06	9.73	54848	2020-04-04 22:10:00
2020-04-04 23:30:00	54863	6.1	145.215	22.641	3.08	2.05	-2.912	0.02	12.15	54868	2020-04-04 23:55:00
2020-04-05 00:00:00	54869	6.03	146.408	22.916	3.675	1.648	-2.48	0.05	10.76	54874	2020-04-05 00:25:00
2020-04-07 19:25:00	55676	5.23	194.149	7.096	3.955	-0.528	-2.208	0.07	15.50	55681	2020-04-07 19:50:00
2020-04-07 19:55:00	55682	5.1	191.497	7.913	4.308	-0.343	-1.765	0.06	20.34	55687	2020-04-07 20:20:00
2020-04-07 20:35:00	55690	5.3	188.179	8.938	3.635	-0.472	-3.283	0.06	5.18	55695	2020-04-07 21:00:00
2020-04-07 21:25:00	55700	5.62	194.706	10.131	3.133	-0.998	-4.035	0.06	18.63	55705	2020-04-07 21:50:00
2020-04-07 22:10:00	55709	5.73	210.734	11.132	3.528	-1.448	-2.418	0.04	8.26	55714	2020-04-07 22:35:00
2020-04-07 22:40:00	55715	5.6	210.152	11.765	4.005	-1.222	-2.112	0.02	12.46	55720	2020-04-07 23:05:00
2020-04-07 23:10:00	55721	5.65	195.662	12.374	3.607	-0.797	-2.82	0.05	20.95	55726	2020-04-07 23:35:00
2020-04-08 07:25:00	55819	5.15	219.699	19.963	-2.388	-3.322	-4.045	0.07	27.44	55824	2020-04-08 07:50:00
2020-04-10 13:05:00	56411	5.62	220.837	20.169	-1.25	-2.663	-3.097	0.06	14.41	56416	2020-04-10 13:30:00
2020-04-10 17:20:00	56462	6.02	202.429	16.81	-0.832	-1.423	-3.433	0.09	27.93	56467	2020-04-10 17:45:00
2020-04-11 10:40:00	56670	6.65	194.516	11.804	-2.008	-0.543	-2.117	0.08	29.91	56675	2020-04-11 11:05:00
2020-04-11 13:00:00	56698	5.2	223.708	14.453	3.687	-3.84	-4.015	0.06	3.81	56703	2020-04-11 13:25:00
2020-04-11 13:30:00	56704	5.27	222.924	14.967	3.865	-3.742	-4.012	0.03	4.20	56709	2020-04-11 13:55:00
2020-04-11 14:00:00	56710	5.2	211.574	15.464	3.672	-2.995	-4.923	0.05	20.48	56715	2020-04-11 14:25:00
2020-04-14 03:25:00	57404	6.9	203.222	18.41	0.817	-1.378	-3.238	0.10	27.58	57409	2020-04-14 03:50:00
2020-04-14 23:45:00	57648	6.25	186.355	13.151	-2.527	-0.375	-3.16	0.10	25.38	57653	2020-04-15 00:10:00
2020-04-17 08:00:00	58323	5.07	216.214	23.393	0.48	-2.897	-3.97	0.03	14.07	58328	2020-04-17 08:25:00
2020-04-17 08:35:00	58330	5.42	224.046	23.089	0.848	-2.885	-3.0	0.09	25.69	58335	2020-04-17 09:00:00
2020-04-17 09:30:00	58341	5.43	221.671	22.59	0.398	-2.848	-3.21	0.06	24.02	58346	2020-04-17 09:55:00
2020-04-18 07:40:00	58607	5.3	210.963	7.1	0.982	-2.232	-3.72	0.03	3.60	58612	2020-04-18 08:05:00
2020-04-18 08:10:00	58613	5.28	213.82	7.915	1.147	-2.345	-3.503	0.01	6.80	58618	2020-04-18 08:35:00
2020-04-18 11:45:00	58656	5.63	196.41	12.76	1.85	-0.767	-2.757	0.04	27.42	58661	2020-04-18 12:10:00
2020-04-18 12:15:00	58662	5.73	196.834	13.331	1.592	-0.827	-2.783	0.06	15.00	58667	2020-04-18 12:40:00
2020-04-18 12:45:00	58668	5.77	194.315	13.882	2.01	-0.66	-2.677	0.08	18.01	58673	2020-04-18 13:10:00
2020-04-18 13:40:00	58679	5.58	206.735	14.844	2.503	-1.237	-2.47	0.08	17.59	58684	2020-04-18 14:05:00
2020-04-18 14:25:00	58688	5.65	176.837	15.589	2.367	0.175	-2.657	0.08	19.21	58693	2020-04-18 14:50:00
2020-04-18 14:55:00	58694	5.8	190.886	16.066	2.902	-0.367	-1.957	0.01	16.22	58699	2020-04-18 15:20:00
2020-04-18 15:25:00	58700	5.7	185.081	16.529	3.295	-0.11	-1.35	0.03	22.34	58705	2020-04-18 15:50:00
2020-04-18 15:55:00	58706	5.68	170.624	16.977	3.335	0.24	-1.368	0.01	12.33	58711	2020-04-18 16:20:00
2020-04-24 11:55:00	60333	6.22	210.029	21.06	2.943	-0.393	-0.712	0.04	19.70	60338	2020-04-24 12:20:00
2020-04-24 18:05:00	60407	6.5	186.882	16.296	-0.792	-0.49	-4.057	0.08	29.03	60412	2020-04-24 18:30:00
2020-04-24 21:50:00	60452	5.85	220.563	12.377	-3.03	-3.03	-3.5	0.09	24.18	60457	2020-04-24 22:15:00
2020-04-27 18:45:00	61279	6.2	223.875	23.947	-1.112	-2.92	-3.05	0.07	28.52	61284	2020-04-27 19:10:00
2020-04-27 19:15:00	61285	6.23	219.91	23.706	-1.21	-2.747	-3.288	0.03	17.82	61290	2020-04-27 19:40:00
2020-04-27 23:30:00	61336	5.22	219.952	21.341	1.825	-3.165	-3.823	0.09	27.10	61341	2020-04-27 23:55:00
2020-04-28 00:25:00	61347	5.88	206.203	20.75	-0.713	-1.988	-4.052	0.06	21.34	61352	2020-04-28 00:50:00
2020-04-28 00:55:00	61353	6.05	201.715	20.414	-1.163	-1.612	-3.997	0.05	26.88	61358	2020-04-28 01:20:00
2020-04-29 03:05:00	61667	6.17	220.516	16.232	0.77	-1.688	-1.97	0.05	12.68	61672	2020-04-29 03:30:00
2020-04-29 03:35:00	61673	6.13	224.62	16.689	0.875	-1.795	-1.803	0.09	25.07	61678	2020-04-29 04:00:00
2020-04-29 07:10:00	61716	5.8	218.35	19.589	2.068	-0.845	-1.073	0.04	16.50	61721	2020-04-29 07:35:00
2020-04-29 07:45:00	61723	5.6	223.786	20.006	2.16	-1.052	-1.108	0.03	16.88	61728	2020-04-29 08:10:00
2020-04-29 10:45:00	61759	5.28	197.528	21.948	2.52	-0.363	-1.167	0.05	12.58	61764	2020-04-29 11:10:00
2020-05-01 06:45:00	62258	5.15	169.147	23.996	-0.29	1.132	-5.935	0.02	17.34	62263	2020-05-01 07:10:00
2020-05-01 07:15:00	62264	5.2	170.92	23.756	-0.573	0.947	-5.905	0.03	14.79	62269	2020-05-01 07:40:00
2020-05-01 08:15:00	62276	5.47	163.146	23.254	1.898	1.233	-4.047	0.03	19.28	62281	2020-05-01 08:40:00
2020-05-01 08:55:00	62284	5.28	153.073	22.902	3.875	1.257	-2.442	0.08	23.08	62289	2020-05-01 09:20:00
2020-05-01 09:25:00	62290	5.37	144.746	22.629	3.803	1.41	-1.977	0.06	22.45	62295	2020-05-01 09:50:00
2020-05-01 11:20:00	62313	5.37	141.029	21.507	2.363	4.048	-5.003	0.08	11.16	62318	2020-05-01 11:45:00
2020-05-02 07:55:00	62557	5.17	219.38	7.401	0.907	-2.403	-2.925	0.10	2.84	62562	2020-05-02 08:20:00
2020-05-02 21:35:00	62721	6.37	159.708	21.151	1.103	0.455	-1.198	0.06	27.15	62726	2020-05-02 22:00:00
2020-05-03 02:40:00	62782	5.48	215.915	23.952	3.28	-1.052	-1.41	0.05	24.01	62787	2020-05-03 03:05:00
2020-05-04 22:50:00	63270	5.58	207.298	21.671	0.535	-1.508	-2.897	0.06	23.21	63275	2020-05-04 23:15:00
2020-05-04 23:45:00	63281	6.0	212.716	21.101	-0.293	-1.177	-1.825	0.07	16.01	63286	2020-05-05 00:10:00
2020-05-05 00:15:00	63287	5.97	215.375	20.777	-0.192	-1.257	-1.74	0.06	28.47	63292	2020-05-05 00:40:00
2020-05-05 02:00:00	63308	5.52	200.219	19.567	1.138	-1.078	-2.94	0.05	26.32	63313	2020-05-05 02:25:00
2020-05-05 02:35:00	63315	5.57	207.166	19.137	1.257	-1.502	-2.945	0.10	8.67	63320	2020-05-05 03:00:00
2020-05-05 06:45:00	63365	5.4	184.535	15.588	0.108	-0.295	-3.978	0.08	25.53	63370	2020-05-05 07:10:00
2020-05-05 21:05:00	63537	5.6	202.353	9.44	-0.962	-1.698	-4.145	0.08	18.06	63542	2020-05-05 21:30:00
2020-05-08 21:15:00	64403	5.55	192.5	12.564	-1.71	-0.688	-2.985	0.08	18.43	64408	2020-05-08 21:40:00
2020-05-08 21:45:00	64409	5.62	191.803	11.968	-0.552	-0.745	-3.59	0.09	20.52	64414	2020-05-08 22:10:00
2020-05-11 18:35:00	65235	6.42	214.173	23.68	0.353	-1.06	-1.582	0.06	28.00	65240	2020-05-11 19:00:00
2020-05-11 23:20:00	65292	6.57	206.435	21.004	0.438	-0.948	-1.912	0.07	16.47	65297	2020-05-11 23:45:00
2020-05-12 00:50:00	65310	6.73	199.89	19.995	0.408	-0.583	-1.608	0.06	22.62	65315	2020-05-12 01:15:00
2020-05-12 04:05:00	65349	6.8	189.629	17.485	0.877	-0.21	-1.2	0.09	19.20	65354	2020-05-12 04:30:00
2020-05-12 18:55:00	65527	6.08	205.256	7.019	0.677	-1.065	-2.282	0.03	28.26	65532	2020-05-12 19:20:00
2020-05-12 19:25:00	65533	6.27	198.477	7.834	-0.642	-0.813	-2.467	0.06	14.39	65538	2020-05-12 19:50:00
2020-05-16 12:50:00	66606	5.85	219.699	14.603	-0.717	-1.97	-2.378	0.04	6.26	66611	2020-05-16 13:15:00
2020-05-16 14:45:00	66629	5.08	188.104	16.456	-2.933	-0.237	-1.618	0.07	18.51	66634	2020-05-16 15:10:00
2020-05-19 12:45:00	67468	5.83	141.226	7.05	-3.27	2.757	-3.428	0.06	22.11	67473	2020-05-19 13:10:00
2020-05-20 13:05:00	67760	5.37	151.225	23.619	3.498	0.498	-0.925	0.02	19.61	67765	2020-05-20 13:30:00
2020-05-22 05:20:00	68243	5.5	135.491	23.987	-4.032	1.527	-1.545	0.05	12.67	68248	2020-05-22 05:45:00
2020-05-22 13:45:00	68344	6.3	145.77	18.899	-0.598	2.508	-3.677	0.10	13.69	68349	2020-05-22 14:10:00
2020-05-22 14:55:00	68358	5.57	158.697	17.978	-1.363	1.795	-4.597	0.05	14.68	68363	2020-05-22 15:20:00
2020-05-23 15:45:00	68655	6.55	170.462	17.817	1.358	0.172	-1.017	0.06	27.09	68660	2020-05-23 16:10:00
2020-05-23 16:25:00	68663	6.33	222.247	18.358	1.395	-1.048	-1.157	0.09	20.26	68668	2020-05-23 16:50:00
2020-05-23 19:30:00	68700	6.63	196.251	20.603	0.978	-0.378	-1.325	0.08	18.10	68705	2020-05-23 19:55:00
2020-05-23 20:50:00	68716	6.6	173.849	21.458	-1.102	0.157	-1.458	0.07	18.39	68721	2020-05-23 21:15:00
2020-05-23 21:40:00	68726	6.63	204.877	21.96	1.23	-0.22	-0.538	0.07	27.60	68731	2020-05-23 22:05:00
2020-05-23 22:25:00	68735	6.5	210.545	22.391	0.825	-0.69	-1.23	0.09	29.64	68740	2020-05-23 22:50:00
2020-05-23 23:55:00	68753	6.52	216.437	23.2	-0.178	-1.097	-1.472	0.09	29.15	68758	2020-05-24 00:20:00
2020-05-24 00:35:00	68761	6.47	201.0	23.537	-0.173	-0.602	-1.613	0.06	20.74	68766	2020-05-24 01:00:00
2020-05-24 01:30:00	68772	6.52	216.957	23.978	-0.365	-1.333	-1.768	0.05	8.70	68777	2020-05-24 01:55:00
2020-05-26 18:15:00	69548	5.65	221.929	7.115	0.665	-2.142	-2.383	0.02	7.16	69553	2020-05-26 18:40:00
2020-05-26 20:25:00	69574	5.9	188.224	10.348	0.743	-0.467	-3.23	0.05	14.09	69579	2020-05-26 20:50:00
2020-05-26 20:55:00	69580	5.88	211.161	11.007	1.335	-1.653	-2.735	0.05	17.63	69585	2020-05-26 21:20:00
2020-05-26 21:25:00	69586	5.88	224.054	11.641	1.27	-2.16	-2.237	0.09	7.21	69591	2020-05-26 21:50:00
