Start_str	End_str	Rmag_avg(Re)	x_avg(Re)	y_avg(Re)	z_avg(Re)	Clang_avg	IMFBx_avg(nT)	IMFBy_avg(nT)	IMFBz_avg(nT)	Jx_avg(uA/m2)	Jy_avg	Jz_avg	Jmag_avg	divB_avg	Jx_med(uA/m2)	Jy_med	Jz_med	Jmag_med	divB_med	Jx_std(uA/m2)	Jy_std	Jz_std	Jmag_std	divB_std	mms1Bx_avg(nT)	mms1By_avg	mms1Bz_avg	mms1Bmag_avg	mms1Bx_med(nT)	mms1By_med	mms1Bz_med	mms1Bmag_med	mms1Bx_std(nT)	mms1By_std	mms1Bz_std	mms1Bmag_std
2020-09-08 06:00:00	2020-09-08 06:10:00	10.154203570497074	-8.864196080419042	-3.122038821162956	-3.844739197452592	108.788	-3.475	1.802	-0.617	0.0492951925063954	-0.0066354100704871	0.0115124297897505	0.0821497250056976	-0.0287608881901151	0.0655601561927029	-0.0073096893335529	0.0163106006583511	0.0772933305834497	-0.0309302828081336	0.0596623800481506	0.0251622434333572	0.0172586323711117	0.0186708829766828	0.0333025381652167	-45.08703	-10.631063	1.8431534	46.374065	-45.0549	-10.575742	1.7530475	46.32978	0.34844851	0.7981891	0.76356566	0.21024753
2020-09-15 05:55:00	2020-09-15 06:05:00	9.865407855678418	-8.606921222077622	-2.3340085103706625	-4.21833804499244	115.404	-1.885	3.352	-1.673	-0.0133317709403195	0.0120669006126634	-0.0020465475117868	0.098281531334321	0.0237813526024297	-0.0565930430263287	0.0159612980373607	-0.017226810317766	0.0888066055724034	0.0324171814599461	0.0881650053716195	0.0400837823202358	0.0270513454646533	0.0279254047566314	0.0796290900144129	-50.813046	-16.064716	3.0013196	53.436726	-50.616386	-15.222458	3.6616454	53.11492	1.0682992	1.6801052	1.9077404	1.0807511
2020-09-25 18:15:00	2020-09-25 18:25:00	8.882109561672737	-7.516201177597385	-1.0448635913560749	-4.615567627962548	74.469	-2.707	3.263	0.908	0.1428175316202866	-0.0260679876482352	0.0650959914897579	0.2146134147214548	0.0119997126338958	0.1538199502788658	-0.0247475103409976	0.0715423938073138	0.1831541297863039	0.0164914238428752	0.1469552889997647	0.0436544500756818	0.0740104719651794	0.0907418072593597	0.1044770565544595	-87.96448	-15.514532	-12.883596	90.26618	-87.84628	-15.735495	-13.020273	90.236694	1.2717658	1.5926478	0.8975046	1.1891446
2020-10-07 02:30:00	2020-10-07 02:40:00	20.128131399121692	-6.486092964182499	19.05003649168204	0.4041906720543142	54.738	-3.55	4.115	2.887	-0.0104020167086907	0.0104899942646806	-0.0095014362112319	0.1080603018468164	0.0053879347410653	-0.0171579898322433	0.0198528396113778	-0.0306384810950195	0.098468248424517	0.0084458576017601	0.0500300841081811	0.072032742349598	0.0692811360186242	0.0335125570560993	0.0374954606897506	-10.151531	6.3259406	14.741947	19.38599	-10.016587	6.2841682	15.419649	19.68483	2.2565882	1.659652	3.6408756	2.3837051
2020-10-07 03:50:00	2020-10-07 04:00:00	21.00840201196825	-7.210521703325715	19.70618556833479	-1.010601851738978	86.634	-2.355	3.403	0.115	0.0075065479909976	0.0003153609285887	0.0077610345121187	0.1338432327136614	0.0145291201166176	0.0108590435413948	-0.0058709762688504	0.0370536846916277	0.1159910360713136	0.0140141610052339	0.0637579357708335	0.0926257809871111	0.0909968094490101	0.0559258387137902	0.054868917367444	-8.727506	5.636054	12.5036	16.521448	-8.791604	5.746683	13.05246	18.034225	2.7057421	1.7235255	3.8649762	4.0676565
2020-10-19 19:50:00	2020-10-19 20:00:00	20.02313821449016	-12.19913076939398	13.62283212341177	-8.156309714608177	101.261	-2.888	4.223	-0.852	-0.0676172037844501	-0.009202837757138	-0.0221736855639292	0.0717527058855627	-0.0234975036574987	-0.0676172037844501	-0.009202837757138	-0.0221736855639292	0.0717527058855627	-0.0234975036574987	0.0	0.0	0.0	0.0	0.0	-26.916487	9.746072	4.687133	29.0078	-26.916487	9.746072	4.687133	29.0078	0.0	0.0	0.0	0.0
2020-10-20 23:15:00	2020-10-20 23:25:00	17.348539291029127	-0.4013875377079302	17.081457472285994	3.0054627076181	106.948	-0.423	2.433	-0.76	0.0170269157699093	0.005496660408432	-0.0241141513672385	0.0766469538694241	0.002543011552782	0.0197283005856026	-0.0034391593811992	-0.0505084484979257	0.0739793935065714	0.0059552853304004	0.029347987297724	0.0465381234272664	0.0469260451791369	0.0160006531646344	0.0163626862828796	-5.7169614	-2.5062788	14.9033785	18.293287	-5.2284455	-3.2660868	15.64814	17.690636	1.9028859	7.918032	3.3351748	1.9674749
2020-10-21 04:45:00	2020-10-21 04:55:00	21.32283287845613	-2.6088660435033693	21.079570949442346	-1.871129283312774	94.063	-5.632	4.373	-0.327	0.0149690673723906	0.0047790500953326	0.0141003710717299	0.1024850398128829	0.0082927369580793	0.0149690673723906	0.0047790500953326	0.0141003710717299	0.1024850398128829	0.0082927369580793	0.0601458552513348	0.0775483512365853	0.0261150225868943	0.0159942009761813	0.0017640470820121	-10.930429	9.605057	0.8043502	14.60021	-10.930429	9.605057	0.8043502	14.60021	0.83050585	1.4347901	0.79339	1.6093731
2020-10-21 05:25:00	2020-10-21 05:35:00	21.72534942445536	-2.864766755816728	21.361693749531792	-2.7303070073016094	56.395	-3.727	4.732	3.192	0.0095679449776158	0.0089663257453633	0.0131603947395686	0.0821620765630964	-0.0025847530246348	0.0345864488833544	0.0079278161665008	0.0166673263812947	0.0787296377440333	-0.0044928152125035	0.0550680688379872	0.0467840886351086	0.0352233209793163	0.0075136694619041	0.0085056277822323	-9.382367	9.116622	10.449518	16.774256	-9.813206	9.218247	10.478756	16.624939	0.89438146	0.5657557	0.9764672	1.0157982
2020-10-24 08:10:00	2020-10-24 08:20:00	14.42318341030279	1.592557765694269	14.322870803399878	-0.5861176302841502	126.975	-3.298	2.963	-2.3	-0.0073415594911235	0.0063682998204397	0.0045223862501342	0.0960069857624442	0.0051965109318367	-0.0085167856533249	0.00448413993094	0.0204834170348255	0.0928541288397108	0.0041398643709315	0.0503290080270306	0.057313682065005	0.0642999113966049	0.0291532194965595	0.0191470162981288	-12.01207	7.77751	19.585838	25.816854	-11.727751	7.0328417	19.399801	26.177004	3.6577666	7.0359316	5.027992	3.1683962
2020-10-24 11:50:00	2020-10-24 12:00:00	17.783700569389513	0.293438095734335	17.593972067167478	-2.573982276017524	109.202	-3.847	2.313	-0.822	-0.0052534257882377	-0.0001747709024153	-0.0055450260096336	0.0784318996109409	0.0008324443669894	0.002637764101141	0.0150897954568778	0.0035266489184866	0.0733659393558396	-0.0019138561126887	0.0519039523338829	0.0471376708713108	0.0428313367726393	0.0256381972265779	0.0152646769075199	-8.962549	8.049903	1.8217428	16.253414	-8.97197	8.003781	2.3080783	16.20372	4.353436	3.470268	9.416892	1.9865922
2020-10-24 12:55:00	2020-10-24 13:05:00	18.643065363262043	-0.0938859377868287	18.45279068740941	-2.654977735519434	119.935	-4.012	2.192	-1.285	-0.0149896127598138	0.0072296235452033	-0.0034574512057101	0.0785248313641912	-0.0009787989214562	-0.0325581281174996	0.0105075462390059	-0.0017814591051411	0.0789875844751409	-0.0004728802861071	0.0585388302948407	0.0373036487125873	0.0408368687280924	0.0246732138651509	0.0153016019820921	-10.754736	5.757726	-3.5897112	15.715849	-11.05266	5.9644933	-5.6966047	15.689171	2.8997586	4.4081073	7.982866	2.5060036
2020-10-24 14:05:00	2020-10-24 14:15:00	19.51043174233596	-0.5090633733031583	19.34609259097954	-2.47495221940412	117.688	-3.657	2.89	-1.535	0.051954754410809	-0.0330925788926909	0.0215632843378532	0.065264006275217	0.0052111556139252	0.051954754410809	-0.0330925788926909	0.0215632843378532	0.065264006275217	0.0052111556139252	0.0	0.0	0.0	0.0	0.0	-10.715708	6.8060055	-5.4312043	13.807465	-10.715708	6.8060055	-5.4312043	13.807465	0.0	0.0	0.0	0.0
2020-10-24 16:25:00	2020-10-24 16:35:00	21.081480179594816	-1.328401709286891	20.988615703067428	-1.462891236392565	133.306	-3.725	1.738	-1.642	0.0618044593560661	-0.0275792115956233	0.0310497025518473	0.0744613197377671	-0.0027790838779221	0.0618044593560661	-0.0275792115956233	0.0310497025518473	0.0744613197377671	-0.0027790838779221	0.0	0.0	0.0	0.0	0.0	-6.560384	3.1827073	-8.315092	11.0593405	-6.560384	3.1827073	-8.315092	11.0593405	0.0	0.0	0.0	0.0
2020-10-24 17:25:00	2020-10-24 17:35:00	21.69355781364545	-1.6736306113305215	21.610751623897368	-0.8846932284352483	130.89	-3.368	1.953	-1.672	-0.0449873398592736	0.0025005133449627	-0.0332545306789364	0.0559997957610422	0.0114717572670181	-0.0449873398592736	0.0025005133449627	-0.0332545306789364	0.0559997957610422	0.0114717572670181	0.0	0.0	0.0	0.0	0.0	-7.840283	5.965738	-5.719197	11.391632	-7.840283	5.965738	-5.719197	11.391632	0.0	0.0	0.0	0.0
2020-10-27 21:15:00	2020-10-27 21:25:00	15.125702354635688	2.214896669525344	14.499834434792843	3.692541903506812	116.237	-3.995	1.802	-0.865	-0.0078530526865354	-0.0066533990946805	0.005087036543002	0.0736795844779081	0.0091453433100809	-0.0112211941495538	-0.0047183170843979	0.0072064942311553	0.073396631843113	0.0034107539951876	0.0247729577363356	0.0352106437977028	0.0604585921580353	0.0145555888012091	0.0273695618296348	-5.461634	-3.884479	18.144556	21.067562	-7.909465	-1.5509913	17.538334	20.58989	6.347815	5.422935	2.5098786	2.510734
2020-10-31 05:30:00	2020-10-31 05:40:00	10.92506564932423	3.760914784942756	9.997169741663278	2.293949023265903	126.415	-0.71	4.58	-3.387	-0.0073502548800086	-0.0733254193211616	0.0052966084477134	0.0738829982233644	0.0241674781969425	-0.0073502548800086	-0.0733254193211616	0.0052966084477134	0.0738829982233644	0.0241674781969425	0.0	0.0	0.0	0.0	0.0	-8.979817	2.752891	29.037199	30.518429	-8.979817	2.752891	29.037199	30.518429	0.0	0.0	0.0	0.0
2020-10-31 10:05:00	2020-10-31 10:15:00	15.89360676360726	2.9480770210104867	15.570733454027506	-1.2108211704698864	121.041	-2.24	4.643	-2.817	-0.0140325750904937	0.0202979261655286	-0.0165618047682904	0.0853059720852095	-0.0006841699904852	-0.0322371393254661	0.0441574171909806	-0.0143072492353773	0.0799563354270765	-0.0010328480188379	0.0528841441760895	0.051992979483423	0.0364426683875811	0.0208368465483695	0.0130116031872092	-17.43979	19.816673	-11.361249	30.195667	-18.262444	19.922735	-10.157245	30.22276	4.451532	3.0737786	7.6496363	1.3884436
2020-11-06 20:45:00	2020-11-06 20:55:00	7.061054339716563	-4.66755379281733	2.289814743192768	-4.777277099040368	65.565	4.608	3.285	1.532	-0.0646800888734773	-0.0507784086663544	-0.0526402046086466	0.1340024073872912	0.0126504416687788	-0.0660813747791722	-0.0671354398726477	-0.0568645153439787	0.1126742619718221	0.017363247981486	0.0720049121038334	0.0456189647788283	0.0667300555132659	0.057402127681778	0.043172548789108	-124.23852	48.750343	-26.720596	136.11615	-122.12246	49.142555	-26.777512	134.48288	3.994553	1.1825378	0.9097153	4.046475
2020-11-07 06:05:00	2020-11-07 06:15:00	11.570738743915577	4.7764240252862615	10.268170164995986	2.371913535639309	84.429	4.237	3.367	0.303	0.0049706460818673	-0.016461876757233	0.0206687805173433	0.1241068054834116	-0.0005367100571339	-0.0029188551922034	-0.0333117834916023	0.0307851641978774	0.1132619699643068	0.0074980200014057	0.0533386932096678	0.0923051331754637	0.0686234598979223	0.0373474641955137	0.0629257659381618	-11.061408	5.7814207	34.376484	36.85901	-11.312482	5.811036	34.56057	36.742264	2.5512266	3.4959152	1.7135568	0.77617383
2020-11-07 13:55:00	2020-11-07 14:05:00	19.03090663778893	4.172891324358186	18.5379412195802	-1.0517987927764276	97.825	3.772	3.13	-0.353	0.0056484967817759	-0.0051655630582382	0.0088709881980535	0.0876384674568336	0.000514022390036	-0.0010790573633851	-0.0062005135363537	0.0070207615115627	0.0836940076284257	-0.0001533863352732	0.0535776488878352	0.0562445144172756	0.0499233733430858	0.0313549849205243	0.0179358825977511	2.6219182	0.8709313	-0.5296833	8.204778	2.82324	0.6252289	-0.95591867	7.834872	5.1766596	4.61934	4.7948117	3.4236677
2020-11-17 21:00:00	2020-11-17 21:10:00	14.603545406242262	6.988470190444651	11.6658175172874	5.322834775236141	95.955	-2.792	3.228	-0.382	0.0053361917302836	0.0185710423886411	0.0040652802647906	0.1097041964127098	0.0024774051339403	-0.0026135031054438	0.0453225769294729	0.0034268663213515	0.0947478998394106	0.010053808479187	0.0667914562522105	0.0803386873186085	0.0479566639938515	0.0396247306671377	0.0407406397850406	-10.366037	10.397586	3.3013654	15.548177	-9.817887	10.826771	3.0673528	15.477756	2.1341321	2.0371692	3.573221	2.4880183
2020-11-18 02:25:00	2020-11-18 02:35:00	19.256530692525317	7.386985660855349	17.371986916577104	3.801942350141253	124.522	-1.397	3.417	-2.348	-0.0367838563644436	0.005096198370363	-0.0075371299226221	0.0544321902338102	0.0065708387819251	-0.020440046969879	0.0011220144957845	-0.0181206032580189	0.0522586041535056	-0.0002673262837855	0.0289962815036809	0.0329357482507621	0.0152455363208107	0.0251185698692887	0.0132087199983188	-5.170297	10.258519	-6.3679357	13.182552	-5.1989336	10.30113	-6.472383	12.846751	1.0046328	1.0707104	0.24086063	0.9766459
2020-11-18 06:20:00	2020-11-18 06:30:00	21.82002268968869	7.282222810242314	20.55719526107813	-0.6910407416965327	124.974	-1.013	3.48	-2.437	0.002134976783171	-0.0106402990762938	-0.0109810565623359	0.0816494522141122	0.0018978019530723	0.0184158608553548	-0.0172973407368857	-0.0572285307733887	0.0823993175726102	0.0102167254073973	0.0433954421928801	0.0281843604628882	0.0622720486899137	0.0112718797241143	0.012419060035029	-0.93692786	3.7016532	-2.9307632	4.976078	-1.2078133	3.8297167	-3.2952962	5.132447	1.0877621	0.39051503	0.740311	0.5402599
2020-11-21 05:45:00	2020-11-21 05:55:00	10.715071769968011	6.412064111390571	7.702891306314445	3.7890267597380585	105.678	-4.28	3.838	-1.073	0.0109217820967794	0.0100488401343712	0.0270290631284464	0.1085225759162685	-0.0053952008482705	0.0093933090611977	0.020035568504338	0.0309354892038672	0.0944306301898045	-0.0138606695279363	0.048063346918164	0.095567443921803	0.0358799796239546	0.0436380553514145	0.0505685782407014	-16.846153	5.115459	41.27097	44.893314	-16.83718	5.1303425	41.21958	44.73495	0.8547235	1.0877639	0.6716931	0.4574413
2020-11-21 06:15:00	2020-11-21 06:25:00	11.348327422791208	6.632546399629778	8.505356129832116	3.52794397826896	96.521	-4.198	4.135	-0.445	0.0006583091254932	-0.0073718681513103	-0.0118994041501304	0.1426132797779923	0.0037926475395129	-0.009910776804088	-0.013236891097127	-0.001785800274225	0.1279965279413417	0.0125243754969215	0.0620738268647391	0.1128409506988558	0.0923473064402909	0.0705130569757788	0.0722885373192841	-12.645665	2.1430485	40.729824	44.118225	-14.004722	4.420713	40.91875	44.14655	5.7564163	9.372536	2.529593	2.0942085
2020-11-21 06:45:00	2020-11-21 06:55:00	11.957554976528243	6.830822346330518	9.26488747732082	3.2371326892781696	87.2	-4.553	4.075	0.182	0.0026232142185325	-0.0196895944232489	0.015339230428311	0.131578370988279	0.0018376350505673	0.0151232534398165	-0.0509954793108064	0.0170873864618891	0.1257695254975842	0.006848070672297	0.0470572903011594	0.0933089383037834	0.0811231537993046	0.02861639879168	0.0393932774491441	-15.075062	7.405346	34.209454	38.58728	-15.455114	6.8789573	33.948032	38.275364	2.7931485	5.4396806	1.6235352	1.8527678
2020-11-24 21:05:00	2020-11-24 21:15:00	14.23529784303445	8.136984657851611	10.104838017129218	5.858703788876991	71.615	-2.277	1.745	0.588	-0.0097804788217593	0.0060575336976623	-0.0024479114533567	0.121279676165491	0.0036780706479321	-0.0013508677756383	0.0085744640050491	-0.0008432636583346	0.1094197992913763	0.0057001973624397	0.0604783873433444	0.102439118966966	0.0605537454366996	0.0569890201438028	0.0490517184336486	-6.65284	8.60195	3.0682256	16.877907	-6.909951	7.9784822	3.8480656	17.206877	7.1141105	5.5295577	10.385939	5.6443233
2020-11-24 21:35:00	2020-11-24 21:45:00	14.74342266160041	8.291253655848664	10.635400284565051	5.959092356489073	91.808	-1.757	2.358	-0.063	0.0039538231288932	-0.0025084330863533	0.0130315824088526	0.0990094783199028	0.0045600753562298	-0.0012634871037124	-0.0033085475493425	0.0006837986721823	0.0997825328686021	-8.295905236055787e-05	0.0432197108232419	0.0641306690504016	0.0664593470385018	0.0280428461833586	0.0268144178219261	-3.5229013	3.7783422	4.847322	12.481128	-3.7090077	5.8412633	2.2954674	11.932559	3.5621772	6.5989847	8.90545	5.472423
2020-11-24 22:50:00	2020-11-24 23:00:00	15.944895463160726	8.624329757829983	11.95954526614959	6.068636881185963	65.883	-1.857	2.52	1.132	-0.0007030652236619	-0.0022008080859867	-0.0004518822174947	0.0917629986679751	-0.0054209295777168	-0.0009754015243002	-0.0058091929542267	-0.0025285523102929	0.0870551391147035	-0.0033636368676827	0.0519107382032753	0.065607249242692	0.0541882627089761	0.0389935615115939	0.0308418512243227	-6.0934587	7.4865923	-6.223676	12.868051	-5.646147	8.025557	-6.25152	12.948344	3.7492409	3.4052658	4.189298	3.0870032
2020-11-24 23:20:00	2020-11-24 23:30:00	16.399943178086072	8.738906543706328	12.493109407454376	6.042351417311997	49.66	-1.467	2.223	1.875	-0.00113569398268	0.0015327821759884	-0.0061887712529592	0.1423430421694545	0.0047094668241481	-0.0063902564526032	0.0020127042283221	-0.0120814792844554	0.1251435482224435	0.0061375654747079	0.080770454969344	0.1011151465461061	0.0917860628625864	0.0703791094743156	0.0440765240959597	-3.0202596	3.2880344	-4.3895645	12.676226	-3.0929751	3.7340984	-4.602712	12.5759735	5.969018	7.633824	7.3259373	5.1076903
2020-11-27 03:00:00	2020-11-27 03:10:00	23.432588321811988	1.7776945311797678	22.51245709648952	-6.253565018933013	65.728	-3.125	6.117	2.753	-0.002178876343864	-0.0174324780907941	-0.0275885101845467	0.0961566129997583	-0.0042148810499094	-0.0066721130152719	-0.0463406443355613	-0.0275308834202254	0.0877655685415999	-0.0043654460079039	0.0351250577769204	0.0593215774635747	0.0616451327965329	0.0194064963150612	0.0151996781511202	-7.0136714	9.094226	14.3935175	20.107185	-8.136825	8.970971	16.128798	19.286928	2.9057536	6.817271	4.042547	2.4559739
2020-11-27 04:05:00	2020-11-27 04:15:00	22.886128643434475	1.44506358920507	21.573349348195062	-7.501194570721352	79.311	-3.567	6.537	1.185	0.0113111208312672	0.0140215937305277	-0.0098116942313821	0.0580962601948146	0.0024835438610802	0.0324932049063237	0.0155575610006816	-0.0224808033831203	0.0592854641371192	0.007938147073903	0.039431117737907	0.0256029673219653	0.0290422828283076	0.0099709384663511	0.0232110515402208	-12.2192	16.05023	10.401689	23.37558	-12.060713	15.484827	10.958561	23.586214	1.6308479	2.1371105	5.0197315	1.0586432
2020-11-27 04:35:00	2020-11-27 04:45:00	22.621806378355192	1.290237940828482	21.09373854281999	-8.070080474673176	101.051	-1.013	7.502	-1.513	0.0084409802971277	-0.0158396399649027	-0.0109790698339523	0.0775965866823966	-0.0066628990840295	0.0084409802971277	-0.0158396399649027	-0.0109790698339523	0.0775965866823966	-0.0066628990840295	0.0436896161081751	0.0605694266142947	0.015027212386124	0.0149903022123033	0.0120607175482571	-11.888695	17.628685	-3.741675	21.733685	-11.888695	17.628685	-3.741675	21.733685	2.116673	0.87271214	1.1956539	0.6558237
2020-11-27 08:00:00	2020-11-27 08:10:00	20.595660541945904	0.2141017339464338	17.505338575466098	-10.84870794442964	127.08	-2.498	3.878	-2.943	-0.0577949320776744	-0.0672500935986624	-0.0411815710066783	0.0977688654606872	0.0017780765753719	-0.0577949320776744	-0.0672500935986624	-0.0411815710066783	0.0977688654606872	0.0017780765753719	0.0	0.0	0.0	0.0	0.0	-10.710814	9.343728	-7.2498226	15.955774	-10.710814	9.343728	-7.2498226	15.955774	0.0	0.0	0.0	0.0
2020-11-28 05:35:00	2020-11-28 05:45:00	10.159104947860534	6.925849747014385	5.973728924833684	4.421230326845923	131.185	-1.423	3.237	-2.843	0.0072278149821365	0.0109490370728168	-0.0050424735569169	0.0979324526397557	-0.0105209968451429	0.0072278149821365	0.0109490370728168	-0.0050424735569169	0.0979324526397557	-0.0105209968451429	0.0274197425794053	0.0931220629921054	0.0118234125685491	0.0130436944752915	0.0392755266520653	-19.89964	4.4237275	38.82153	43.903336	-19.89964	4.4237275	38.82153	43.903336	1.5276098	0.78628814	1.5760956	0.78048515
2020-11-28 11:15:00	2020-11-28 11:25:00	16.338721895376352	9.501249610951708	13.134653922017836	2.039611013574297	115.493	-1.148	2.82	-1.33	-0.0677481396187056	-0.0249215425076642	-0.0011483085591058	0.0721956530222136	0.0462939169969505	-0.0677481396187056	-0.0249215425076642	-0.0011483085591058	0.0721956530222136	0.0462939169969505	0.0	0.0	0.0	0.0	0.0	-5.3320403	10.206742	-3.9653633	12.179177	-5.3320403	10.206742	-3.9653633	12.179177	0.0	0.0	0.0	0.0
2020-11-28 14:30:00	2020-11-28 14:40:00	18.998385942227067	10.241310054616864	15.84506056144403	2.2333302193962634	57.463	3.28	2.648	1.627	-0.0023402052667266	0.0021492302816193	-0.0002905287664576	0.1177558071758298	-0.0018412189841625	0.002979947362367	0.0014316697722483	-0.0002043375185065	0.1090728941035372	-0.0028804110802267	0.0678717525238852	0.0773867885128436	0.0770329059967388	0.0517021128013574	0.0247200601559188	5.474137	0.8906748	5.02048	13.086203	5.6612315	0.7339773	5.60011	13.324712	5.899596	7.420778	6.9000964	4.711739
2020-11-28 15:45:00	2020-11-28 15:55:00	19.895568687444467	10.438987525331092	16.71736463369219	2.7184651919186416	81.894	0.24	4.912	0.705	0.0083856714334775	0.0033133659253099	-0.0666110996031432	0.067218572355303	-0.0203871095017647	0.0083856714334775	0.0033133659253099	-0.0666110996031432	0.067218572355303	-0.0203871095017647	0.0	0.0	0.0	0.0	0.0	-7.041992	14.079579	7.5776634	17.471268	-7.041992	14.079579	7.5776634	17.471268	0.0	0.0	0.0	0.0
2020-11-28 16:35:00	2020-11-28 16:45:00	20.45927479642694	10.54853057616433	17.24938766334444	3.125382708789297	98.44	-2.76	4.35	-0.655	0.0052563437059771	-0.0276578967379116	-0.0462280663432541	0.278124242694337	-0.0067055893384379	-0.0012331730872905	-0.0339304515829356	-0.0488167849032161	0.2537320171268851	-0.0067467883023844	0.1627241588940934	0.153326509196067	0.1889426805352454	0.1061321580980231	0.0728329061677394	-5.776392	10.989844	-2.0030906	13.4234705	-5.891331	9.036776	-2.061047	11.856807	4.0889254	5.784776	2.7886631	5.993813
2020-11-28 17:05:00	2020-11-28 17:15:00	20.78493558577535	10.606366368057335	17.550850168637854	3.3889681772689286	105.888	-1.975	4.488	-1.268	0.0076121928538252	-0.0001249019411829	0.0242008362271534	0.0670931818299849	-0.0012026387507429	0.0219276469229747	0.0022120708638847	0.0411470069583766	0.0649228556204028	0.0043773523530508	0.0476238720978112	0.0134867762808994	0.0377464572920925	0.0041070515828632	0.0114462888386978	-0.62025386	4.6363072	-0.67627573	4.888851	-0.33519167	4.436011	-0.39133754	4.7118998	1.2293907	0.56461704	0.5267619	0.73770916
2020-12-08 00:55:00	2020-12-08 01:05:00	17.172436027328715	1.8782905734615545	16.44121968495368	-4.587749797772269	125.351	-0.287	3.335	-2.372	-0.0335028496005566	0.0239708692412303	0.0092456575684809	0.0813074351703869	-0.0061356429862139	-0.0494808475701408	0.0359715295486167	0.018442603040345	0.0772925383817458	-0.0046172185964485	0.0413517539865285	0.0543008924809277	0.0333163046336839	0.0306619847670811	0.0229324532355308	-14.003645	12.353156	7.8219748	21.106213	-14.669377	11.097075	8.656236	21.142006	3.63615	3.3188152	3.5259655	1.0402647
2020-12-08 08:15:00	2020-12-08 08:25:00	9.150957612919951	-1.778833082045426	5.960217692251767	-6.711567564432961	116.556	-2.193	3.078	-1.622	-0.0625872534758324	-0.0023909877341409	-0.0419419101059634	0.0770179089132799	-0.0444069552992414	-0.0609428686359461	-0.0112384430718424	-0.0396234435949316	0.0806147449478296	-0.0540937944307913	0.0067842116933306	0.0136959095274087	0.007022786111832	0.0057593090567154	0.0280062191777976	-49.89169	54.77216	-25.396631	78.322014	-49.768013	54.673595	-25.404762	78.34443	0.34681562	0.16679592	0.2054302	0.111335516
2020-12-15 00:30:00	2020-12-15 00:40:00	17.549847285694444	4.167820770501837	16.682428824180878	-3.5100295477959853	97.311	-3.023	2.293	-0.313	-0.0030150444986962	-0.0042585029365554	0.0056183120817753	0.0934382979544618	0.0012592703876877	0.0141746577862941	-0.0104097456493682	-0.0001634193886068	0.0853931359905475	0.0094052560588353	0.0734232607174901	0.0513822345236419	0.0358292876093329	0.0253559132400033	0.027808856414322	-10.681471	7.256781	0.076160915	13.447437	-11.2376	7.4421825	-0.23517594	13.7719555	2.6283424	2.52385	1.902498	1.6806114
2020-12-15 08:35:00	2020-12-15 08:45:00	8.71272245229217	-1.021394409352938	5.953648207894928	-6.278197628199988	130.379	-2.58	1.135	-0.962	-0.0530815540259708	0.017533136218958	-0.054827162840097	0.0783012134553425	-0.0155132125487106	-0.0530815540259708	0.017533136218958	-0.054827162840097	0.0783012134553425	-0.0155132125487106	0.0	0.0	0.0	0.0	0.0	-47.31172	62.111145	-26.67914	82.51042	-47.31172	62.111145	-26.67914	82.51042	0.0	0.0	0.0	0.0
2020-12-18 13:00:00	2020-12-18 13:10:00	17.446891676150504	5.174088321389139	14.627394210506973	-7.97880729288163	107.805	-1.208	5.232	-1.682	0.0087612819678411	-9.66970269758862e-05	-0.0192072075663085	0.0712908129352987	0.0125583672325629	-0.0310482618035063	-0.0119395442961587	-0.014785916097427	0.0777267946735111	0.0115161419774347	0.0544069079967488	0.0346308071534792	0.0288774544816956	0.0188843333153465	0.0208047464206438	-6.8653398	16.553448	-0.45921317	18.175272	-8.354299	16.531246	-1.3020304	17.56082	2.4597015	1.1597518	1.747765	1.2123361
2020-12-18 13:40:00	2020-12-18 13:50:00	16.877061533317814	4.748199845389465	14.265621397720524	-7.6668695165799	85.409	-2.453	4.8	0.362	0.0626337705632566	0.0319264466135427	0.0208540196239513	0.0733292393443039	-0.0156259775755246	0.0626337705632566	0.0319264466135427	0.0208540196239513	0.0733292393443039	-0.0156259775755246	0.0	0.0	0.0	0.0	0.0	-10.10249	16.046371	4.6982365	19.53509	-10.10249	16.046371	4.6982365	19.53509	0.0	0.0	0.0	0.0
2020-12-18 14:10:00	2020-12-18 14:20:00	16.43448045440567	4.422709710284307	13.989117096734432	-7.405086940681251	100.342	-1.485	5.512	-1.01	-0.0114202140176748	-0.0002466897923433	-0.017393617565361	0.0756779064199476	0.0172692748865219	-0.0237051116400234	0.0063467344235362	-0.0198448874860131	0.076126662401315	0.0205947720862043	0.0566594611905734	0.043792040672768	0.0214331730668309	0.0171257943573729	0.0349607487797781	-10.082038	17.248047	1.0860505	20.085125	-10.388868	17.11944	1.0776055	20.100296	0.9189903	1.4357749	1.4672011	1.4030597
2020-12-18 17:35:00	2020-12-18 17:45:00	13.005267116371598	2.056248833637756	11.644350036093812	-5.414462919823798	83.005	-1.612	4.533	0.555	-0.0121325069161543	-0.0079248611087706	-0.0025273019040179	0.1615218489917118	-0.0040810883994923	-0.0339831181514902	-0.0053812233669375	-0.0173334382142643	0.1420246707801183	-0.006961640385924	0.1223362614336246	0.0847009351960427	0.0855861879721735	0.0599373469309838	0.076934608631417	-17.448248	23.954523	10.06648	31.657715	-17.468716	23.833124	10.716791	31.526844	2.7125654	2.9810038	3.980486	3.0777624
2020-12-18 18:05:00	2020-12-18 18:15:00	12.433848164664296	1.6894045682450167	11.190207307468478	-5.150159332697515	70.947	-1.205	4.447	1.548	-0.0310745595256555	0.0079739963209005	-0.0231024690797967	0.1018231658444659	-0.0141424505013294	-0.0565462608778407	-0.0050500075105484	-0.0321422537749982	0.0933385104911732	-0.0110238096644304	0.0739330990530684	0.0512882413879283	0.0463370065286381	0.0379299994242666	0.052733551075336	-20.78133	33.222263	16.838398	42.76404	-21.365126	33.35489	16.972223	42.636185	1.9943196	1.5429372	1.9512789	0.71888566
2020-12-18 19:05:00	2020-12-18 19:15:00	11.225734127110838	0.9417296706846062	10.161209279030077	-4.677400692777085	85.612	-1.757	4.647	0.388	-0.0446592819107841	0.0328710689940326	-0.0409161958220122	0.0689136685871721	-0.0244573531269216	-0.0446592819107841	0.0328710689940326	-0.0409161958220122	0.0689136685871721	-0.0244573531269216	0.0	0.0	0.0	0.0	0.0	-16.427414	39.135193	13.346647	44.492207	-16.427414	39.135193	13.346647	44.492207	0.0	0.0	0.0	0.0
2020-12-18 22:00:00	2020-12-18 22:10:00	7.071218613246512	-1.2747914031620209	5.9120868040523815	-3.6629222118167575	86.526	-2.657	2.81	0.153	-0.0947874302468136	0.0379991399791164	-0.074924213348285	0.1294695435080914	0.0410655207659139	-0.0956191079462861	0.0438854821096097	-0.0712883929291513	0.1274202529094272	0.0361216572503955	0.0118456058975256	0.0261407204096051	0.0113353314484628	0.0152319402333378	0.02067662670186	-57.171093	98.58084	14.09578	114.83261	-57.752182	98.19325	14.009491	114.78238	2.2050586	2.1763685	0.163296	2.916477
2020-12-19 06:10:00	2020-12-19 06:20:00	10.119951408119332	8.117312269828057	2.7300486815848046	5.3910145572894566	99.91	-2.42	2.57	-0.438	0.0023775232765949	0.0057352396466539	0.0193837739908793	0.2168958199636812	-0.0016690512040554	0.0505413450576509	0.0017691030335408	0.0144567210930485	0.1910370472023005	0.0124907457795595	0.1594360770785078	0.1264738893622415	0.1145388691779361	0.0889108513304418	0.0969746824998663	-26.352793	1.8934811	58.62631	64.33974	-26.169134	1.6652659	58.425632	64.2208	1.3456322	1.5889046	0.82028514	0.7117809
2020-12-19 06:50:00	2020-12-19 07:00:00	10.992137242592364	8.861096734635785	3.615707922255373	5.406394768994061	73.532	-1.583	2.483	0.775	0.0204904830686366	0.0156747308863573	-0.0036924484368469	0.1335339127226666	-0.0104478175771009	0.0331402520305757	0.0237094221658869	-0.0059458722625429	0.1187109807806505	0.0025524781430066	0.1005347525384889	0.0720861717307184	0.0785976333477978	0.0657960941380302	0.0864263255768453	-3.2293692	10.582191	4.7714796	12.473052	-2.2551885	8.804201	4.2589498	10.13015	3.53168	6.145775	2.9241488	6.95669
2020-12-19 08:50:00	2020-12-19 09:00:00	13.355212269657946	10.770056558397236	5.992279823925209	5.143626426381474	131.029	-4.238	3.523	-3.093	0.0014271472664188	0.020151093299233	0.0269224758699088	0.4007234620706882	-0.0301439003457158	0.0338327581249503	0.0423128607614263	0.0466703748405565	0.3312778334074495	-0.0172768604061182	0.2827730805470856	0.2750906864297858	0.2410620310402731	0.2330236760831031	0.3202062220162257	-5.1516447	14.303129	-1.6786183	16.641783	-5.540671	15.644842	-1.7280071	17.24773	4.021684	7.8413987	3.761527	6.985581
2020-12-25 22:05:00	2020-12-25 22:15:00	7.2079059986439615	-0.6110791102905958	6.347818785233834	-3.358352665662703	111.284	-3.54	0.577	-0.243	-0.0868937655248792	0.0374787136299085	-0.062534425116677	0.1199047315189187	0.0404455775125523	-0.0887686331416551	0.04379772244847	-0.0621095917865022	0.1128824928483817	0.0368901689597116	0.0160755139993951	0.0361577826388697	0.013993747307008	0.0158184229900322	0.0171802243128186	-42.586857	92.15394	17.884684	103.08508	-42.751945	92.12332	17.819086	103.10869	1.8844029	2.3050778	0.25107348	2.871889
2020-12-26 08:10:00	2020-12-26 08:20:00	12.375782625123447	10.44936437427679	3.425517988006213	5.677376774839838	60.253	-2.662	2.032	1.157	-0.0256884562790497	-0.0045018621167576	0.0124370833806995	0.0974443260526152	0.0192859960431152	-0.0452410985634381	-0.016514779471595	0.0061889265989898	0.0917953778532014	0.0119312655454332	0.0517260424638476	0.0582644296862304	0.0551051543392715	0.0211270722552235	0.0387082605405056	-13.392226	-1.8971165	35.324142	38.05138	-12.896875	-2.262214	35.106514	37.868683	2.758709	2.9848447	1.5388701	1.3138758
2020-12-26 08:40:00	2020-12-26 08:50:00	12.948098520698034	10.96420254832679	3.938300091714188	5.650296401312765	61.644	-2.39	2.097	1.137	6.829437857174696e-06	0.013320654615944	0.0005236802944595	0.1111484122912702	0.0050487013855691	0.0084750781926657	0.0273927978190493	-0.0113991102361866	0.1074204707899189	0.0015668377248478	0.0782608093064579	0.063018311906188	0.052227129418371	0.0254456190396254	0.0380587930619718	-10.580104	13.723749	25.14473	30.839087	-10.760123	13.47045	25.686169	31.880508	2.2951086	3.618441	3.802267	3.7823346
2021-01-02 08:35:00	2021-01-02 08:45:00	12.629318801697712	10.958318008342196	2.1583232334362106	5.89517889530568	55.381	2.387	2.092	1.43	0.0008222459724819	0.011996798260666	0.0044858417607746	0.119877711019988	-0.0017246266100456	-0.0171391094764222	0.017680879204802	0.0060943759830186	0.1102541780139814	-0.0005629694336952	0.0920983367054889	0.0682750757648776	0.0491192385553946	0.036747049197677	0.0513412386478465	-6.8185277	17.403105	13.761909	24.897635	-6.517918	18.492205	13.298522	25.51235	2.17776	6.8552766	6.9215026	4.3015065
2021-01-12 09:00:00	2021-01-12 09:10:00	9.585059388380031	3.4064924487569805	7.263982134481886	-5.243927501089619	95.396	1.773	4.473	-0.43	-0.0277398340745369	0.0503934547031401	-0.035682619376119	0.1016341664508784	0.0007439866487298	-0.0488954003654907	0.0507181434785484	-0.0503813033439072	0.0999202193521181	-0.0010336274743894	0.0497376479489448	0.0470595735579243	0.0398162260692144	0.0229458744029957	0.0370230685421495	-17.720917	73.790985	-3.6513367	76.020874	-16.992245	74.10116	-3.7092383	76.11489	1.9861529	1.6786522	1.311887	1.33553
2021-01-12 09:30:00	2021-01-12 09:40:00	8.872542509088323	2.737117615315146	6.691250372080337	-5.143146785141574	117.204	1.718	3.965	-2.045	-0.0440710096988182	0.0262573542017529	-0.0453526620161534	0.0939916729334699	-0.0227093540487294	-0.0489913768032667	0.0416155377970029	-0.0576166185929767	0.0889191705080759	-0.0239189962963206	0.0359310483287768	0.0399019010618019	0.0389093323250356	0.0158514983834176	0.0494099266811316	-22.696218	84.575745	-16.395393	89.10988	-22.282387	84.25282	-16.39376	88.61363	1.2031752	2.5387838	1.3666552	2.484513
2021-01-12 19:20:00	2021-01-12 19:30:00	10.802927127840055	9.110918456365424	-2.437798389204091	5.26774081575316	65.035	-1.452	4.323	1.997	0.0129702185395216	-0.0043854378247312	0.0084124086186924	0.097310283375111	0.0018429670825008	0.0550739170989186	-0.022121885257281	0.0169794534370856	0.1037553818705935	-0.0070180891745996	0.0774042134100476	0.0511803376027154	0.028066061186607	0.0136922972282766	0.019811697148082	-22.994757	5.200072	49.692562	55.00918	-23.20445	5.2104006	50.23459	55.34889	0.27021733	0.70689046	0.96352625	0.80116
2021-01-23 08:15:00	2021-01-23 08:25:00	11.154972348927556	9.223234511455678	-3.0604100466597983	5.476811043764574	126.884	-2.757	5.178	-3.893	0.0050151576248484	-0.0036153001445034	0.0003999244383509	0.2075190752673454	-0.0113106335365436	0.0310590886240381	-0.000579979003206	-0.0025438295068469	0.1829649677209044	-0.0072287605850718	0.1806939390779492	0.1006676578757958	0.0919759112901029	0.0906535203962202	0.1398437896013576	8.115078	19.331509	-18.17851	29.007471	7.1503034	19.870747	-16.842663	27.772495	5.1069674	5.0175657	7.9574075	6.569939
2021-01-23 08:45:00	2021-01-23 08:55:00	11.774348603224936	9.941900733115643	-2.8655905457068056	5.619517287553987	124.133	-3.608	4.958	-3.353	0.0024710352468045	-0.0085374722928931	0.0038883553031769	0.2954852025131407	-0.0031327317859134	0.0018319395147196	-0.0085732116748538	0.0009598427502223	0.2610528497090886	0.0005168135761307	0.2588162625154248	0.1451699248127261	0.1275265241981054	0.1307890975491098	0.1889380240091454	3.2054074	16.348074	-8.9182415	22.28084	2.726112	16.958582	-9.464498	22.65116	6.9383893	7.3131237	8.451396	5.8036695
2021-01-23 09:15:00	2021-01-23 09:25:00	12.370641478001271	10.63021823527957	-2.6754831809791138	5.733247161383367	131.973	-3.713	3.975	-3.578	0.0250009610751996	-0.0391113382770549	-0.0078926304273736	0.5123946585239118	0.017972784506472	0.0540240416167302	-0.0312830932363785	-0.0119997384637567	0.4453868930693451	0.0141373831458693	0.4470155844438176	0.2453377707520333	0.2430494415390224	0.2423950038540164	0.4189862670076411	-1.3620564	8.847196	-8.493237	18.61706	-1.2555891	7.6732035	-7.017853	15.013935	6.83992	11.16717	11.33884	10.282396
2021-01-23 10:15:00	2021-01-23 10:25:00	13.500212433633244	11.92502397782251	-2.323099886533434	5.886469659932634	126.341	-5.112	3.352	-2.412	-0.0068819580228872	0.0031696284903371	0.0632299906285187	0.0805041506106064	-0.0243235173879608	-0.0068819580228872	0.0031696284903371	0.0632299906285187	0.0805041506106064	-0.0243235173879608	0.0360444007803417	0.0334140547143697	0.00321906825587	0.0007626407067892	0.0045602318540232	-4.29717	-0.967516	-2.0728688	6.17076	-4.29717	-0.967516	-2.0728688	6.17076	0.76604044	0.99404526	3.6167784	0.52563167
2021-01-23 10:45:00	2021-01-23 10:55:00	14.036151749371752	12.53536693541494	-2.165188790365191	5.931959391819987	81.981	-6.563	3.138	0.42	-0.0068276183198692	0.0182644040949189	0.017631920333985	0.0774526476939774	-0.0108698853577957	-0.0043240651504513	0.0262423289207823	0.0101431989879597	0.0752505113893621	-0.0109823904496798	0.036874384434826	0.050352155412558	0.0383184986962527	0.0074527802324615	0.0063577095911806	-4.602245	-1.2354145	-0.3851296	6.8583755	-4.4409885	-1.6895448	0.6084359	7.15279	0.9547634	2.507983	4.374765	1.4690242
2021-02-05 15:20:00	2021-02-05 15:30:00	17.074187457082814	14.7342846705958	7.42686346856906	-4.389621713643511	121.325	4.48	0.687	-0.412	0.0052723200579211	0.0132271127221606	-0.0047622532586344	0.1282211500086011	0.0014518495953197	-0.0065149667243757	0.0226879847030223	-0.0103745309818628	0.108547616533656	0.002164484892442	0.0969737946462098	0.0841161014362559	0.0646264461380753	0.0666391966164538	0.0493158396391226	3.6792367	-0.3586015	2.0291805	12.006498	3.912525	-0.1625781	1.0725756	9.60043	4.651917	8.00714	9.190305	6.6214247
2021-02-09 09:00:00	2021-02-09 09:10:00	11.25734599703642	8.302781966568205	5.88645801362458	-4.810211923491089	95.492	-3.017	4.223	-0.403	-0.0196084508001865	0.0180515884288426	0.0067405305824064	0.1874010650686982	-0.0011455422413202	-0.0267742818478142	0.0275043700268061	0.0077204671089423	0.1680908203931442	-0.0026067561514739	0.1449494153111367	0.1319979990792474	0.0319367077066735	0.0713469327325598	0.1822520709668663	-4.257652	33.12904	9.526461	35.964268	-4.564167	34.022686	10.006816	36.56428	4.3326364	4.8036346	8.126332	4.568344
2021-02-09 09:35:00	2021-02-09 09:45:00	10.506123389998848	7.423543418624661	5.708292373649155	-4.76251177703367	99.376	-2.267	4.582	-0.9	-0.0154365444398871	0.0076378855185527	0.0024328639146305	0.1850208458077363	-0.0007779792235062	-0.0182269488543246	0.0256655370904415	0.0033994484065537	0.1570343332080785	-0.0141833076445384	0.1579026410334503	0.1279902171408553	0.0373276107336543	0.0936905539264301	0.1813364275879966	-3.6851478	35.624344	13.595351	41.5235	-3.6749775	37.629677	11.434739	40.94546	4.891874	10.948726	11.584689	4.617027
2021-02-09 10:05:00	2021-02-09 10:15:00	9.83279313682587	6.6353153042499615	5.545393741103466	-4.679855440149311	74.81	-3.427	3.98	1.063	-0.0246067673718709	0.0406525361108231	0.0031954305776593	0.1725171489247447	0.0170596683735727	-0.0308966462283198	0.0704121958623807	0.0061734278453113	0.1446143723519899	0.0029175999437229	0.1358288370573979	0.119267024522921	0.0274983370868432	0.077048169696931	0.1249545912335713	-4.2303114	41.950195	10.560724	43.98147	-4.6820316	42.1642	10.025502	43.868862	3.3223321	6.676549	5.802874	6.64542
2021-02-09 22:15:00	2021-02-09 22:25:00	12.843403414271974	10.122019600092385	-7.425698703226307	2.711895809960558	57.666	-2.243	3.382	2.125	0.004519307392348	-0.0149921455959133	-0.015170671186209	0.0874895664199351	-0.0196393063504108	0.048951653155173	-0.0176380560406083	0.0064767866139257	0.0843112052751432	-0.0099305207571567	0.0740751089658714	0.0283146931740919	0.0379873718145886	0.0235116489425117	0.0407798219612096	-8.077149	-3.387051	36.507854	37.695457	-7.814424	-2.4083123	36.845013	37.932346	1.2694528	3.1196883	0.83770823	0.7963641
2021-02-09 23:15:00	2021-02-09 23:25:00	13.943196336380945	11.407763779519977	-7.551473231768701	2.6923882709998828	63.571	-3.118	2.972	1.488	0.0216288812694773	-0.0365082481762488	-0.0263096109831848	0.0858163667809957	-0.0313727456644715	0.0466360007613304	-0.0311322636103447	-0.039653284757913	0.0740675651198558	-0.0314837264544651	0.0435112355246117	0.0343159260704525	0.04958928257245	0.0256576471537269	0.0220614058445202	3.6090794	12.181865	10.970835	17.010653	3.3282204	14.645586	8.48137	17.328104	1.4961703	4.6482706	4.027533	5.699666
2021-02-16 09:40:00	2021-02-16 09:50:00	11.174032127918892	8.635315184487618	5.061400726345653	-4.966840981117801	113.227	1.943	7.105	-3.018	0.0030231555623202	-0.002080828370386	0.0020370953508768	0.217159408163363	-0.0067935206264506	0.0403284834082251	-0.0009210548022881	0.0015909559742577	0.1966767617785456	-0.0114386735340101	0.2133594759298113	0.0584467694151242	0.0678384947030531	0.079998516908453	0.1434075719340586	-5.34608	41.50765	-0.9803089	42.28344	-5.341793	42.380043	-0.7947545	43.164356	1.8178344	4.410635	5.6800566	4.422527
2021-02-16 10:20:00	2021-02-16 10:30:00	10.310765221224411	7.614683728439867	4.987663323476571	-4.842320916109568	99.478	4.798	6.652	-1.083	-0.0481409388701064	-0.0042451491242537	0.0089333391658469	0.4477979160232364	0.0001504460362335	-0.1736038906467322	-0.00874588093181	0.0096059801366427	0.4038951218457761	0.0154802043789308	0.4354794627757739	0.1490823715305024	0.1373252480303992	0.1806060408389684	0.2989345953275888	-5.0134187	41.64298	6.578523	43.28645	-5.484185	42.050655	5.8250074	43.33908	3.3908644	4.6019454	7.67566	4.519297
2021-02-16 10:50:00	2021-02-16 11:00:00	9.631357465684143	6.809063014545603	4.923728151895349	-4.7066353910368735	90.921	-0.78	8.238	-0.083	0.0514768900555866	0.0455141510993715	-0.0560457257540542	0.9037208783685304	0.0617227640996884	0.1424702026268233	0.0188642825583657	-0.0356566340077757	0.7733111852472607	0.0315415900210559	0.8344125906042494	0.4282861761321798	0.3856749507612764	0.468582642877149	0.8176066351622785	-9.753083	60.54055	5.2080684	62.051548	-9.217245	62.843506	5.216283	64.52949	5.8119187	7.9287915	5.243417	7.819742
2021-02-16 11:20:00	2021-02-16 11:30:00	8.92184105919115	5.965308443876375	4.845947453970538	-4.53058406876166	86.939	2.263	8.047	0.382	0.0403142120016732	-0.051506606054786	0.0374665465464934	1.861836352586052	-0.0708192646539494	0.2850837652977191	-0.0810483352357511	0.0173004942992443	1.656909702388613	-0.0052045896225134	1.6574657831348976	0.8182716149703638	0.6995745564241916	0.6673927798388872	0.8484392492029584	21.937653	64.468254	25.700941	73.25723	22.621677	64.024475	25.471767	72.99541	5.898002	5.1475744	4.9206824	4.102618
2021-02-16 12:05:00	2021-02-16 12:15:00	7.795000028355191	4.619493662777725	4.6840458133014655	-4.180364624388568	92.177	2.292	9.212	-0.388	-0.1465414082630421	-0.2801247777788939	0.2468100912006973	1.126989363721495	-0.3344632063587212	-0.3685517762995589	-0.3466767758225014	0.2969218875046703	0.966761290165706	-0.3675445784167288	0.9168442367666466	0.6078044935239332	0.5048352579517807	0.5963579169842946	0.7018703583225835	44.271343	89.96641	16.36574	101.64022	43.950035	87.70962	16.837135	98.604805	1.9591714	4.077979	1.9893597	3.9286468
2021-02-16 12:35:00	2021-02-16 12:45:00	6.997711319538638	3.662259840684088	4.526977533788206	-3.879960725651204	92.548	2.79	8.99	-0.418	-0.0558768890024571	-0.0208071887712238	0.0207667375218345	1.4584404987940964	0.3076262528669212	-0.0849282399946436	-0.0089367084936624	0.0598393088975684	1.191840813915257	0.2308514741037296	1.1520029050602918	0.8455666949624757	0.6875293857481828	0.6258818737254431	1.2302903828797576	63.819527	122.16745	0.32584393	137.91846	63.814377	124.79552	0.5903499	140.09187	2.52459	5.289237	2.9211957	4.394037
2021-03-09 06:15:00	2021-03-09 06:25:00	15.63882856508802	14.216736835215224	0.7817577383744728	-6.468813762978574	51.151	-1.797	2.135	1.7	0.0054674357247093	-0.0053476697433311	0.0014015277767219	0.085384078782205	-0.0087888149793751	0.0153065363821613	-0.011784064190858	-0.0063271980005853	0.0768983238835297	-0.0148769764361414	0.0649398658588888	0.0525680539002064	0.0416543442534203	0.0385445801575089	0.0522096233535266	0.5896629	9.718244	7.416186	13.489183	0.80145454	8.820705	7.4765124	13.133528	3.2285798	3.8457475	4.302406	3.399686
2021-03-09 06:45:00	2021-03-09 06:55:00	15.157077147226175	13.715100904711932	0.8959385256511574	-6.389796665814367	56.826	-2.737	1.477	1.008	0.0068082846589448	-0.003654282403794	-0.0058973910969777	0.0996735791244796	-0.0015340733648015	0.0037303366874544	-0.0064073949558055	-0.0078301978391235	0.0913122409875847	-0.0029001598896696	0.0803748291083502	0.0651395553463017	0.0467297229358628	0.055196061424015	0.0584607530325768	-0.3368674	10.16133	4.19569	12.792067	-0.42749098	10.423854	3.739667	13.513212	3.972503	4.2226434	4.772517	3.7042358
2021-03-09 13:05:00	2021-03-09 13:15:00	7.28515782706194	5.024465641249663	3.263384800625829	-4.143725473946272	78.521	-1.903	3.467	0.702	0.0367531953185227	0.1761365152892697	-0.1296071074860061	0.2310907683532753	0.0899769196158492	0.0378411902129217	0.1732455279503691	-0.1287397339146481	0.2299047112191199	0.0876152936188408	0.0602443798978575	0.0576968288963337	0.0423293845084556	0.0672310541638722	0.0593654461662029	86.47694	60.045033	7.2310123	105.5334	86.294464	59.51924	7.2504244	105.0771	2.2881258	2.6474905	0.54130274	3.3455806
2021-03-09 23:55:00	2021-03-10 00:05:00	13.219221981629422	6.907256831719103	-11.267010038948357	-0.3002758958771421	68.539	-3.378	2.375	0.912	-0.0014211268015514	0.0010182863815406	0.0083026902593764	0.1105431969492286	-0.0059105657749539	0.0030220020645764	0.0057792515401107	0.0762218650441108	0.1116048005510703	-0.014987062404702	0.0244325113454399	0.0361002231206235	0.1024305494823783	0.0156327850875631	0.0308925159295904	-1.0262212	-2.3483183	34.74636	35.392033	-0.47878024	-1.2446166	35.290398	35.566536	2.914663	5.4240646	1.581955	1.3035415
2021-03-10 02:35:00	2021-03-10 02:45:00	15.926046582523584	9.660119520710966	-12.65638437834609	-0.3683681982969388	47.445	-3.33	2.437	2.232	-0.0075864171290677	0.0015755662757222	0.0108640921674385	0.1004866773103734	0.00092011958987	-0.009844710680184	0.0024709216134014	0.0244134884911691	0.0922670746275606	0.0028070769260978	0.0387788250971913	0.0593966460168777	0.0742635809829171	0.025046568828245	0.0171495833291249	-1.1373165	2.755302	12.715992	14.1349325	-0.65344584	2.6960373	12.717927	13.916849	3.2525554	4.4477696	2.850497	3.0450606
2021-03-10 03:35:00	2021-03-10 03:45:00	16.8286334435868	10.599297121527458	-13.070228100801026	-0.160001587850766	53.016	-3.742	2.207	1.667	-0.0078089505353927	0.0001731598070243	0.0006317608410258	0.1070680290539801	0.001446462666805	-0.0055538295012331	0.0094874367726879	-0.0033642893169509	0.0981967285293902	-0.0016957901711033	0.0653673093514063	0.0645878170835078	0.0686439205722134	0.0418844248858541	0.0242891189791055	-2.3738978	-0.2545883	3.6670725	9.26873	-2.4890926	-0.4987093	3.309575	8.627266	4.6943784	5.0671134	6.032087	4.1637926
2021-03-10 04:05:00	2021-03-10 04:15:00	17.259867261841617	11.051785420438335	-13.257422687685752	-0.0207154632255009	52.95	-3.712	1.993	1.508	-0.0025555269333765	-0.0069451298852409	-0.0168765054244712	0.1926191182471096	-0.0039332314948374	-0.0015955642128192	-0.010222348234566	-0.0336596069306834	0.1649978190997399	-0.0002178055035677	0.1126308870040462	0.1253772287679407	0.1259832487723672	0.0866856530238148	0.0436097218215342	-2.808133	3.1482666	3.3781846	13.458542	-2.1151333	3.657405	3.324368	13.019313	5.831863	7.9165545	9.227435	5.468547
2021-03-10 04:35:00	2021-03-10 04:45:00	17.678473685772264	11.493392495331031	-13.43170268487152	0.1354135293857823	53.991	-3.642	1.817	1.315	-0.0002892629802466	0.0218655099634883	0.0093334153998172	0.0828093124889677	-0.0018736494619781	-0.0002892629802466	0.0218655099634883	0.0093334153998172	0.0828093124889677	-0.0018736494619781	0.036582433898813	0.0318572417623772	0.0627725146062336	0.0012089333408308	0.0023512953727635	-1.2284601	3.5526323	-1.8740276	4.3990164	-1.2284601	3.5526323	-1.8740276	4.3990164	1.0848017	0.18721783	0.72215855	0.15590405
2021-03-10 05:05:00	2021-03-10 05:15:00	18.084952114082444	11.924472663586064	-13.59335907940315	0.3027480442373396	56.027	-3.342	2.398	1.577	-0.0254550075272942	0.0066257423545374	0.115778560742131	0.1187288212587097	0.0163449427420202	-0.0254550075272942	0.0066257423545374	0.115778560742131	0.1187288212587097	0.0163449427420202	0.0	0.0	0.0	0.0	0.0	-4.655644	3.693851	2.7553961	6.5507073	-4.655644	3.693851	2.7553961	6.5507073	0.0	0.0	0.0	0.0
2021-03-26 22:45:00	2021-03-26 22:55:00	11.674629216077395	9.688682525019026	1.3979933194556142	-6.361527327840732	70.103	5.025	2.17	0.795	-0.0368770260562032	-0.0189311202982385	0.0344480592333665	0.348793484472661	-0.022990183113857	-0.0743517870468884	-0.0337481947613204	0.0494185521322863	0.2978830984879711	-0.018576065491203	0.3018546732581826	0.1764023638579641	0.1821786968714103	0.1914972367349157	0.2032858738930512	13.042568	14.058015	18.584421	28.332878	12.793807	15.059524	18.005968	27.869421	4.9687066	7.659724	3.7488835	2.7890153
2021-04-06 11:55:00	2021-04-06 12:05:00	10.52191929898888	8.208148546824178	-1.449686774225589	-6.421156411129629	87.988	-2.333	3.882	0.145	-0.1699086373228679	0.0461338908765381	0.1775290587597624	1.3336497903444942	-0.1322272146555823	-0.3193193791564575	0.0326084774628013	0.2056489944195279	1.1667306326137696	-0.0766895237144125	1.0278108198145046	0.6991430896490909	0.7470712907255898	0.6222569717574689	0.874850491144844	15.291191	28.141445	18.009048	37.4775	15.512373	28.954735	19.138103	40.469147	4.745293	7.0109806	6.345868	7.58063
2021-04-06 12:25:00	2021-04-06 12:35:00	9.857064166598413	7.662674030855309	-0.8896184873958409	-6.135849952837397	105.481	-2.123	3.577	-0.952	-0.0508846179736014	-0.0298426143897309	0.0535345314891355	0.6838078686176308	0.007433128342219	-0.0895899025766987	-0.059208329071937	0.0718378737836242	0.526814148166075	0.0207057210746712	0.5482791754561611	0.3807489641105113	0.445795818896306	0.4278624906600848	0.343673742988661	36.54069	-4.609916	36.06619	51.595997	36.328827	-4.60621	36.449135	52.14227	1.1671361	1.652847	1.7630528	1.5161994
2021-04-09 22:30:00	2021-04-09 22:40:00	12.580525151320291	9.557550853050031	-1.0990390856863073	-8.106308419377365	70.194	1.732	1.937	0.663	-0.0063582409163071	0.0087364505024797	0.0023394494478816	0.1418531904210174	-0.0082667963881087	-0.0380889871956496	0.0114581508564512	0.0246106960391805	0.1288077852766656	-0.0081501733860527	0.1022773652333271	0.0688059168511345	0.0872472583196264	0.052980146310841	0.0902807364580178	6.1787972	14.611309	6.5947814	17.571743	5.8689632	15.047404	6.147568	18.335758	2.4758248	3.5767975	2.7451463	3.5849547
2021-04-10 02:15:00	2021-04-10 02:25:00	7.604846592695604	5.661198944476451	1.7414877920581715	-4.769316024373615	80.707	-1.087	3.262	0.533	0.0306774983945521	0.0803320489097354	-0.0341445597134022	0.0953732703186541	0.0476682670010556	0.0308320133268017	0.0817122765039656	-0.0329924545386956	0.0955706563541269	0.0494766859713287	0.0169067113613399	0.0196916097000316	0.0135268650449613	0.0179083700014691	0.0190318387513663	92.70473	32.117313	-3.9246361	98.199265	92.91429	32.355057	-3.5369582	98.451836	2.5102654	2.0220637	0.99821544	3.0633316
2021-04-10 02:45:00	2021-04-10 02:55:00	6.81169678357907	4.940499431566113	2.081925113104304	-4.201108559561001	81.062	-0.64	3.457	0.542	0.0295218420701547	0.0657285545665197	-0.0389197245264416	0.0826344743251604	0.0316386302112121	0.0276384665973471	0.0644138838318008	-0.0352021814540364	0.0827344695966936	0.0280430553194846	0.0078951940435041	0.0109042657807951	0.0072355324718584	0.0105669620133579	0.0118187179860043	127.185745	58.95762	-11.860602	140.69458	127.64928	59.61265	-11.832089	141.37894	3.9130993	3.3166516	0.85630864	4.99709
2021-04-10 19:00:00	2021-04-10 19:10:00	18.372535142571586	3.8415513745288017	-17.677577504519633	-3.2078854746336103	60.078	-2.478	3.667	2.195	-0.017088174417398	-0.0116692821648655	0.0204051023524693	0.082644124067594	-0.0005939088210644	-0.0130043122484961	-0.0138024318812076	0.0584524355109735	0.076951583334899	-1.7872635503672002e-05	0.0306121032671368	0.0399005678197585	0.0602427307200659	0.013146771225853	0.009752006251453	6.182518	5.3481936	11.48245	14.441597	5.760774	4.6318526	11.816064	15.494692	2.492645	1.5575217	4.612126	4.474873
2021-04-10 19:30:00	2021-04-10 19:40:00	18.7552803326784	4.103238451962863	-17.913087991879898	-3.747076808899596	85.373	-3.342	3.857	0.32	0.0035953744549109	-0.0035999539614186	-0.0162835121385294	0.0885566997154855	-0.0040732097204425	-0.0004954710259926	-0.0179989397790904	-0.0180714393196436	0.0843042311776166	-0.0028383778818676	0.0416348180874215	0.0625655098793673	0.0525747237903393	0.0293385884856562	0.0149619595882707	-0.37088174	6.495884	-0.50705445	9.62294	-0.037365258	6.154048	-1.9222562	9.576026	3.6595979	4.6799383	5.4877696	3.9243174
2021-04-10 20:15:00	2021-04-10 20:25:00	19.30922031701682	4.489470812319924	-18.23358272174121	-4.497045685787686	119.281	-2.717	3.75	-2.11	-0.0027244301949368	-0.0024700182558818	-0.0061772466285812	0.1199141085619625	-4.3311580866994416e-05	-0.0041655194115895	-0.0065778276776694	-0.0134959721867937	0.1076812127095151	-0.0014806858159279	0.0530511447178745	0.0718827719418505	0.0880062934223483	0.0374025800397926	0.0177205115801365	0.9451795	7.0614657	-8.216831	12.525163	0.8875476	7.2702293	-8.071569	12.588217	4.2987027	4.124146	4.3614397	3.9879665
2021-04-11 00:35:00	2021-04-11 00:45:00	22.08557228844	6.574602217255081	-19.993461036663437	-6.69388849518742	77.821	1.535	4.362	0.935	0.056090577889905	0.0420371721125698	0.0107896439960002	0.070920329841349	-0.0138641727727505	0.056090577889905	0.0420371721125698	0.0107896439960002	0.070920329841349	-0.0138641727727505	0.0	0.0	0.0	0.0	0.0	-2.90162	4.8104024	-3.9972217	6.8947186	-2.90162	4.8104024	-3.9972217	6.8947186	0.0	0.0	0.0	0.0
2021-04-14 07:30:00	2021-04-14 07:40:00	18.7495915167649	2.9633758737341744	-18.512209359827327	0.2505313810535164	75.057	-2.118	4.52	1.203	0.0094607247223954	0.0110140836282877	-0.0084796985089022	0.0898230314518335	-0.0015411937344796	0.0124517993214048	0.0150622684717876	-0.0176018729039408	0.0810902683475972	0.0013611704525519	0.0606531116892564	0.027340334537259	0.0605114181439183	0.0173916426491419	0.019063781564294	-2.5103712	4.832364	0.66262287	6.570503	-3.1834683	4.489228	0.41727856	6.4760537	2.0223174	1.3564314	2.9800627	1.3159451
2021-04-30 20:00:00	2021-04-30 20:10:00	15.35214070993029	7.973844398931721	-7.3137904261262845	-10.890837618972368	52.515	1.865	5.763	4.455	0.0041545655288078	0.0055969300624254	-0.0639502482621776	0.6662605193019084	8.429600826697285e-05	-0.0140928465189878	-0.0413518439148819	-0.025640121325789	0.4858678417162914	-0.0114973122486871	0.3729991527305681	0.6029647492641395	0.4646264929534946	0.52802251416048	0.8031796844302512	2.3711433	10.125784	6.631322	13.74	1.7899536	6.9196653	5.2053986	9.459458	4.9981017	7.408953	4.4093766	7.9156094
2021-04-30 21:10:00	2021-04-30 21:20:00	14.196925290481536	7.686379788126104	-5.876132391324827	-10.389423663570652	69.025	-4.16	6.182	2.372	0.0035031611816634	0.0118440085228833	-0.0108893526683393	0.365365728730652	-0.0302152840199581	0.002226641931889	0.0148565443696942	-0.0073692044362886	0.330664820485897	-0.016336334214172	0.2011262361549985	0.265547400595831	0.2375665435805222	0.1848893247558795	0.2948066926317325	2.1238515	20.211187	-0.6396825	24.9861	2.4846625	20.908834	-1.0620954	25.200891	8.825731	8.455981	10.269857	6.6312904
2021-04-30 22:25:00	2021-04-30 22:35:00	12.856849177434754	7.298892022303401	-4.473690325064067	-9.592093250292368	76.601	-1.077	6.723	1.593	-0.0008485270560433	0.0050072562433412	0.0039993870550088	0.0952218965042293	-0.0107777044383037	-0.0126176930443301	0.0069963098013733	0.0068167851139542	0.0875495120047818	-0.0099814957849812	0.0593009186213036	0.0460768710084284	0.0714671443391097	0.0414946725188896	0.0743400695238787	4.7254224	24.859024	-0.68314165	25.445032	4.6032276	24.675991	-0.7669413	25.34206	1.6069186	1.8553066	2.0229244	1.8531818
2021-04-30 22:55:00	2021-04-30 23:05:00	12.287643546273308	7.116055233490392	-3.945501281862677	-9.20752321675701	71.75	-1.563	6.508	2.155	-0.0006525241896412	0.0094347578826855	0.0034169007148464	0.095249827413589	-0.0127153607385213	-0.0036428023944471	0.0130591066431072	0.0144190652040238	0.0903543741870175	-0.0123524803135055	0.0572092085798549	0.0504644519012761	0.0671509787042674	0.0368428341101783	0.0842383751985508	9.612404	24.536661	5.0344467	26.943024	9.528046	24.486416	5.082659	26.758759	1.7369449	1.1035172	1.8080306	1.1700553
2021-05-01 00:05:00	2021-05-01 00:15:00	10.875883670186278	6.612364367124567	-2.75661063585398	-8.18291126791323	78.2	-2.23	5.725	1.168	-2.677524704657955e-05	0.013369717701208	-0.0003956223379692	0.2103913866917312	-0.0245426387846444	0.0123780293474183	0.0116588669363105	-0.0044649859732969	0.1917467366671197	-0.0203764502119596	0.1423995923756165	0.0813361124603616	0.1653064645274227	0.1006668033899506	0.1639516390153866	2.3289535	23.268347	-1.3175852	23.533474	2.3426106	22.76398	-1.2511876	23.113201	1.734465	3.6910596	1.5344568	3.706533
2021-05-01 00:35:00	2021-05-01 00:45:00	10.2311607659017	6.356749925478532	-2.2540958086207072	-7.693158909101482	67.934	-3.483	5.375	2.178	0.0558307665615609	0.0125604006048231	-0.0690249048950792	0.9090023874650044	0.0423095811326324	0.1774577659676864	-8.542486630262335e-05	-0.2360702194762292	0.8134110183282468	0.0175625157536599	0.5563731444537428	0.4251319434416025	0.6621911042205718	0.3324744184889136	0.8099389534143849	10.309587	29.576715	4.9472446	31.974998	10.640913	29.687157	4.8488274	32.237213	3.2645035	5.4151626	3.0639625	5.7020288
2021-05-01 01:05:00	2021-05-01 01:15:00	9.559936976261522	6.071915796306835	-1.748273477043206	-7.173890358156527	58.301	-4.293	5.24	3.24	-0.0863243256522931	0.0570468572075841	0.1048032056958762	1.8067998558531173	0.0785691223492421	-0.1698820466194058	0.1238191309712732	0.4231068881060796	1.6597621677014345	0.0190619032843989	0.7795090184785888	1.3572266373841606	1.0505804731406183	0.5572988530302286	0.5801601583332573	35.99891	-16.181887	24.43207	46.666714	36.60148	-15.888714	25.259478	46.823776	3.1982915	3.453317	3.5443764	3.4111977
2021-05-01 01:35:00	2021-05-01 01:45:00	8.860075951335206	5.752776466182198	-1.2339825608680577	-6.624213793291056	47.613	-4.888	4.398	3.937	71.84143257644803	-53.01088363484289	-95.40682084476684	150.27270343937883	-79.54679509806918	33.083189100365274	-55.01180489962239	-49.21027479698769	79.98901901721646	27.72178052123384	182.70753586774407	48.369415736494695	217.0614442522537	278.0813476404634	408.7622623131931	49.663128	-12.937484	11.529573	52.59978	49.671078	-12.939353	11.519456	52.60336	0.025527256	0.012524097	0.027011834	0.020115502
2021-05-01 09:40:00	2021-05-01 09:50:00	8.152457660374791	-3.855461053807259	-5.965067188571521	4.001310647385594	87.071	-3.948	4.065	0.182	-0.0157085446998504	-0.0305254713658183	-0.0005584930175515	0.0986545022444241	-0.0064602831760975	-0.0235819804981652	-0.08039677064611	-0.0015391346956678	0.0922286102757434	-0.0011048878055623	0.0385882706009626	0.0832648463304773	0.0173246497862862	0.0129767728144084	0.0296567610520504	56.564392	71.89069	5.5065875	91.76326	55.942272	71.99048	5.8862023	91.64654	2.9165764	3.47962	1.7202773	1.0965773
2021-05-03 22:25:00	2021-05-03 22:35:00	22.5281143315534	7.506696714470735	-15.39932901831817	-14.629601940386728	72.87	-0.035	4.447	1.375	-0.0109416625961664	-0.0037744621372109	-0.0004583268605414	0.0701611086344895	0.0002949872748938	-0.0109416625961664	-0.0037744621372109	-0.0004583268605414	0.0701611086344895	0.0002949872748938	0.0514670269040047	0.0449783277381537	0.0149528504514832	0.0103483334197727	0.0122953089845839	-0.86112136	4.400295	2.53936	5.3392878	-0.86112136	4.400295	2.53936	5.3392878	1.0109968	1.587006	0.3289528	1.3013031
2021-05-04 00:00:00	2021-05-04 00:10:00	21.635941067954963	7.579287112677824	-14.50674363625276	-14.149997612812028	65.811	-1.133	4.492	1.997	0.0067273965194832	0.0081050767619754	0.0028606561998578	0.0735801682947947	-0.0004544144226611	0.0064361851304348	0.0100352807200006	0.0017439084268691	0.0680393853909737	0.0013554540973308	0.0465026683983072	0.047779704807074	0.0462692551281037	0.0359351450612758	0.0149990404760683	-2.7470663	3.9000168	3.885883	9.246718	-3.1721108	3.7458777	4.0945225	8.378433	4.572852	4.329474	4.392729	3.3624687
2021-05-04 09:10:00	2021-05-04 09:20:00	14.520423912352143	7.069500646175485	-9.719983090755248	-8.14774879365313	112.044	-1.273	2.975	-1.162	-0.0045406471034799	0.0049754719926391	0.0027441655500549	0.0955136671385382	-0.0009238852690054	-0.0084515610880118	0.0070756358572242	0.0046549060714784	0.0874891005788971	0.0015422503562582	0.0611698112629618	0.06510232169464	0.0641039648940403	0.0549492406416834	0.0704892889003609	-1.2994359	8.668291	-7.6733336	12.115823	-1.1700323	8.631345	-7.6422963	12.03926	2.2288985	2.2807121	2.2904856	2.0810235
2021-05-04 10:00:00	2021-05-04 10:10:00	13.656188864742203	6.89529845022922	-8.830282822964946	-7.808383680119615	52.537	-1.267	3.512	2.713	0.0021144321836875	-0.0060377100655303	-0.0034492614402423	0.1110999596043473	-0.0028313340906938	0.0149548477241312	-0.0093443175583337	-0.0214186694478752	0.1026495615796021	-0.0025149384960178	0.0604433162705581	0.0706280546307482	0.0674137035394638	0.0299323429471156	0.0509212436776553	7.745142	12.402906	5.932662	16.081615	7.642752	12.557928	6.298176	16.16212	1.2921699	1.7245774	2.5194914	1.178582
2021-05-04 10:30:00	2021-05-04 10:40:00	13.11397896090651	6.773680420079342	-8.243033605762255	-7.625221568954946	50.026	-1.345	3.453	2.932	-0.0007238511727432	-0.0028776008381981	-0.0015603364437346	0.1245285679065407	-0.0040657132464681	-0.0007471621835924	-0.0077722987147889	-0.0072025515528365	0.1082340020006962	-0.0185394431822705	0.0615098062936998	0.0979322291937932	0.0704659162970178	0.0533244607736492	0.0690966795661498	11.483963	13.026423	8.077755	19.618393	10.884762	12.698758	7.6205063	19.793278	3.0033245	2.0599263	4.031185	3.3840163
2021-05-05 05:50:00	2021-05-05 06:00:00	17.00986227162002	-3.7611210735836775	-16.538513575362046	1.290750679505623	74.254	-1.465	3.185	0.898	0.0030985753387449	-0.0042539904249853	0.005167505925066	0.1041553083092353	0.0050636638495636	-0.0077805283506597	0.0023086095921908	0.035602375703541	0.1011266392592558	0.0020931184529522	0.0498508389294769	0.0379315767012713	0.0885395981017523	0.0311326766789555	0.0232829388394912	7.680384	3.2450466	15.756747	19.533108	7.5945325	3.8938673	16.393272	19.530901	5.095219	4.7068653	4.248836	1.5556132
2021-05-05 07:15:00	2021-05-05 07:25:00	18.17168069243759	-3.525487656588784	-17.73907261026166	1.7622327890781249	72.331	-1.875	2.955	0.943	-0.0242979262376945	-0.0165774868219665	-0.0199185356820215	0.0899215892466187	-0.0027697243186016	-0.0417979675303677	-0.0273917722160709	-0.0424364277387069	0.0880838538729518	-0.0039566836133371	0.049074474370484	0.0427365264799702	0.0541943771573553	0.018649487543883	0.0028030570105454	8.838707	5.553213	12.895156	17.144625	8.302262	6.64121	11.709267	16.92057	1.8076386	3.492919	2.2115037	1.2909749
2021-05-05 12:00:00	2021-05-05 12:10:00	21.44439118934771	-2.6070175065318875	-21.22556916587972	1.5932913325641045	74.488	-0.918	2.748	0.722	0.0242459722414773	0.0467943975282931	-0.0180365613280581	0.0646918671846951	-0.0101199002289818	0.0359343212718435	0.0507539476841445	-0.0211365646050288	0.0649027590472879	-0.0056325841568967	0.0211944514700506	0.0067558782642052	0.0245474474726944	0.0039097974795073	0.0104383186854697	3.1737835	3.5082643	5.802071	7.8508353	2.5582938	3.511768	3.6582372	6.9709244	1.1484346	0.12168754	3.1142504	2.3327036
2021-05-05 12:30:00	2021-05-05 12:40:00	21.74017864969778	-2.502746491702117	-21.55720045084741	1.2868543829813757	83.156	-0.502	3.773	0.453	-0.0334598442722839	-0.0294650780598997	-0.0442607973731354	0.0628233251898308	-0.0030468037179266	-0.0334598442722839	-0.0294650780598997	-0.0442607973731354	0.0628233251898308	-0.0030468037179266	0.0	0.0	0.0	0.0	0.0	5.11632	7.0640655	7.2821198	11.362527	5.11632	7.0640655	7.2821198	11.362527	0.0	0.0	0.0	0.0
2021-05-05 13:45:00	2021-05-05 13:55:00	22.44341395373632	-2.237914366893962	-22.330263524062584	0.2298001433856086	66.098	-0.763	3.408	1.51	-0.0107303011771317	0.002545233598528	-0.0069386377832812	0.0794139155684488	-0.0049053595388028	-0.0126689232703788	-0.0176294668284548	-0.0141354739722149	0.0723679843658069	-0.0046909514003523	0.0421561027800529	0.0554133268581535	0.0469932009583378	0.0303204059537395	0.007475346243254	5.827143	6.890747	5.569775	11.617221	5.8923817	6.82251	6.0421	11.613106	2.776391	2.4729352	3.5328276	1.9506929
2021-05-05 14:55:00	2021-05-05 15:05:00	23.055018810683404	-1.9862797653436013	-22.94259233508004	-1.103888866829985	67.778	-1.86	2.845	1.143	0.0045797975144304	0.0086042799885864	0.0084100068612605	0.0791626880727594	0.0119951120390482	-0.0036016947320211	-0.0072909322665807	0.0171070468430492	0.0835347344705561	0.0125136324665467	0.027308143759811	0.0530093015808384	0.0550858128387578	0.0221172502291325	0.0071589566269785	1.5405763	2.7186258	7.1873283	9.695834	-0.05695018	1.6723185	7.1301713	9.50351	3.816603	2.601371	4.336215	2.7475696
2021-05-05 15:25:00	2021-05-05 15:35:00	23.30442975087981	-1.8773517110856768	-23.161787757388463	-1.7593310013468957	55.457	-1.83	2.468	1.7	0.0098182462689211	0.0054059749977117	0.0087479642711675	0.0895144074429389	-0.0020219022480576	0.0077920980363183	0.0073338491330992	0.016622703924195	0.0866730365613842	-0.002408731940651	0.0453196099870561	0.0558261867516439	0.0542081259282175	0.0172705343796885	0.0079111409716715	2.456674	3.7057536	3.7556984	6.4977245	1.8666729	3.8822172	3.457562	5.667707	2.302516	1.8414263	2.0333016	2.1164706
2021-05-05 15:55:00	2021-05-05 16:05:00	23.54642706034856	-1.7678645340510577	-23.351384205468637	-2.4520858462895774	52.251	-2.015	2.263	1.76	-0.006485294790868	0.0037411731298422	0.000469898744122	0.0682678126829603	-0.0012363144037071	-0.0093238964179049	-0.0003134256460323	0.0009802340186855	0.0666229418465803	0.0017319966932847	0.0369327951752454	0.025972081628367	0.0545830096827929	0.0203388129158255	0.0144058891420738	-0.22447173	2.327952	6.195527	8.818215	0.18195555	2.3699813	6.9439373	8.676993	3.7798579	2.988675	3.9569201	2.2293746
2021-05-07 13:00:00	2021-05-07 13:10:00	21.085218873400773	6.596167666214193	-17.889978503281714	-9.00123291880581	106.498	0.232	4.755	-1.408	-0.0518045481384291	0.0292316877905034	0.0289039205438417	0.0661334968205447	0.0480825778271098	-0.0518045481384291	0.0292316877905034	0.0289039205438417	0.0661334968205447	0.0480825778271098	0.0	0.0	0.0	0.0	0.0	0.4838932	5.16904	-1.0225427	5.291382	0.4838932	5.16904	-1.0225427	5.291382	0.0	0.0	0.0	0.0
2021-05-07 13:30:00	2021-05-07 13:40:00	20.770977122876044	6.628175194910457	-17.385040976955835	-9.23346127080986	81.453	-0.187	5.013	0.758	-0.0029676515018622	-0.0207856639101201	-0.0349737451751752	0.0802943407513395	0.0160735049620861	-0.0022229438804615	-0.0237761031802899	-0.0599805093072596	0.0796420103957379	0.0134944665022822	0.0302499826577638	0.0274181877211252	0.0560398879124716	0.0049112096732976	0.0122373768013438	-0.3139096	5.123893	1.1337321	5.415101	-0.27846086	5.1184254	1.5877925	5.430711	0.41959962	0.65263915	1.1961124	0.5895144
2021-05-07 14:30:00	2021-05-07 14:40:00	20.11516815532688	6.681777802617213	-16.26715500146268	-9.764611073951144	64.522	-0.675	4.495	2.138	0.0008740357989684	0.002674547902646	0.0142870674036836	0.1095435953725758	-0.0034885233385269	0.0136535582193741	0.0148928706759468	0.0306367565884233	0.1067221389311304	-0.0066439654834072	0.0688726569510135	0.057375357704705	0.0680615648728933	0.0296646138200064	0.0360240594864625	-1.2252944	5.4728575	1.6810964	7.5881515	-1.0311621	5.456089	1.4207021	7.5343313	3.2968607	2.898384	2.7513576	1.8813397
2021-05-07 15:00:00	2021-05-07 15:10:00	19.77310005197192	6.702981767496044	-15.656851633269111	-10.044999774549574	51.42	0.003	3.805	3.033	0.0026365746649844	0.0057135935652808	-0.0030202952467544	0.1407311489771329	-0.0020163569971241	0.0042722679537653	-0.0009801934679521	-0.0050848748717999	0.1298254567151924	-0.0008602928107791	0.0766068199107909	0.097522375475872	0.0876330754999949	0.0574650943202563	0.0596272007685591	0.17282183	5.6727047	4.05145	13.9516115	0.9500853	7.024965	5.365464	14.65689	7.1592875	7.3789053	7.8575687	4.628309
2021-05-07 15:30:00	2021-05-07 15:40:00	19.421216731740472	6.720163050302447	-15.015783222057053	-10.321935747818197	51.261	0.203	3.558	2.855	-0.0059985392226693	0.0028833004972324	-0.0037817664403685	0.0630660014629985	0.0085422563444301	-0.0266470789692854	0.0230610833080719	-0.0030152997173887	0.060853884875965	0.0078124846625434	0.0431584039661519	0.0369468263295121	0.0341562999888897	0.0218093041865513	0.0144707963292043	7.0451694	10.48388	4.4703593	13.633702	6.9650064	10.58671	5.066333	13.689672	1.3894384	1.3862725	1.9366069	1.1203381
2021-05-07 16:15:00	2021-05-07 16:25:00	18.87431211004951	6.737850914625857	-14.005587791141355	-10.70874505728132	119.869	-2.56	2.803	-1.608	0.00997341148982	-0.0096730160491809	-0.0177187393851723	0.1352016971941828	0.0074696664370921	0.0110368302687126	-0.0145715991510042	-0.0272968222364575	0.1263136581758733	-0.001242185094408	0.062115970222475	0.0963134683451236	0.0805312858565557	0.0429820534700468	0.0580852200501991	-4.0287275	5.7309556	-9.29717	13.722582	-4.149256	6.2570887	-9.891284	13.963278	4.847633	4.341346	4.7137156	3.430537
2021-05-08 02:45:00	2021-05-08 02:55:00	7.77339108655675	4.854213864803303	-1.2219789969130124	-5.946784200968373	78.544	0.295	3.837	0.74	0.0190829013376694	0.0687732976151792	-0.0033257599391414	0.0769944743559744	0.0374657912305187	0.0214084505301838	0.0752761127315783	-0.0062774165482106	0.0814544115897895	0.0417981786437945	0.0177038975852109	0.0212072588683262	0.0199725223086004	0.0184095804387994	0.0164790604188788	83.12636	-20.138792	-20.837029	88.04045	82.68276	-20.179617	-20.354311	87.52297	3.1574805	0.20458773	1.5437622	3.319257
2021-05-08 20:45:00	2021-05-08 20:55:00	19.16443219610043	-4.445633538659823	-18.394654531009728	-3.024141372436296	61.766	-1.192	3.677	1.977	0.0034376249715357	-0.0011799071155426	-0.0105770843079733	0.0837785005856026	-8.223996843820153e-06	0.0068296163291456	0.0037443234804298	-0.0179109218642307	0.0818814742750384	-0.0029070835539397	0.0483293311426372	0.0267669540313959	0.0643609226322919	0.0173427055912797	0.017420431281201	10.325601	1.9765626	14.437174	18.482769	10.576448	1.786803	15.025366	18.461796	2.4034598	3.433076	2.4473658	0.9467538
2021-05-26 09:00:00	2021-05-26 09:10:00	19.2427523387955	-9.529314488494697	-16.09444001139386	4.521538698922304	75.665	-0.888	1.723	0.437	-0.000497539644716	0.0019536363005812	-0.0023870906303938	0.0683955086658714	-0.00244736642456	-4.250831146463893e-05	0.0032992960248014	0.0014803788635502	0.0672866317151572	-0.0024599333257063	0.058543732371543	0.0237095776019521	0.0261712460310232	0.0025027235919344	0.0039539106858062	16.456734	6.2187095	7.590801	19.214787	16.41198	6.4951735	7.6367736	19.111515	1.0782902	1.1440382	0.82435626	1.0294379
2021-05-26 10:25:00	2021-05-26 10:35:00	20.227489964031903	-9.66721609613823	-17.160314287229156	4.606435209643544	105.59	-0.93	1.713	-0.477	-0.0629847955740753	-0.0272637261109012	-0.0473069379218728	0.0833567130500131	-0.0065122004993234	-0.0629847955740753	-0.0272637261109012	-0.0473069379218728	0.0833567130500131	-0.0065122004993234	0.0	0.0	0.0	0.0	0.0	16.082434	7.2178783	9.445045	19.998783	16.082434	7.2178783	9.445045	19.998783	0.0	0.0	0.0	0.0
2021-05-26 10:55:00	2021-05-26 11:05:00	20.55659652777925	-9.704924051844928	-17.54128279220521	4.5486913720744	116.156	-0.205	1.875	-0.922	0.0238939451716517	0.0203798026646611	-0.0026772598571854	0.0747764178356603	0.0056226422939912	0.057950824906302	0.0405851368073741	0.0076145692004219	0.0766115165919966	0.0039501172917206	0.0492517389215629	0.0337132106634382	0.032320867850832	0.0029773960422117	0.0086755959397318	15.154094	8.964471	8.728718	19.67874	14.606836	8.952516	8.549519	19.184172	1.2457653	0.2698539	0.6655299	1.0068244
2021-05-26 11:25:00	2021-05-26 11:35:00	20.8765060311021	-9.737326266957384	-17.92551886621799	4.437055449809459	110.467	-0.508	2.278	-0.852	-0.0091438761669014	-0.0097277924659422	-0.0362562677248446	0.0924137839479083	-0.0030602789191655	-0.0493222105841416	-0.0133839221328845	-0.0488990667677259	0.0881784222652342	-0.0048217340083127	0.0631214794751783	0.0356930379651246	0.045606532511162	0.017050508537515	0.0097020974171595	13.163391	7.369093	10.415352	18.511011	14.140134	7.5771337	10.337243	18.471981	1.7715617	1.5643284	1.5202745	1.1389422
2021-05-26 12:05:00	2021-05-26 12:15:00	21.28915831387408	-9.77266738971305	-18.44192732738662	4.197207605053211	102.528	-1.558	2.418	-0.54	0.0003628567127387	-0.0101297730340621	-0.0101747140765459	0.0873421675328766	-0.0053139042310837	-0.0120826677028613	-0.0204669673690501	-0.019498456323556	0.0832650267733926	-0.0060804337343063	0.0651863056424278	0.0305723437626305	0.0514118374379296	0.0201175102611268	0.0132885863519642	9.376243	4.599706	7.4192634	13.357719	9.657629	3.8253634	6.8208094	14.176151	2.7231662	1.5612987	3.600352	2.9161346
2021-05-26 12:35:00	2021-05-26 12:45:00	21.588515366141237	-9.79354684388344	-18.830442720681148	3.9448930983154233	102.354	-1.47	2.618	-0.568	0.0271731661469947	0.0063562255365837	0.0030490271975202	0.0704222272069292	-0.0017210457856289	0.0441917657446635	0.0067942618708282	0.0068443925624468	0.0704258486359348	-0.0027867608853686	0.0441128298987057	0.0292886600871852	0.0375718431913639	0.0066482941994336	0.010856056560552	12.947532	4.5685544	7.9458227	16.496332	12.779358	4.721823	7.7941694	16.275389	1.8631644	2.2946115	3.5175984	0.7921659
2021-05-28 17:50:00	2021-05-28 18:00:00	17.689207127764934	1.0597511939629098	-14.46335682983974	-10.128622767325568	68.425	-0.723	5.08	2.01	0.0353833457589848	0.0558873588961096	0.0290808117233215	0.0722569834131602	-0.0122881011318112	0.0353833457589848	0.0558873588961096	0.0290808117233215	0.0722569834131602	-0.0122881011318112	0.0	0.0	0.0	0.0	0.0	17.323414	5.573344	10.978532	21.253023	17.323414	5.573344	10.978532	21.253023	0.0	0.0	0.0	0.0
