Start_str	End_str	Rmag_avg(Re)	x_avg(Re)	y_avg(Re)	z_avg(Re)	Clang_avg	IMFBx_avg(nT)	IMFBy_avg(nT)	IMFBz_avg(nT)	Jx_avg(uA/m2)	Jy_avg	Jz_avg	Jmag_avg	divB_avg	Jx_med(uA/m2)	Jy_med	Jz_med	Jmag_med	divB_med	Jx_std(uA/m2)	Jy_std	Jz_std	Jmag_std	divB_std	mms1Bx_avg(nT)	mms1By_avg	mms1Bz_avg	mms1Bmag_avg	mms1Bx_med(nT)	mms1By_med	mms1Bz_med	mms1Bmag_med	mms1Bx_std(nT)	mms1By_std	mms1Bz_std	mms1Bmag_std
2018-09-09 02:25:00	2018-09-09 02:35:00	8.300298737283049	-1.1335992834824329	8.216136775410115	0.319119676917674	86.372	-2.75	1.79	0.118	0.0023174552260257	0.0495160260094309	-0.0085261157140446	0.100968344689299	-0.0107135382000145	-0.0190363943610269	0.0838821120000827	-0.0109779557687895	0.0914514158428065	-0.0022181363760987	0.0528800786022834	0.0714936656009996	0.0065852445384327	0.0169206332637298	0.0159122256389941	-0.28302622	-7.081059	47.840237	48.365295	0.013196088	-7.0249457	48.23695	48.779613	0.53678644	0.090407304	0.5851417	0.58877236
2018-09-22 17:50:00	2018-09-22 18:00:00	13.212119649674394	-11.223411404484708	6.961738022005672	0.3572949414547879	105.067	0.305	5.655	-1.492	-0.0088769868530404	0.0548203589883547	0.0178986569425443	0.0687469705146908	-0.0035004251703987	-0.0240649795229124	0.0610844313015867	0.0201532249678751	0.0706865700223643	0.0011208695432291	0.0282591104191655	0.0108853781195548	0.0232785895982786	0.0117153801804983	0.0096064030379177	-6.3188024	10.881984	2.2032979	17.76819	-7.7846727	9.586864	3.7477715	16.986662	11.195274	8.143973	4.969646	7.990404
2018-09-26 19:00:00	2018-09-26 19:10:00	23.303596464068164	-8.765829921879897	21.567052305641493	1.0378054458401844	49.336	-4.872	1.682	1.437	0.0140146558961062	-0.0068632787691448	-0.0206961055543123	0.0613361713516195	-0.0030944365656255	0.0215330485719009	-0.0044217590868989	-0.0316966404669921	0.0609396035379384	-0.0029777046020987	0.0396893229562954	0.0157920604930371	0.0388225072516285	0.0155414492579322	0.0065046048518235	-8.478911	-0.38161945	8.718534	12.951339	-8.648863	0.043567374	9.077004	13.376214	2.600673	2.577546	2.872149	1.4034575
2018-09-26 19:30:00	2018-09-26 19:40:00	23.46853984584368	-8.958480536994994	21.64583085513048	1.4047986220669797	68.065	-5.025	2.302	0.913	-0.0186361815710559	0.036709745374807	-0.0462462486098327	0.0645230418636451	-0.0139406558652168	-0.0186361815710559	0.036709745374807	-0.0462462486098327	0.0645230418636451	-0.0139406558652168	0.0205785627830524	0.001952848385455	0.0134906443936856	0.0167240424947669	0.0017829448181431	0.8480387	-1.4814693	11.525786	12.149462	0.8480387	-1.4814693	11.525786	12.149462	2.1317947	1.6893094	4.1917353	3.621769
2018-09-26 20:00:00	2018-09-26 20:10:00	23.62534068499882	-9.147605067971105	21.713537283381157	1.7315694734760363	77.053	-4.687	2.688	0.612	0.0305382854401581	-0.0076107196396084	0.0123907195021528	0.0830077433823826	-0.0048311411047217	0.0277370368354847	0.0045085442242656	0.0535835589443764	0.0874318201609111	0.0002046869824438	0.0232445536631635	0.0184726248225902	0.0703286735986088	0.0090235177385737	0.0095993164987993	-0.054918606	-2.5400627	10.886294	13.441602	-3.357241	-0.5085244	10.657628	13.480131	6.230411	3.1969488	2.8342173	1.1666023
2018-09-26 20:30:00	2018-09-26 20:40:00	23.77410002779367	-9.333206168965082	21.77266426928888	2.0121329863204207	75.632	-4.385	2.47	0.637	0.0196123577167276	-0.0014634866920043	0.0600317792869851	0.0631712030348311	-0.0050242629211588	0.0196123577167276	-0.0014634866920043	0.0600317792869851	0.0631712030348311	-0.0050242629211588	0.0	0.0	0.0	0.0	0.0	0.9316426	-1.2188855	10.52502	10.636244	0.9316426	-1.2188855	10.52502	10.636244	0.0	0.0	0.0	0.0
2018-09-27 15:25:00	2018-09-27 15:35:00	23.957924937001096	-13.640059790664049	19.597273137702928	-1.9683584450712917	103.776	-3.338	2.052	-0.515	0.0044526221401918	0.0150939383437842	0.0605931281996818	0.0789395135741587	-0.0014523687244602	-0.0009835527081296	0.0177607953439032	0.0609053429372174	0.0790350924103523	-0.0003749874372922	0.0191284385437415	0.0419120822038005	0.013807439675733	0.0009478325413362	0.0045754375957531	-1.4412289	2.2058861	7.9283085	11.774303	-2.016736	2.1199632	8.323822	11.911329	1.9811102	7.8840194	3.2039945	2.74136
2018-09-28 05:50:00	2018-09-28 06:00:00	16.227396138805442	-12.042647363433153	10.8200129159939	-1.108416169404737	118.107	3.553	3.17	-1.698	0.0459640121539464	0.0194549205632008	0.0240254194082959	0.0553931866311473	-0.0006540186879639	0.0459640121539464	0.0194549205632008	0.0240254194082959	0.0553931866311473	-0.0006540186879639	0.0	0.0	0.0	0.0	0.0	-9.493624	6.78887	6.774383	13.494811	-9.493624	6.78887	6.774383	13.494811	0.0	0.0	0.0	0.0
2018-09-29 02:00:00	2018-09-29 02:10:00	15.985243560010607	-2.0553008612781443	15.82880477632257	0.8663394701800184	96.765	-3.663	5.717	-0.68	-0.025029984836796	0.0096669900170255	0.0125074730873779	0.0967650944607614	0.0008323978005018	-0.0378133642284547	0.0164399237602177	0.0245897078453089	0.090028946138809	0.0007918059366565	0.0681234957907887	0.0505476834625345	0.0543839671568031	0.0408215516590114	0.0207692786052108	-17.481792	10.537032	16.908901	28.125366	-17.843826	10.603071	17.371983	27.8232	5.16322	4.7284617	7.0926094	3.2923064
2018-09-29 03:40:00	2018-09-29 03:50:00	17.38816837185051	-2.931762014841612	17.13829749797687	-0.169585541501606	84.623	-6.105	4.058	0.285	-0.0016772264326121	-0.0066284897947917	0.0048031961843973	0.1096372471226461	-0.0060098007928273	0.0317468925950788	-0.0280464553632936	0.0073447459672808	0.1066854714689162	-0.0043528535726992	0.0835504402427184	0.0679811243362566	0.037224590480314	0.0322067410586708	0.0226501143778431	-18.702513	12.580348	0.1085315	24.08641	-17.793957	13.1084175	0.3777486	22.811438	4.7093906	4.2693286	6.660708	3.5603914
2018-09-29 04:10:00	2018-09-29 04:20:00	17.777125988735225	-3.188234302798057	17.48010198718306	-0.5513850327091729	115.917	-2.367	5.567	-2.765	0.0242098541342225	-0.0617388198703385	0.0314134464812083	0.0733798578358542	0.0121516455047945	0.0242098541342225	-0.0617388198703385	0.0314134464812083	0.0733798578358542	0.0121516455047945	0.0	0.0	0.0	0.0	0.0	-18.038845	7.91322	-14.392946	24.396227	-18.038845	7.91322	-14.392946	24.396227	0.0	0.0	0.0	0.0
2018-09-29 09:40:00	2018-09-29 09:50:00	21.248932501277597	-5.803228636185261	19.98020758216285	-4.316284651576932	99.122	-2.255	4.34	-0.697	-0.0635098190184198	0.0394498321398467	-0.0380869883286024	0.083907121554476	-0.0117625162606587	-0.0635098190184198	0.0394498321398467	-0.0380869883286024	0.083907121554476	-0.0117625162606587	0.0	0.0	0.0	0.0	0.0	-11.383771	11.390055	-1.5716507	16.18004	-11.383771	11.390055	-1.5716507	16.18004	0.0	0.0	0.0	0.0
2018-09-29 11:20:00	2018-09-29 11:30:00	22.049547375966643	-6.520228090538282	20.57980613314188	-4.487782750897922	126.744	-3.083	3.49	-2.613	-0.0239226219542142	-0.0050924706897992	0.0095904275075322	0.0842318480587702	-0.0023424179927426	-0.0503100061768905	-0.0038792675880456	0.0193231240807036	0.084252988727668	-0.0021445788745575	0.0630085349904193	0.0301055777870736	0.0400909865442005	0.0088828862928602	0.0087802306780744	-13.213348	1.2022911	-8.720037	16.415943	-13.71126	1.9671135	-8.540216	16.332623	1.6215947	3.5503435	1.7794046	0.9973308
2018-10-01 23:55:00	2018-10-02 00:05:00	17.916280326586087	-2.523993699353744	17.639950698837477	1.8584236199995992	117.308	-0.942	4.015	-2.092	-0.0350005900580379	0.010968158254411	-0.0708049929370741	0.0889011271949818	-0.0098825722846757	-0.0350005900580379	0.010968158254411	-0.0708049929370741	0.0889011271949818	-0.0098825722846757	0.0227037769154409	0.0346639079540692	0.0001097506891855	0.013127774155335	0.0011240435774729	-7.306857	8.871222	-13.313833	17.631798	-7.306857	8.871222	-13.313833	17.631798	1.4333994	0.20221567	0.9284158	1.1933279
2018-10-02 10:20:00	2018-10-02 10:30:00	23.387891617730805	-6.928116752452528	21.79428974684109	-4.899308336706876	71.028	-4.605	1.713	0.593	-0.0185330089444449	0.0225964920558881	0.1043883012000891	0.1084019893784575	0.0061848951109746	-0.0185330089444449	0.0225964920558881	0.1043883012000891	0.1084019893784575	0.0061848951109746	0.0	0.0	0.0	0.0	0.0	-2.0727284	1.189637	4.3955383	5.0032187	-2.0727284	1.189637	4.3955383	5.0032187	0.0	0.0	0.0	0.0
2018-10-05 00:15:00	2018-10-05 00:25:00	20.93274361147394	-3.777954686783558	20.49018749748781	2.014424298038144	113.519	-1.625	4.162	-1.828	-0.0070640088490578	0.0072837775739717	-0.0112152332750463	0.0722343464382522	0.001328861623488	-0.0008070996610371	0.0409236525097855	-0.0479828207715661	0.0734901890008278	-0.0013291018494424	0.0194991601570965	0.0468810646689077	0.0492309137693654	0.0035593019973063	0.0072813177969829	-6.935833	9.248218	-13.548978	18.304499	-6.4219713	7.940724	-12.525548	19.109295	3.761521	1.7550417	2.0085845	1.8490733
2018-10-07 21:15:00	2018-10-07 21:25:00	21.624271717707227	-3.381796763385566	21.24613452668572	2.184829981069471	102.017	-2.737	5.397	-1.197	0.0151490992387491	-0.05671419107008	0.0386462053416142	0.0717978749792405	-0.0076730965800655	0.0151490992387491	-0.05671419107008	0.0386462053416142	0.0717978749792405	-0.0076730965800655	0.0018662387406794	0.0040434225445362	0.0191778634294419	0.0131229406338588	0.00628702189154	-7.9270864	15.242063	-8.51827	19.223814	-7.9270864	15.242063	-8.51827	19.223814	0.4566779	0.41312218	1.2802095	0.42803574
2018-10-11 20:00:00	2018-10-11 20:10:00	23.0849111232288	-9.380706627911628	21.06569676027723	1.072446542345224	121.161	1.137	2.977	-1.795	0.044256167751843	0.0218607337014006	-0.0797141619343487	0.093759520449597	-0.0088255883362541	0.044256167751843	0.0218607337014006	-0.0797141619343487	0.093759520449597	-0.0088255883362541	0.0	0.0	0.0	0.0	0.0	-3.8175488	-2.5349257	5.4513416	7.1215625	-3.8175488	-2.5349257	5.4513416	7.1215625	0.0	0.0	0.0	0.0
2018-10-11 20:30:00	2018-10-11 20:40:00	22.902553742765075	-9.437530245716934	20.826768394330355	1.3055334324738797	114.19	0.878	3.465	-1.547	0.0188408103550649	-0.0235448499600108	0.0011534601222627	0.0712505514220102	-0.0100438250811134	0.0165193348700409	-0.0313082222092423	0.0192982921767029	0.069157454649337	-0.0045051482142787	0.0211544988412738	0.0284321392046349	0.0568829070392966	0.0180441115327557	0.0130839707355254	-1.6666839	-2.0060031	11.6198225	14.419631	0.26772687	-1.6059359	10.3108425	14.271694	4.2305927	8.269715	2.9437697	5.371061
2018-10-14 18:25:00	2018-10-14 18:35:00	21.937425684135	-8.724292671050982	20.127554383723677	-0.1265841009662575	84.922	3.642	4.517	0.385	0.0105257276741478	0.0080935244131085	-0.0076378311715123	0.0961973535560466	0.0012766436194487	0.0126920402513721	-0.0025576782520698	-0.057774933558948	0.0924015232366454	-0.0003268045778764	0.0373909348903064	0.0332843565590355	0.0816517155684981	0.0123949495001977	0.0101301899091415	-3.9725707	3.1443563	10.916273	13.728223	-4.5952034	3.2024565	10.3494835	13.4067745	5.4211006	4.028125	3.037179	3.3478053
2018-10-16 14:05:00	2018-10-16 14:15:00	23.940395081014056	-2.3960437740908755	23.561535083081637	-3.500327307608055	109.28	3.163	2.075	-0.737	0.0005227803669083	0.0040474794156118	-0.0004622017839456	0.0807727069870654	-0.002608087769286	-0.0010248465379834	0.003439959551501	0.0077680549866477	0.0766361852325322	-0.0033586355203174	0.0486190701787645	0.0475120618029441	0.0536973863023316	0.0315793939606008	0.0115722021117619	3.1533816	0.7677004	-2.4879313	8.363152	3.3526034	0.56198835	-2.6663134	7.964919	4.408551	4.4428787	5.2483153	3.6742332
2018-10-22 00:55:00	2018-10-22 01:05:00	22.39245759759672	0.9523913743531086	22.226399162764626	2.5495446895967078	103.46	1.352	5.542	-1.33	0.0228326117112165	-0.020744371000216	0.0080710446360152	0.0663251398164643	0.0062200724558179	0.0361335892765224	-0.0336745496937904	0.001498215192081	0.0634537676890768	0.0080542554542127	0.0334042504585015	0.0307518299718017	0.0391359602401549	0.0145229836748749	0.0091397784405013	0.27060002	5.4387	-0.33542845	5.5226173	0.4931357	5.466757	-0.3280661	5.5427704	0.44366625	0.22884977	0.7430291	0.2592277
2018-10-23 08:10:00	2018-10-23 08:20:00	20.39354670003202	-6.42547228552291	18.859230949932734	-4.351739109006373	107.951	0.637	3.627	-1.148	-0.0167674189944226	0.0053638994944267	-0.0007610836623388	0.0882241898023729	0.0055239540018574	-0.0290047612981456	0.0144464936433715	-0.0007269772859179	0.0805036770116856	0.00196965706934	0.0583007484436744	0.0515882991702741	0.0446567888066691	0.0241153064768947	0.0150573268908834	-12.882572	10.669521	7.386121	18.943398	-12.880382	10.484156	7.5798693	18.88008	3.235017	2.532602	3.7213926	2.49599
2018-10-23 12:20:00	2018-10-23 12:30:00	17.607893133440793	-6.819215513315815	15.732936507980938	-4.001237970947994	109.449	-1.92	4.042	-1.427	-0.0573819028854876	0.0432661370292737	0.0134637245242822	0.0731157525452702	0.0212999800917655	-0.0573819028854876	0.0432661370292737	0.0134637245242822	0.0731157525452702	0.0212999800917655	0.0	0.0	0.0	0.0	0.0	-18.343493	9.090647	6.3750563	21.44213	-18.343493	9.090647	6.3750563	21.44213	0.0	0.0	0.0	0.0
2018-10-31 16:55:00	2018-10-31 17:05:00	21.458264646202164	-3.2261962147526595	21.19585577285893	-0.8836006471219809	112.031	-2.562	3.465	-1.428	-0.0120726494133362	0.0017925622164058	0.0021178055243993	0.0848208279676006	0.0035104573309294	-0.0088624323865888	0.0003893479240834	0.0081494277224077	0.088577128859829	0.0038708502945181	0.0468050692753678	0.0514331947802351	0.0541469614286651	0.0269602643425065	0.0169769565387717	-7.6442056	4.7834496	3.8265438	11.117184	-7.8083587	5.393161	3.9316268	11.342837	2.4759243	2.542992	4.25615	1.754354
2018-10-31 17:30:00	2018-10-31 17:40:00	21.163445217365364	-3.357283839384252	20.89169410978239	-0.3920812257894028	70.497	-3.47	2.17	0.758	0.0057641725253124	0.0064994116842296	-0.0032677712176274	0.0648628527248183	-0.0014165099798021	0.0067576949361066	0.0065068979199752	-0.0070051589056498	0.0669279651254314	0.0019167497814405	0.0390596737683866	0.0360853177789536	0.0450168816747586	0.0270792284249761	0.017692926915674	-6.405183	7.163257	2.2357967	10.294527	-5.9604325	6.9971867	2.6113	9.978315	1.8477869	1.4234084	2.4811838	1.7195289
2018-10-31 21:00:00	2018-10-31 21:10:00	19.09868870258282	-4.091183488176008	18.594272902646694	1.5080701168272457	73.77	-4.225	3.472	1.013	-0.0249427609049396	0.0246993711785416	-0.0102832951471885	0.0703210873362005	0.0096720193907852	-0.0275302544568596	0.0323027382475727	-0.0210830575789553	0.0730541491698894	0.0068908097060098	0.0353016652442884	0.0454514526278858	0.0301324813251816	0.0247568099506414	0.0167186363144332	-8.64714	7.467525	-3.461997	13.777821	-8.456099	8.438432	-3.0070767	13.902051	2.40473	3.15514	5.8432703	1.6048172
2018-10-31 22:00:00	2018-10-31 22:10:00	18.40643267897324	-4.2794020044685945	17.830296277356684	1.6010643797939352	108.482	-2.653	4.338	-1.458	-0.0225806512558517	0.0293012579576937	-0.0112766364853707	0.0796590964976624	-0.003384394805947	-0.0349640998985612	0.0401279736821823	-0.0145945275384839	0.0772937994461077	-0.0068273860101144	0.0456752088621161	0.0560245923532506	0.0173770156501679	0.0260188533662233	0.0161583720397785	-9.280844	8.397847	-3.773583	13.665839	-8.326881	8.894312	-4.4861593	12.849856	2.9467907	2.552447	2.3498492	2.2052374
2018-10-31 22:30:00	2018-10-31 22:40:00	18.041373317220412	-4.368895447444521	17.434121511730712	1.5667410997490816	91.646	-3.088	4.855	-0.172	-0.0224362860218577	-0.0010860195056673	-0.0047390822135705	0.0894346959305734	-0.0019960884929822	-0.0492518496381537	0.0154115743915	-0.0067727372759423	0.0835851300460747	-0.0003410088493469	0.0715262372475445	0.0477878090547993	0.0284127299018997	0.0271186460278245	0.017302001139265	-18.562538	7.413561	-1.7842298	21.410292	-17.321573	7.428273	-2.9408753	21.460968	3.126631	5.425422	4.536563	2.0255857
2018-10-31 23:00:00	2018-10-31 23:10:00	17.66306678589852	-4.454949817045162	17.02775304572234	1.480615254537225	103.212	-2.995	4.707	-1.103	-0.019481043450619	0.0102317216469591	0.0118526017676017	0.0889754831594855	0.0002216922896531	-0.0325368922146136	0.0161943064876865	0.0268948306737642	0.0866824790295163	-0.0002195399483808	0.061139036701098	0.0396250151191914	0.0556009472737486	0.0332811615881381	0.0172052313968234	-15.725988	7.740541	15.698113	24.096975	-15.777347	7.6305857	15.695931	24.02743	3.2067022	2.9362197	3.5296326	2.0860763
2018-10-31 23:45:00	2018-10-31 23:55:00	17.069598289548004	-4.576890945102032	16.396123490499516	1.2606704612256037	91.46	-3.328	3.575	-0.07	-0.0146739931996001	0.0040296457846767	0.0007179991751764	0.0991036144524542	0.0001565602995103	-0.0293261062119133	0.0140411093404438	0.0047554344763372	0.0924188521968648	0.0007626784328873	0.0657893181248358	0.0539507136155874	0.0627532520363466	0.0398426626487984	0.0231120252115363	-17.70452	10.026906	17.431597	27.38757	-17.925392	10.064926	17.827576	27.152046	2.9503736	3.460024	4.1687446	2.4136145
2018-11-01 23:10:00	2018-11-01 23:20:00	17.79465638537115	6.105540689171083	16.289974304968386	3.7427414307605296	90.564	-3.382	1.99	-0.035	-0.0246115224263943	-0.0084708448970206	-0.0092488520880131	0.0883976944550311	-0.0006409291398092	-0.0476602837837268	-0.0339561925157902	-0.0210569363268835	0.0838125358602468	0.0018824656494617	0.0541649450856479	0.0499885794934109	0.0425280971685551	0.0137916472574372	0.0128332806337093	-7.5333786	9.468855	-0.5277983	12.165026	-7.61637	9.177374	-0.12524979	12.107712	0.3630195	0.75398964	1.0641222	0.730983
2018-11-01 23:40:00	2018-11-01 23:50:00	18.16824816422789	6.0591180292163145	16.718994264936967	3.721099596907671	102.372	-2.515	2.685	-0.607	-0.0030597004430719	-0.0118605565465142	0.0075965302801805	0.0776907966994609	0.0032499521852501	0.0064695985037624	-0.0178645601470001	0.0090790000587623	0.0750254891155003	0.0037150275368088	0.0366661801784577	0.0358262561247337	0.0572537213610395	0.0088204282989453	0.0133366779294282	-7.1166472	10.484398	0.9861925	12.861855	-6.5766163	10.759876	1.0182884	12.548644	1.2170315	1.2640276	1.4038105	1.0789549
2018-11-02 00:15:00	2018-11-02 00:25:00	18.587606652585983	5.998960973626172	17.215409491025195	3.6249047635819855	119.202	-2.222	2.443	-1.39	-0.0020611876076043	0.0036226077840537	0.0011933349851776	0.089783662911122	-0.0040243442125879	-0.0042758466671725	0.0158052045032044	-0.0113925188910212	0.0864704708049495	-0.0063256004236549	0.0466427168051092	0.0465314397239372	0.0621945182907834	0.0129060343764576	0.014281831857862	-5.513819	7.9706597	-4.965483	10.9789915	-5.2923403	8.018689	-4.7650676	11.033619	1.0143477	0.94973487	1.026463	1.017809
2018-11-02 01:00:00	2018-11-02 01:10:00	19.101793388606144	5.912891775968123	17.845460160015033	3.3843442225935703	92.8	-2.74	2.365	-0.077	0.0206374254427456	0.019725850822657	-0.0242712505317476	0.3400960596876175	-0.0049513465572057	0.0322918628424834	0.0279703353111636	-0.0143314838045458	0.3088390546143096	-0.0105509705997692	0.1955304665797019	0.2083095714508637	0.2344551395768981	0.1494423959251697	0.078231752596922	-8.78646	8.91506	1.1460202	14.067471	-7.5792503	10.0548525	1.3600831	14.465464	5.7574725	5.590674	3.7531617	6.2120986
2018-11-02 01:30:00	2018-11-02 01:40:00	19.429598411521027	5.850484363837499	18.25799752644141	3.1502572737003764	80.142	-1.522	3.333	0.588	-0.0033776346499898	-0.0054648134653746	-0.002584592058896	0.0841503747820827	-0.0003066928554256	-0.0039600695979942	-0.0005326442759432	-0.0194974500379873	0.078976410576078	-0.0026571021582273	0.0503662504740584	0.046466703398681	0.0538283380610294	0.0236658156875088	0.0149761265364302	-6.837942	9.412705	1.2524441	12.025258	-6.7312264	9.15293	1.0636749	11.8744545	1.8136781	1.9014655	2.2338858	2.0526884
2018-11-02 02:00:00	2018-11-02 02:10:00	19.7458514923475	5.784343967577811	18.661855159584917	2.858679164745308	84.863	-1.8	3.205	0.285	0.0091606940000449	-0.0014750237915652	0.0425281333031959	0.0781118335868937	-0.0045347229985047	0.0239352029452403	-0.0093533832645637	0.0396115187380216	0.0738438793020915	-0.0061244161530113	0.046514926103574	0.0279769080403832	0.0449616463353863	0.0275893631823087	0.012289155302654	-6.543432	7.3614063	3.5050666	10.577524	-6.4065824	7.573885	3.50953	10.643513	1.0117167	1.1142193	1.6586682	1.5570862
2018-11-02 02:30:00	2018-11-02 02:40:00	20.05089395182606	5.7146934806880365	19.05421522022355	2.512720419800484	85.616	-2.405	2.642	0.21	0.0012523543615306	-0.0028707612087294	0.0039977198723757	0.0687313640537995	0.0018085967712246	0.00506271794629	-0.0076733156646409	-0.0054210849102279	0.0698966490850025	0.0032698828871408	0.0395278340638446	0.039767813205177	0.0447757127527846	0.021226966487631	0.013480166697831	-5.4857626	8.080189	-2.203545	10.282879	-5.3500013	8.242454	-1.860182	10.267429	0.96648985	0.9886906	2.0974143	0.9010181
2018-11-02 04:20:00	2018-11-02 04:30:00	21.078317649533947	5.432394221307507	20.34729933848721	0.8755686537940882	70.085	-3.078	1.272	0.452	0.0367559017535748	-0.0678321898040032	0.0281717357597133	0.0821331174559926	0.0175242033354032	0.0367559017535748	-0.0678321898040032	0.0281717357597133	0.0821331174559926	0.0175242033354032	0.0	0.0	0.0	0.0	0.0	-2.8099945	2.2890155	0.10641696	3.6258774	-2.8099945	2.2890155	0.10641696	3.6258774	0.0	0.0	0.0	0.0
2018-11-03 06:10:00	2018-11-03 06:20:00	23.870441078110044	-0.6352188110470599	23.72641221623192	-2.538939238238373	46.791	3.212	1.262	1.215	-0.000634087802986	0.0031914218278101	-0.001848556877403	0.1150665493927861	-0.0016347802281641	-0.0055743186115453	0.0032645405320129	-0.0019382745951392	0.1037593323781117	-0.0006371835747421	0.0746645302805771	0.0722867626915447	0.0735278826459923	0.0545913114225806	0.0195787947088183	4.082698	-1.0914477	3.4066434	10.982452	4.409048	-1.1487252	3.2504988	11.086893	6.060124	5.6508408	6.3488984	4.2209315
2018-11-08 22:20:00	2018-11-08 22:30:00	23.53257099068073	1.272793214723447	23.181642031823163	3.84356844391642	110.093	3.213	1.558	-0.57	-0.0019903820572482	-0.0048974579675309	-0.0003479416577439	0.0576525980003987	0.0030331087370318	0.0011034844952115	-0.010224598621757	0.0082762107221708	0.0600084502757641	0.0033501565410572	0.0390431195737042	0.0257009621946672	0.0390203667943285	0.0202913624732636	0.0085897651182889	1.8853545	0.7422553	-4.2413144	7.4557223	2.2445314	0.49487406	-4.5556283	7.421395	3.1752274	3.5749073	4.162084	2.5867808
2018-11-23 09:00:00	2018-11-23 09:10:00	19.459043279760447	3.273609219027165	19.028507162872145	-2.419187164546379	58.446	3.175	0.395	0.24	-0.0126850186044451	0.0067327967666257	0.001635911454081	0.1127046512354462	0.005620978690211	-0.01462932980437	0.0136009112308823	-0.0006334069891726	0.1011435732424012	0.0057066397891031	0.064314613504172	0.0761777399487211	0.0720937652210525	0.0514150425761963	0.0237333579117084	4.3117743	-3.3561752	-2.5183136	10.760114	4.199667	-3.912912	-2.901214	11.126988	4.8656206	5.913164	6.130562	4.079304
2018-11-24 07:55:00	2018-11-24 08:05:00	14.485962464918371	10.258413965600154	10.034689245985676	1.9776388766062256	66.472	2.025	0.915	0.39	0.0140886243814459	0.0154859112690267	0.0105381310157987	0.2228863304560088	-0.0028529785948725	0.0108519154075318	0.011876965412702	0.0131901288166236	0.2013007794162531	-0.0002836449836781	0.1408098227721874	0.1461271054982673	0.1284990682427087	0.0925396475875908	0.0702308866945346	0.17267689	4.2595925	-1.0384349	13.590073	0.8607707	4.330902	-1.0589645	13.195354	8.496183	7.115669	8.989917	6.1805096
2018-11-24 08:30:00	2018-11-24 08:40:00	15.060391822465334	10.491412878676336	10.65239091371165	1.8084717965496733	57.898	2.312	0.75	0.46	0.0011141725504389	0.0036237382528366	0.0015530003157333	0.1804369732133433	0.0048206349589853	0.0065928422444618	0.012606143802056	0.0033076299725398	0.1636640833272928	0.0050403456238082	0.1077621896074354	0.1227587603099478	0.1098858989058476	0.0788453986428844	0.0408669555131618	3.3076015	1.3170943	1.9210862	13.108475	2.7125015	1.1336936	1.2900997	12.843132	7.2238774	8.055845	8.612847	5.9829435
2018-11-24 09:30:00	2018-11-24 09:40:00	15.987573217124565	10.844308666480684	11.640816257906122	1.579165471389539	47.881	1.835	1.055	0.952	-0.0108372784761663	0.0079004919376108	-0.0166677226391172	0.3264522738866791	0.0040661999697122	-0.0089188050231558	0.0321341992628358	-0.0218503158522129	0.2855542814176762	0.0052872947456403	0.1693992174348921	0.2238561214208792	0.2078903707514907	0.1261453702922266	0.0695458109658396	1.776634	2.3069763	3.6644218	14.6332245	1.5359033	1.971592	3.7593737	13.2200575	6.5836797	9.849137	10.022759	6.9700317
2018-11-29 21:10:00	2018-11-29 21:20:00	12.334643083081952	9.85526525077556	5.873573398843756	4.529592174609642	64.65	2.597	1.162	0.562	-0.0124002793487988	0.0007413391186078	0.0008746664485701	0.1064922976445005	-0.0109034924808239	-0.0107932327092965	-0.0111160505459848	-0.0048889091181004	0.0913577344376386	-0.0027987974614868	0.0536364316274596	0.0849052374560583	0.053820463625529	0.0423896278053025	0.0439248273883535	-3.582147	10.439897	8.211183	16.396736	-4.570528	9.528744	7.1430197	15.773823	5.1545076	7.932425	6.033329	6.8034663
2018-12-01 21:45:00	2018-12-01 21:55:00	18.143459478389737	4.941485466439573	16.879594679266887	4.454833749530677	60.934	1.865	5.452	3.048	0.0079922294622542	0.0503118908957595	-0.0279295578009597	0.3859928020009381	0.0022733921001894	-0.0010618223716668	0.0502968331878504	-0.0031870200824901	0.3303320446854161	0.009064937737174	0.2287896356497109	0.2915203540161837	0.2413607561654432	0.2235365918656471	0.1435487497924847	-3.4665701	10.803596	7.25737	17.542755	-3.1638937	9.489933	6.615915	16.365347	8.333563	8.010069	8.000192	8.442063
2018-12-01 22:30:00	2018-12-01 22:40:00	17.5751729658901	4.537818680008663	16.415173527386003	4.340089512224378	58.056	3.032	4.383	2.672	0.0019191334594799	-0.0079968490476298	-0.0063812919028331	0.1189115268353561	-0.0011379571060242	0.0002461614384669	-0.0106858627449786	-0.0054928589719351	0.1086234768320931	-0.0024756711338298	0.0673713487813991	0.0848487622909774	0.0765841764298483	0.0597641156408531	0.029751202827612	-4.13745	11.037991	6.4366007	18.573568	-4.087122	11.831072	6.5010686	18.800999	6.0413513	7.4605145	9.808768	4.876187
2018-12-01 23:10:00	2018-12-01 23:20:00	17.043748022483634	4.170695036283938	15.999276741044062	4.137266198476008	88.697	5.105	4.007	0.117	-0.0140971572227872	0.0137503356068479	-0.0117151050335678	0.1694774860533453	-0.0021108257959379	-0.0200149008195282	0.0096645677308811	-0.0126464248122661	0.1488280500248845	-0.0019746628913088	0.0928849600440506	0.1221521205447239	0.1090469802164778	0.0851024513650527	0.0443243903854558	1.288435	8.892744	-0.9377828	16.806593	1.0609835	8.352009	-0.88862026	16.892448	8.034493	9.5557375	9.644844	6.931597
2018-12-01 23:40:00	2018-12-01 23:50:00	16.628050152260624	3.890165683517953	15.682922951878597	3.924728704668191	89.758	6.917	2.712	0.1	-0.0152997705287181	-0.0018033041133719	0.0017107662293358	0.1251333093958935	-0.0030478451985353	-0.0126534443671301	-0.0011613021452171	0.0040427080565502	0.1144954182240794	-0.003489314074299	0.0719355934668797	0.0922935033259461	0.0732624935921566	0.0603500606099876	0.0284629132686377	0.33964893	12.221615	-3.8972456	16.748043	0.74648285	12.373785	-4.0407386	17.198795	7.161804	6.6822124	7.145447	5.5835133
2018-12-02 02:35:00	2018-12-02 02:45:00	13.86814366438679	2.164062232585119	13.572082623831909	1.8539833886592143	103.611	-3.712	5.572	-1.335	0.0097539981433366	-0.0157212452344865	-0.0058071069140227	0.1066827481016227	0.0036209540801284	0.0187473732203801	-0.0177031896035192	-0.0272553626059081	0.104048407171487	0.0002375328185548	0.0549596856162413	0.0694768187162817	0.064453058037863	0.031569033119546	0.0373323200434429	-18.546711	14.308364	20.281435	31.429518	-18.714746	14.750263	20.338326	31.451	2.5788984	4.011983	3.2777147	2.392095
2018-12-02 06:00:00	2018-12-02 06:10:00	9.65118081008849	-0.0364980533696403	9.612186257397433	-0.8634324020467549	94.293	-4.205	5.438	-0.42	0.0097721874773912	-0.0314346273517128	0.0089803759841658	0.1106261218628863	0.0012942502670733	0.0103810682839268	-0.0645066458763208	0.0063576704787496	0.0992633431251047	0.0027631636824596	0.023412307125151	0.1104183592737669	0.0244948121490349	0.0476076230353787	0.0260552748850464	-21.724934	35.469112	25.561005	48.831985	-21.627861	35.70606	25.499691	48.93777	0.7090683	0.76046747	0.53004366	0.44137627
2018-12-02 15:05:00	2018-12-02 15:15:00	10.178074468804503	8.738335295731474	4.2953390076153495	2.963673041654719	132.32	-3.748	3.488	-3.162	0.0037492072275222	0.0028922484674135	-0.0045785398911292	0.1416539655360293	0.0093449457721254	0.0012753620625419	-0.0032871740964465	-0.0105974090275328	0.1328596484165989	0.0150237574300692	0.070204937453647	0.0938001205825208	0.0898244839110803	0.0421090549115281	0.0426161174075597	4.645899	30.848486	-34.244186	47.34518	4.5052357	29.530577	-33.846333	46.351658	8.604782	8.157768	9.027421	11.24266
2018-12-30 04:35:00	2018-12-30 04:45:00	15.84612326941624	10.148666015809535	11.541102716439417	3.860487693891933	116.301	-3.143	3.983	-1.97	-0.0062085178625902	0.0183729699069895	0.0008588547169362	0.163871298407356	-0.0027496060798075	-0.0024855108052107	0.0260899927986325	-0.0002383902970901	0.1353343334791849	-0.0048104861830398	0.1169768441326194	0.1227616193142269	0.0770231573802621	0.0906069032671808	0.0357056419581746	-8.477569	14.380115	-6.1095114	21.200455	-7.8745866	15.140471	-6.2333775	20.601011	8.7752075	5.4648843	7.1716576	4.9825306
2018-12-30 06:30:00	2018-12-30 06:40:00	13.972054202468074	8.399161151627393	10.958729299233571	2.139010134633392	128.627	-1.458	4.117	-3.298	-0.036290215652518	0.0268098817702925	-0.0331577018435522	0.0841466563323312	-0.0176769553459222	-0.036290215652518	0.0268098817702925	-0.0331577018435522	0.0841466563323312	-0.0176769553459222	0.0266909448555075	0.0426832367713544	0.0399737254191369	0.0136633412722358	0.0089885317662344	-10.13238	20.850483	-14.348284	27.284897	-10.13238	20.850483	-14.348284	27.284897	0.06154871	1.2197952	0.41386032	0.6916466
2018-12-30 07:00:00	2018-12-30 07:10:00	13.434568899983768	7.906886091497256	10.72113325527456	1.7386968463173316	133.942	-1.49	3.585	-3.482	-0.014194947453487	-0.0198971361223053	-0.0036012758442027	0.0997695591703263	-0.0049073812204326	-0.0197726357778882	-0.047571927593218	-0.029550043139595	0.090284036364515	-0.0004227144758445	0.0442435249640901	0.0606262705333189	0.0642362170743132	0.0203892759505367	0.0300829228229286	-3.2054124	10.587868	-19.373978	23.326118	-4.103415	10.895158	-18.577532	21.400127	3.5233066	5.970419	3.5829062	3.8101935
2019-01-02 16:10:00	2019-01-02 16:20:00	12.234470432662482	11.306554742778706	-0.6215041898760316	4.632197052119065	91.334	0.227	2.657	-0.058	-0.0087688708195547	0.0160488434995658	0.029339755881257	0.133420304898624	0.0072850060813204	-0.0138529350149864	0.0007585556086843	0.0446168197984358	0.1117011096223084	0.0057315415852667	0.082152718601698	0.0747687540230452	0.0828951988706814	0.0510426462545957	0.0375124731521059	-13.860373	-1.7588489	33.813602	37.115463	-12.962708	-1.2754667	34.461506	36.904087	3.809037	4.7267604	1.6873105	0.8388686
2019-01-02 18:55:00	2019-01-02 19:05:00	15.182648675129045	14.07225183174428	0.046005994534091	5.699316928667815	73.463	3.065	1.077	0.333	0.0154298532634449	-0.0110528623817891	-0.0079092171866881	0.2125409878773917	-0.0001949998745844	0.0115847557506093	-0.0042548232916214	-0.0025669992326808	0.1854399208009715	-0.0008307701887516	0.1264134075410119	0.1427172107861166	0.1310360010794397	0.0936382174475816	0.066443496373793	1.3096075	6.6737857	1.3289069	15.399293	1.9875307	6.8265796	1.6455677	15.360626	7.3785014	9.104768	10.045134	7.0089993
2019-01-02 19:55:00	2019-01-02 20:05:00	16.1057140096504	14.914675093642895	0.2683028600468309	6.0724201664876665	59.014	3.34	0.927	0.533	0.0295673976577179	0.0313512720259175	-0.003442700794585	0.1297357431088383	-0.0038325548983826	0.0454777883162636	0.0516240932692602	-0.0025744062080409	0.1359779661493182	0.0002267026262584	0.0461340883212999	0.0757089858178176	0.0909843704788403	0.0342926044633845	0.0089510290461014	1.9315243	2.0402606	2.022122	6.112513	1.7457532	0.89399654	0.79305816	4.923466	2.456299	4.834053	4.456654	4.8870087
2019-01-07 17:50:00	2019-01-07 18:00:00	13.456082861395252	9.461978549013942	8.858222612811659	3.61498142493589	56.924	3.235	2.505	1.557	-0.0060683101054583	-0.0116309632613495	-0.0002592533527198	0.1088054823928946	-0.0001791269699661	-0.0202241423000382	-0.0215346927396789	-0.0047221399350091	0.1029696179947111	0.0004392177197416	0.0736666742489481	0.0632472572783932	0.0521740981485203	0.0219697262892508	0.0367499514284351	-7.4076166	10.862348	14.457344	20.191164	-7.2701263	10.015968	14.711541	20.921234	2.6504815	4.0954776	4.534344	4.3073425
2019-01-07 18:20:00	2019-01-07 18:30:00	12.895197072034724	8.91664910279845	8.598395160757335	3.5841461650917696	48.379	3.658	1.998	1.732	-0.0231678245867458	0.0010409281799151	-0.0043017268164221	0.1210293045676783	0.0003744161198334	-0.0394216392755627	-0.0085440975088137	-0.0073812578527564	0.1048853644255088	-0.0004517842958353	0.0805556324044474	0.0731861682235431	0.0693843327549689	0.050674003988265	0.0403880996081405	-10.636217	12.183144	21.194494	26.946405	-11.000584	12.686981	21.638397	27.790623	3.3080947	3.1504521	4.4938207	5.071431
2019-01-21 22:30:00	2019-01-21 22:40:00	10.285554875180283	8.148367804000864	5.35838331921508	3.268434972633564	77.669	1.628	1.345	0.272	0.0213199039278357	-0.0123939438386153	-0.0019498199331855	0.313566005985666	0.0158268355867338	0.0939029753644379	-0.0032437730894407	-0.0045227638190883	0.2967274544101738	0.0100463331697162	0.2498547146098921	0.179179163945921	0.1387622655615426	0.1267904861740736	0.0714376304299478	-14.749171	-4.16998	55.512142	58.28066	-15.488337	-3.0704298	54.403214	58.215694	4.9905705	7.2730794	3.914138	3.6076074
2019-01-26 18:45:00	2019-01-26 18:55:00	23.7630986462298	22.70045098268952	1.6296964116496426	6.835090092198489	82.018	1.475	4.312	0.623	-4.900186188980636	7.965094016019122	3.340214248434252	11.093350513723935	9.896721718487267	-4.9207223024701605	7.748688228750471	3.4088007568529246	10.654006996794578	9.600852357436356	3.740273802641216	3.248854994584334	3.840214952593104	3.852416222643089	5.918066605745041	1.7922435	4.0543094	0.5439303	4.5888515	1.5611229	4.2681265	0.72178924	4.627084	0.6807125	0.49121273	0.6476087	0.10921065
2019-01-26 19:45:00	2019-01-26 19:55:00	23.449530993489194	22.38283075077283	1.6274710492785676	6.800051836937603	74.219	0.288	4.01	1.133	1.0735633004350562	-68.59195570700649	-31.46853331302281	82.55206385137566	-117.34035340311652	0.4559607921959578	-65.34438108409489	-31.51886733771574	76.64591994052493	-118.16310593812707	27.44204834780943	30.68302195287865	21.160639661117237	31.995637095941607	61.163767551823234	0.2804103	3.8656037	1.4116126	4.1874638	0.28478688	3.8774714	1.4257774	4.1824255	0.46085483	0.1498394	0.5377912	0.0581404
2019-01-26 20:15:00	2019-01-26 20:25:00	23.280514475431904	22.211182289129063	1.643904714532755	6.778146814863503	73.566	-0.03	3.755	1.077	1361.7326233782312	3757.618837182599	2484.8584185535465	4721.085726048064	5952.492360920278	1361.7326233782312	3757.618837182599	2484.8584185535465	4721.085726048064	5952.492360920278	1199.044839439972	2588.4383502778555	1867.210043822368	3388.817044133782	3738.0749093610607	1.2586603	3.7032843	1.081516	4.058513	1.2586603	3.7032843	1.081516	4.058513	0.057062566	0.03410113	0.053649962	0.063109756
2019-01-26 21:30:00	2019-01-26 21:40:00	22.82142959026417	21.74366164249476	1.7488870489236847	6.706123969930721	71.844	-1.035	2.558	0.9	10.082854123092732	39.85402709762754	18.327930658796166	50.73332825488632	79.79923264434098	10.238877692036992	38.58806950139317	17.84330814499181	47.726961850419656	73.17873868040745	19.2226088057757	20.55654382252245	9.71991733420331	18.40127293946018	40.6951525846884	-1.7329212	2.8359466	-0.24519669	3.864021	-2.0057886	2.750485	-0.5224347	3.8815784	1.1281043	0.7107916	1.4399924	0.16276562
2019-01-26 22:15:00	2019-01-26 22:25:00	22.52027928056965	21.43611627756645	1.8616990840679584	6.64753773062781	58.045	0.63	3.108	1.933	-5.354200431807381	-12.412440832977513	-6.339589849951634	19.638321653839828	-21.168562521478258	-5.8577052759947055	-12.974639982633049	-6.533873238687194	18.1913392711785	-19.779450224128645	10.147578099478798	8.908815424856563	3.8489132835871263	5.866629254165185	12.303735978112345	-0.8528471	3.0882218	1.3217607	4.0541706	-0.68047357	3.3359494	1.6397879	4.049725	0.61668724	0.78857744	1.8538253	0.11849834
2019-01-26 23:20:00	2019-01-26 23:30:00	22.050060660806093	20.95478382516444	2.096555590263501	6.535001333608872	120.144	-0.672	3.618	-2.102	-2.1488901141082235	-4.831195599278303	-2.48192253741932	6.767139070113062	-12.2525254421963	-2.318875322462254	-4.90597579412118	-2.456927422440529	6.539833835740811	-12.30148060397928	2.8187002479894456	2.6809547239327145	1.2799579263679453	2.2571729090972186	3.6892045129663456	-1.4557388	3.5989366	-0.9377306	4.150682	-1.3450006	3.7235203	-0.8203239	4.153992	0.44972664	0.6336144	0.8251138	0.085042186
2019-01-27 00:35:00	2019-01-27 00:45:00	21.453760944311867	20.34271663048291	2.473384975601212	6.349751568827699	107.728	-1.775	4.272	-1.382	-3.0529426612971986	-5.588536930804781	-3.116750963387067	8.53155099456387	-13.479315137411342	-3.4041868199613634	-5.640703370324144	-3.202104121983981	8.172538770694139	-13.201545584381831	3.58097750471458	3.954563365638128	1.6827770220255889	2.96187236778429	7.005850331428404	-1.200275	4.330402	0.09703619	4.5830173	-1.2393836	4.341319	0.15689526	4.582368	0.37082344	0.11890325	0.80880743	0.064993545
2019-01-27 01:05:00	2019-01-27 01:15:00	21.19848521115351	20.08019211848914	2.6535527798282827	6.254550174886398	108.076	-1.445	4.212	-1.38	-3.402347341148022	-11.657218865758663	-5.2955191137570745	20.8003686652504	-17.235244967980098	-4.170606084554263	-13.456047009770316	-6.157884953422107	18.72891447823933	-16.90233281837415	13.047483121627565	10.662603294710577	5.046439024495572	7.228303870572497	12.252485646817016	-1.3973601	3.8382661	-1.2833563	4.336656	-1.4234098	3.8428688	-1.3143154	4.3585157	0.46411088	0.3172846	0.43921462	0.18518598
2019-01-27 01:35:00	2019-01-27 01:45:00	20.93331497253572	19.80720508067569	2.848318158091711	6.1452665146116106	93.513	-1.347	4.517	-0.275	-3.0882979463735305	-6.852282745402199	-3.4798175915088287	12.131261891368505	-12.917730187775764	-3.3333839690560514	-8.02388537117798	-3.704218517006373	11.732415514849237	-12.930268606843487	7.088332522702461	6.20233741750288	2.630729580422949	4.1312424208688485	7.683264904054781	-2.833821	3.141493	-0.8490668	4.766016	-2.9834347	3.141087	0.08377787	4.763487	0.95961434	0.3498937	1.7496427	0.10030128
2019-01-27 09:40:00	2019-01-27 09:50:00	14.99396068047586	13.636481232701511	5.549806666103024	2.839667117614109	86.5	-2.257	2.06	0.147	-4.787664047903587	-5.795485441287489	-1.582117098920136	369.4409526314193	-9.172820457139236	59.814442492487565	-35.219379183269794	-10.302816372969012	332.40880941897217	3.8916276323055903	319.0002065479688	196.9670908457065	120.23362393656326	136.3293290918219	248.72188622292072	-2.997484	2.0282865	-0.15187593	15.2023	-3.1578383	1.56312	-0.31366244	13.729606	5.2343273	13.00859	8.996476	7.718172
2019-01-27 10:45:00	2019-01-27 10:55:00	13.89335561058756	12.48329173730672	5.589884876021631	2.4382108530314093	79.412	-0.857	3.952	0.748	7.733358405954775	-1.64771286869622	-0.4423114747456819	410.1227022904074	40.56877323660446	84.45536674251416	-0.5424730076261214	-12.9267926825044	360.0469080692832	58.50222080051071	355.1932006196887	214.3157850383703	122.6184942270737	137.80727522512532	253.37575941635015	-2.6308084	0.58289754	-4.421134	16.879877	-2.1916182	1.7095709	-4.9585834	17.148201	6.9705625	10.880876	11.412305	6.2529974
2019-01-27 15:25:00	2019-01-27 15:35:00	7.695133612973488	5.933546319060202	4.768359720713014	1.1259711544832085	86.087	-1.548	4.478	0.293	-2.388857674719808	-0.4986562678478745	-0.6336661100145875	5.034600018837522	4.405786762016157	-3.169861797852961	-0.9699696707167292	-0.8184410228359149	4.319996712494481	4.4210925489113055	3.784926494580616	3.2146494267337813	0.8062572179726218	2.513826696601224	1.9660348125553369	-11.655157	1.9767112	72.26782	73.22845	-11.629099	2.0000625	72.00761	72.972	0.32727626	0.10499411	1.5446051	1.5770271
2019-01-27 15:55:00	2019-01-27 16:05:00	6.812604327069679	4.99190760282734	4.53353111826305	0.9672243498018598	69.205	0.285	4.468	1.697	-1.012811518623861	0.4488630257028558	-0.3495993749477177	6.500234314240611	5.114652593479628	-1.5381587557941174	1.6962293999570626	-0.427470713701306	6.243267689657982	5.153377426240124	3.637248922261111	5.437597707788052	1.0941936212261747	1.7580520487165845	2.4359234374512555	-16.527296	-0.103987634	95.56436	96.98323	-16.445995	-0.12517281	95.09267	96.50429	0.39933884	0.13003708	2.7165768	2.74212
2019-01-27 21:20:00	2019-01-27 21:30:00	7.271576324336807	4.949371726968992	-5.231951803043785	1.0012550017485495	114.781	-1.937	1.702	-0.783	1.7835117383683488	-3.0216471459810346	0.2661534869395197	6.9751629389333	-10.428125811911896	2.442065426648916	-4.080690971774162	0.4016713270485762	6.562651922808522	-10.202835191142464	4.079913236642484	4.912750813603661	1.188680111197387	2.433716957968751	3.265514541543925	-15.174408	-9.004922	85.968	87.76029	-15.225353	-9.0259285	85.84753	87.65637	0.40982735	0.1442749	2.1727664	2.2112203
2019-01-27 21:50:00	2019-01-27 22:00:00	8.122576300282804	5.833849600157419	-5.525416312187637	1.1871163930478756	103.141	-1.917	2.64	-0.507	4.938177967702662	1.1659564410800358	1.571514856094455	20.754670530741254	-0.9561716930539144	5.884343440829859	1.1228728901280256	1.5309693773697046	20.588728534983503	-1.3188831319975023	13.711189621772563	14.811267364248891	4.116516559733012	4.666308662372225	7.51067356542171	-10.779192	-8.902076	67.80945	69.2362	-10.684475	-8.909435	67.807365	69.21571	0.2339008	0.13796979	1.255944	1.2494763
2019-01-27 22:20:00	2019-01-27 22:30:00	8.919279112428983	6.663634469938007	-5.767570035572146	1.3719172127395958	82.514	-1.432	3.293	0.453	6.820601908241489	2.4024970223961546	2.2566738581444588	11.515573493535948	0.4933260045732818	7.686275994043957	3.529236192568625	2.5011824381701424	11.333274483633248	0.3311713642318452	6.022238805163174	6.792745716700568	1.7196577292262136	3.184764301198637	3.693315381645198	-8.341849	-8.491307	56.6291	57.867027	-8.26207	-8.514441	56.33896	57.543728	0.2662122	0.11658701	0.8559389	0.87632287
2019-01-28 01:00:00	2019-01-28 01:10:00	12.50253648327208	10.413451547886195	-6.455026216893227	2.490841398810946	82.849	-0.975	2.183	0.303	-52.31128485326919	12.850803121679713	-15.48421087011933	1653.0271245236042	52.31598214721665	729.7376662886765	110.83865475131726	124.78048468885056	1566.794696661869	87.57376050261882	1524.225326679086	650.1915202326245	400.2802252069304	420.5696353797503	735.2967968443237	7.125489	17.423315	3.4209154	19.491457	7.467117	16.737715	3.0608463	19.801422	3.0330732	6.1430287	3.7048724	6.8405137
2019-01-28 03:10:00	2019-01-28 03:20:00	14.835870467749912	12.869772858147174	-6.4173298896109445	3.645241900252895	76.697	1.117	2.788	0.672	-6383.600380462038	23578.512608251876	-1388.756764921173	173638.3795726479	-10602.42897346877	-19966.257347390518	6518.433384837792	-1717.147973045297	138117.54495779882	10484.665158737267	167963.9609856079	111390.91394057716	48492.82078561157	115843.51497433688	153230.01120651004	2.7620313	10.458244	0.9077884	13.173481	2.8063939	11.50821	1.1623439	12.61339	4.5135083	5.900671	4.2998667	4.238598
2019-01-28 09:40:00	2019-01-28 09:50:00	19.926068473775917	18.276075375459747	-4.5199510689128575	6.527062869812244	104.827	-0.42	2.975	-0.793	-4.2974989003400434	-3.4575716748379066	-0.5210535978895393	12.381250637927645	-6.879517283111362	-5.908565415978329	-3.869902276690298	-0.997667053973315	11.025569057721716	-6.8501474031916	9.810654894485932	7.552116279197369	3.328217220550514	6.462187539691411	9.082718637175784	-0.628486	1.2628152	0.31921262	2.5951874	-0.6181468	1.2571484	1.0913174	2.6422741	0.7893466	0.77691805	1.8636912	0.23793074
2019-01-28 10:10:00	2019-01-28 10:20:00	20.22764301012588	18.59923150051388	-4.399768648708672	6.6232581838186855	67.778	-1.333	2.188	0.898	-2.442835648447632	-2.288309597920078	-0.2035217417741987	6.310988593391879	-5.068449273803122	-3.2355843263642123	-2.739003694451391	-0.265065181017661	5.969905371549594	-5.1242777612320864	4.611254544020333	3.4738468258550426	1.473822252157051	2.6306050948245217	3.059972268132489	1.169582	0.7393874	2.4909556	2.8997238	1.2479569	0.7756026	2.4923573	2.9849424	0.34526983	0.41618326	0.26862597	0.2750596
2019-01-28 11:50:00	2019-01-28 12:00:00	21.156388593349792	19.59746377187433	-4.122150287726623	6.822007640333641	66.679	2.565	2.15	0.925	-2.7806350308057595	-2.627459936248498	-0.2481301144168985	5.623263783259968	-5.551824488643871	-3.358264382985975	-3.4578604919885816	-0.3409940982204222	5.311762392295427	-5.57214524781562	2.999726129007936	3.0180197264925592	1.0979697479736916	1.545408475034678	2.760117076731749	1.6379129	3.0041027	0.7471454	3.5604205	1.7876316	3.0188367	0.8126006	3.5667381	0.45476073	0.18588611	0.42776555	0.11561993
2019-01-28 13:35:00	2019-01-28 13:45:00	22.012718942097436	20.522880631864023	-4.030146310019026	6.865050361737296	87.972	0.997	2.982	0.082	-1.737145728797532	-1.6696113693538115	-0.248907580603414	4.01420032788877	-4.51045335804174	-2.124687133611906	-2.065475818883046	-0.3349318987696315	3.974198113800394	-4.462455934884588	2.3497315476206064	2.3419899446007237	0.9205206393835826	1.2676520078634117	2.0465614043107183	1.1597382	2.9903517	-0.040964738	3.316077	1.1444575	3.0104516	-0.12104801	3.3220272	0.47072133	0.22585934	0.6626558	0.06489017
2019-01-28 14:05:00	2019-01-28 14:15:00	22.236274923588613	20.76547594397158	-4.035701692238003	6.852727600181872	95.434	0.607	2.845	-0.265	-2.490192971586281	-2.474011430293864	-0.3272925338084817	5.691643746312785	-5.127666023338658	-3.3353534161744784	-3.287335700961128	-0.4198763021787144	5.248372893889277	-5.073020665990303	3.2906066534518734	3.254012362879989	1.2018594548912156	1.7015464188604152	3.4195223413366973	-0.016469242	2.7847726	0.7157904	3.1697903	0.2619787	2.8940582	0.7093898	3.1784346	1.0139947	0.37835434	0.7861333	0.0967424
2019-01-28 14:35:00	2019-01-28 14:45:00	22.450782244975745	20.998719250468877	-4.052436035625309	6.831471571477778	118.33	0.192	2.137	-1.165	-2.104077103605348	-2.175471129444173	-0.3242141667510115	4.170527736804107	-4.69745238450213	-2.6538892316238005	-2.45499047468721	-0.4427358482578659	3.8806419690579648	-4.602285434254643	2.247927874290263	1.9973744398957485	0.7551086165341343	1.2184012965173403	1.8169543784511035	-0.9267909	1.77804	-1.1551924	3.115037	-1.4804957	2.0426757	-1.8317069	3.141788	1.294807	0.81054586	1.4297894	0.17084987
2019-01-28 18:25:00	2019-01-28 18:35:00	23.81030561638622	22.49213441229448	-4.323627371622024	6.506968936980809	82.906	-1.382	2.865	0.333	-1.275325514360503	-1.2266913929803147	-0.3778657015327445	2.534999970564831	-3.994806689355432	-1.4532138605088532	-1.4065438949309288	-0.4163834453793048	2.425129794508984	-3.997584605604216	1.3924031627767426	1.380363809737658	0.4380788992607831	0.9401534532956216	1.23909729850756	-1.7258397	1.1504463	2.1530938	3.195065	-1.5546561	1.0829372	2.294244	3.2077782	0.5583977	0.58573794	0.8033982	0.17252925
2019-01-29 22:15:00	2019-01-29 22:25:00	20.31024989141693	19.39788258529649	2.0017272182741386	5.6763696981212455	79.546	-1.227	1.723	0.31	-7.11926834613253	24.71101791041499	11.6610503342379	37.75168119423925	44.17913046054449	-8.00821773662016	25.98232870987081	13.864211415592438	35.6595690916889	42.648101088457565	19.48110799386436	16.55494300520023	11.390103121667778	12.466884356386222	19.67560511899782	-0.4998413	1.6564068	0.05510046	1.8799127	-0.3456295	1.8140411	0.0008908518	1.8892288	0.54703164	0.31631997	0.37753874	0.06577747
2019-01-29 22:55:00	2019-01-29 23:05:00	19.90980111103869	18.98921574543391	2.147559147815945	5.585464383566531	74.934	-1.837	1.225	0.332	-6.363675770543667	10.952830135988288	4.235116364385552	31.51740205164142	14.795570713822563	-12.089288313360292	15.847455883585726	4.875175888296415	24.16090527339588	13.913863038145893	27.811255367960705	17.125482158873222	7.316083019203337	17.473510548689895	10.891869229971956	-1.7743616	1.3812233	-0.041666955	2.3304207	-1.8886468	1.471364	-0.04845056	2.2515423	0.34770134	0.359065	0.41928652	0.22942725
2019-01-30 04:35:00	2019-01-30 04:45:00	15.606925603936084	14.545365977997848	4.125944464377703	3.870796497582971	87.749	2.103	1.05	0.048	-4.7736571341666885	-14.826299672440625	-4.318121989751265	306.4531731128061	-37.03547005155313	-101.30418923740618	-2.308735758673184	-21.90992582848668	288.7670266832379	-49.69493279873182	272.65781640345347	133.8231201182692	86.24674796681761	77.69890404608195	186.4435446857213	0.9088197	1.8648769	2.845223	12.495001	0.9013611	0.9965677	2.6807876	12.326521	5.9299903	8.944441	7.84766	5.7469597
2019-01-30 06:10:00	2019-01-30 06:20:00	14.046727216126923	12.914093170216262	4.600197910677912	3.061507498727705	47.075	0.367	1.737	1.63	-6.310307204523681	3.950379227786601	-2.534622978037835	116.73788563137722	8.100949516740531	-78.23618259173976	7.549485785001782	-22.940139519281587	107.24253343753772	18.27153679301317	111.51765284775648	29.20912213445906	32.3667644202286	27.768381238166	67.11744349986903	-1.9400444	10.321746	6.719046	12.651281	-2.123035	8.623856	5.875083	10.955191	1.2032663	4.252395	2.5570607	4.6327295
2019-01-30 06:40:00	2019-01-30 06:50:00	13.5118959280854	12.352655312030103	4.709526930139758	2.7931159806574093	47.608	0.192	1.68	1.538	25.86722170435073	7.605900999706776	7.732988731733436	140.70298257385767	1.7203984029361925	97.33119884580638	13.91005244766205	25.94651865445256	129.48412692725282	-9.856244400374132	130.94940320580858	42.2138264709332	34.83204478145963	33.65200420774807	122.69950874446047	-2.9702032	10.363411	10.90566	15.685838	-2.909717	10.476342	11.366807	17.587963	1.723277	4.910736	4.2612457	5.861185
2019-01-30 07:10:00	2019-01-30 07:20:00	12.9543794169664	11.766188288033854	4.795994795603371	2.5237068962579245	55.835	0.187	1.732	1.198	-17.10320775287642	-8.028960244564429	-2.780682072485168	149.9167192780689	47.71642849972885	-112.1420172635502	-4.59835695207781	-23.52923865905287	138.17614376766227	54.325571632785206	144.79460087991313	36.16048942070875	38.75261622994063	40.79848153448064	129.6503400464319	-2.586895	10.356664	9.021799	14.440474	-2.3309977	7.380212	7.1163545	10.714254	2.4498234	5.554544	4.945372	6.9375353
2019-01-30 07:40:00	2019-01-30 07:50:00	12.372400193152243	11.152655824818206	4.85825533313615	2.256060291054523	79.299	0.338	1.988	0.377	-207.0368264266072	-56.72722568973866	-44.3950248645331	402.8135720552632	144.60634370073566	-311.1690102204226	-56.67325937020239	-70.69798730495722	337.55021419560774	190.9903687168761	358.06099394927867	57.937107694558485	90.5863655680552	159.88947274552825	211.78737889410075	-3.0635514	12.212919	5.553926	13.916458	-2.544599	7.571885	4.812316	10.128431	1.7114781	7.913894	3.3472846	8.513648
2019-01-30 08:50:00	2019-01-30 09:00:00	10.90686640426272	9.601495752383608	4.90333900433104	1.6510828031808356	71.039	0.185	1.973	0.688	2.2753407041142784	4.043866210227467	-0.4734548058890235	56.81281748036026	-1.5171933075678408	12.059606315105809	7.311817596191784	0.9063404278942396	49.411714207574335	-2.0059765750438845	50.6911902922808	27.21775778233731	13.718776467969091	17.10748077207216	7.089602791432115	-2.636405	10.831094	44.44059	45.823856	-2.6070306	10.951725	44.403454	45.835243	0.45287183	0.6563929	0.47590494	0.51572496
2019-01-30 09:25:00	2019-01-30 09:35:00	10.10891199548755	8.753053659958976	4.869548907479106	1.36355789245646	91.76	0.507	2.183	-0.048	-3.497153930820985	-1.621526543568372	-0.5117818153702611	18.81259096709866	-0.8108908537277866	-7.2511020002997295	-9.281231398751332	-0.5901112118262233	15.85503429210473	-1.03945561311889	10.406130782936811	16.8067797359313	2.326534590553498	7.574690874436593	4.312902346264912	-1.7568492	12.967651	50.144478	51.82489	-1.7787292	12.979842	50.146164	51.835594	0.21189807	0.24769297	0.055963736	0.07224216
2019-01-30 09:55:00	2019-01-30 10:05:00	9.384301171090591	7.980087720954721	4.807534583602066	1.126207787618018	69.511	-0.047	2.187	0.832	-2.7624523821293074	0.5742404435809795	-0.9533947739550952	4.812478436805403	-0.088732253154053	-3.406504594648003	0.6465232780439485	-1.0703136088195584	4.373754877649979	-0.0777836401143148	3.0285202918966045	2.8286289993177407	0.6940654481590878	1.8343151750457	1.1519954683660727	-0.8272065	15.08755	55.38088	57.405838	-0.84771204	14.99136	55.45736	57.448994	0.20504224	0.26804125	0.4748714	0.5186924
2019-02-05 17:25:00	2019-02-05 17:35:00	7.428958807407448	4.346483373020281	-5.865877883972146	1.3731186798480308	91.142	-0.197	3.988	-0.1	0.0331634089271996	0.0807900294534296	-0.0063149423151468	0.1949214664364882	0.5311461074726793	0.050011133864105	0.0982179293103869	-0.0067821884372196	0.1854335960509975	0.521594767247699	0.1172664313336485	0.144380371466042	0.0411347719919243	0.0772108672317603	0.1476343976070915	-23.007381	22.043402	75.99934	82.410385	-22.957296	21.93532	75.976105	82.33271	0.7670189	0.9937445	1.5984384	1.9520217
2019-02-08 10:10:00	2019-02-08 10:20:00	15.459157612742864	14.989455004421025	2.774401778526368	2.569729217852753	58.384	-3.678	2.388	1.465	-0.0287573738728116	-0.0396020166769876	-0.0033368448822827	0.5838501404349795	-0.0792338748471338	-0.1021734429407334	-0.0173743949721928	-0.0008735108419169	0.5075265415060343	-0.0858422797680907	0.5266671127185819	0.2734935190456252	0.2039300918052239	0.2351380216973476	0.2863834589938744	-3.2377625	3.044978	1.711133	4.8394814	-3.3457181	3.0745938	1.7427695	4.9692464	0.54310036	0.7282946	0.40150723	0.49897033
2019-02-08 14:20:00	2019-02-08 14:30:00	10.54764117539505	9.852094420260196	3.4755535091856378	1.451873209335995	49.217	3.367	1.527	1.362	-0.2677307662288946	-0.1789560859030357	0.0547490728377719	1.529116207855459	-0.004655870496956	-0.4863177546669552	-0.2262679692318793	0.0004432907283036	1.3693489112857251	0.0857410611714088	1.0873795552471377	1.0379281442883492	0.4217382428343188	0.4539365628167431	0.6220878594509086	-5.533934	1.3231362	50.48513	50.829582	-5.7515388	0.9330209	50.54841	50.853046	0.93696153	1.2798721	0.6793544	0.673677
2019-02-21 23:40:00	2019-02-21 23:50:00	23.777969689653048	22.86241057378454	-6.266258493570457	1.853544999241016	48.683	-2.697	3.245	2.848	0.0122325272533916	-0.2960567697056689	-0.0947893149397549	1.5293455262703275	-0.006971778398929	0.1077346711125176	-0.4408457239176349	-0.1221676220951367	1.413193826637433	0.0289350732137306	1.1497494755175763	1.1371370025846663	0.3373321267226986	0.697627338867022	1.3776559105996549	-1.977246	3.6654108	2.631045	5.093082	-2.0319345	3.7451437	2.7359421	5.09672	0.78120446	0.71272993	0.7500722	0.09233304
2019-02-22 00:10:00	2019-02-22 00:20:00	23.50563970039101	22.63581334637651	-6.052420168622141	1.871576763479846	75.314	-2.193	3.933	1.022	-0.0264279464134964	-0.2429670508413328	-0.0911605989322096	0.7464437006221915	-0.0957347104465076	-0.0484857521375415	-0.3211972862987508	-0.1135313457007037	0.6926053114487454	-0.0418715850344923	0.5451732625501549	0.5429722355490043	0.229812988086075	0.3946013494845281	0.6208649514720497	-2.6328888	3.667497	0.7514218	4.689435	-2.689157	3.7341163	0.70811605	4.7225943	0.5078019	0.31568465	0.85055095	0.19345877
2019-02-22 03:30:00	2019-02-22 03:40:00	21.47358833094661	20.894559571742363	-4.429294502358654	2.2164898977459986	86.508	-2.125	2.375	0.18	-0.0416896198572155	-0.4867670559100077	-0.1834061288928129	3.1891993317278065	-0.3041576583660281	-0.2159647445545738	-0.939297815008038	-0.2586677559646888	2.7928599613394294	-0.038551313139533	2.312382772529282	2.4462593017134093	0.9592043862723124	1.5338504928118406	3.552229835160348	0.717439	3.0212636	0.4889617	3.6623204	1.0604118	3.125403	0.2270686	3.6876657	0.95878774	0.63992125	1.5112826	0.28634515
2019-02-22 06:55:00	2019-02-22 07:05:00	18.943940969649336	18.625021466018374	-2.5399225568068737	2.351457137130597	99.703	3.752	1.25	-0.233	-5.420587518358515	32.839284204969374	6.446169613849614	1268.07973877629	-35.76453429893515	138.12107807015823	64.89146732507923	-7.494061862950403	779.4841637669424	129.70750061979535	1317.5294991891465	1041.6255192679016	346.47770939238933	1155.0054706768328	1061.835874983236	2.3732095	1.2325484	0.013649992	3.741726	2.9425738	1.2049024	0.11406094	3.6836808	1.5351753	1.52094	1.6097391	0.64206964
2019-02-22 07:25:00	2019-02-22 07:35:00	18.52948848714132	18.243907327499343	-2.2673887463657683	2.3151319999279387	90.989	3.605	1.615	-0.07	2.0252643333720783	3.943709744669789	1.6536082480724847	22.25823373994148	0.7040306676860542	4.128393477927589	5.253549815831255	2.153908761474459	20.78381320852192	0.1858398386014769	18.314883806259115	13.429583253408756	6.769058468670167	9.41110094174646	16.55641540505093	3.9652805	1.0596588	-0.62535733	4.428397	4.081292	1.19941	-0.61980176	4.483309	0.7889747	1.0268378	1.1621726	0.80883855
2019-02-22 08:00:00	2019-02-22 08:10:00	18.02996782149974	17.781319819095707	-1.9553753536608305	2.2538915692292405	71.984	3.513	1.832	0.592	0.1414386442062212	2.1552331554308783	0.4892742348376654	7.031084683024817	1.5977880857043492	0.2983783083676001	2.9948613023661217	0.8043314436770247	6.328254950897897	2.0088972815518997	5.480170641360489	4.494724388057172	2.2790778358569543	3.301103704259075	8.485617756457984	2.9264033	2.0133867	0.27882543	3.601443	2.904157	2.0766206	0.2532287	3.6155744	0.21436203	0.28584838	0.40645522	0.13334192
2019-02-22 09:15:00	2019-02-22 09:25:00	16.897393701247513	16.719651048353857	-1.3120874569316008	2.0622161994912225	75.599	4.503	1.062	0.262	-1.0289544139950306	0.3482808908139932	-0.4363920865995522	45.5600618410776	-5.049540765896131	16.60536505798748	0.95333359149732	1.3032968135216465	38.70585294864858	0.193981088550715	43.3612123257646	22.357608652184098	12.244027891786915	21.345371111192467	24.7643564277909	3.3903356	0.13864738	-0.21271838	4.174516	3.5009615	-0.14882973	-0.20324054	3.9945054	0.96810746	1.7326366	1.7062466	0.9913639
2019-02-22 11:45:00	2019-02-22 11:55:00	14.337071000413845	14.255531336730558	-0.1211905619547511	1.5217582741978968	110.825	2.943	2.195	-0.88	0.4425051037410767	0.8749038903505292	0.2170416714201937	27.16923489836087	-2.717025652082804	-0.1054730166133269	-0.131834926098267	-0.2023681443798236	22.81927777154117	-0.7513159141064256	23.840996121347292	17.066799444833798	6.903373117442766	13.044782461042342	18.337017139397062	2.6283112	2.6165667	-0.0555859	4.7683134	2.6548173	2.5724387	0.112495504	4.0245786	1.7875713	2.2030325	2.5133903	2.3209076
2019-02-22 12:40:00	2019-02-22 12:50:00	13.279679980238567	13.21182025106357	0.2954225831441112	1.3074069892625368	88.606	3.972	1.36	0.007	0.6771486900927448	-9.827956612250963	-0.4934895864553453	89.0985200074401	7.588882697521633	2.8176718603137303	-15.24109494390531	-1.217937870089924	82.98100792162778	6.6126564189442325	77.75338233169359	46.43379341481624	17.33701319242709	25.7099628027592	65.0789956035985	3.6749494	-3.5678453	-3.146988	13.83087	4.0231743	-2.5295637	-1.9712445	13.7633	5.0777807	7.7377257	9.917201	5.3714476
2019-02-22 13:10:00	2019-02-22 13:20:00	12.670830309076289	12.603709938795282	0.5207292187255473	1.1933408482284436	83.418	3.723	2.145	0.243	-1.5240610490601088	8.38670436502046	-2.184174741467777	122.03648276901802	-4.7345689424666	-22.370063984801966	-3.8754394456130896	-2.7640186709055365	105.19799401855308	-1.942498234663549	107.1425596756041	73.48060621072293	21.715969040935125	50.3491604615064	94.44980737651504	4.716688	8.441725	0.015823934	17.34146	4.677355	8.38946	0.37435615	16.384512	8.690953	10.075794	9.624213	7.903397
2019-02-22 13:40:00	2019-02-22 13:50:00	12.036842419476168	11.964767491570052	0.7452099779000916	1.0831599542996084	67.685	3.42	1.89	0.785	-36.61669159818032	-6.733545417137886	-9.216486776359687	96.81117976240778	0.0636718214472179	-68.94339175570639	-2.9017280695533607	-14.895848808431415	89.7291721777521	1.797662959952714	84.72961755748108	33.80737019974123	16.95812381993267	26.613646381922432	58.39368756926479	-0.1305652	7.7761545	13.003409	22.038477	-0.6965659	5.8795533	0.9815779	17.68597	3.3501787	8.408603	20.086891	15.142374
2019-02-22 14:10:00	2019-02-22 14:20:00	11.375337844383544	11.291650188303244	0.9689394013332624	0.978058667506894	80.111	3.21	1.877	0.332	-0.8717885353363689	4.153330346700153	-0.5773068727229447	11.813303467547456	1.3878178299042625	-2.2452137494375104	3.30893191226058	-0.7223459997532398	11.079910290392665	0.4404602723515749	7.663856851748641	8.34132802995697	1.4802338358874594	3.048419259950177	2.2151825532453397	-2.232746	0.32363543	46.748615	46.865887	-1.6585146	0.3319174	46.639618	46.715702	2.292718	0.7879051	0.42797503	0.4152873
2019-02-22 16:10:00	2019-02-22 16:20:00	8.38666162325361	8.158756324311861	1.8392605839037348	0.6204684777671092	85.712	1.63	2.778	0.193	0.0810531050030371	0.29159579772032	0.0180200814947663	0.5474359283933115	1.0739854627413687	0.101654559186219	0.3412984870854668	0.0195817836801794	0.5175677351505549	1.0683627099327402	0.3626184645677369	0.3393388822190527	0.0577696950294349	0.2054670489761011	0.2339813090902281	-9.149787	-2.3729527	63.199802	63.904068	-9.10744	-2.3623948	63.066574	63.79142	0.3267334	0.16418025	0.6671631	0.64324474
2019-02-22 16:40:00	2019-02-22 16:50:00	7.528802251608549	7.226933113148998	2.037904390725426	0.5454756120291424	67.094	2.808	2.165	0.923	-1.6135189192728985	-0.5273506823113319	-0.1428922144640741	5.111441113686821	1.4641687426710253	-2.7521540089770857	-1.893448938592692	-0.1535643067880767	4.370952637363979	1.5250501553136926	3.4760006682214217	3.762744756629543	0.2299324833521876	1.7518069720068137	0.4302127953948058	-10.991939	-3.8150008	74.166595	75.074585	-10.941083	-3.8386087	74.20767	75.12806	0.26569706	0.24538623	0.3142589	0.31041583
2019-02-23 02:45:00	2019-02-23 02:55:00	13.49210224474883	7.8513449824910735	-10.9603085385434	0.5125153914002255	52.732	1.872	2.143	1.605	4.228693617231024	-3.880633724178998	-0.7927642893338593	30.02639996766964	-2.250343588335052	16.835271628248233	-12.237740637499524	-0.7191152760236758	27.91057012975762	-0.7932659013546142	23.38651916505628	19.32165823290412	3.159615416025204	7.888211021105982	14.149237647835871	7.413967	9.229482	12.491347	17.415606	6.7661686	8.911036	12.2730665	16.578947	3.2826934	3.2763925	4.3613505	5.780386
2019-02-23 04:05:00	2019-02-23 04:15:00	14.987010465570664	9.25827016896959	-11.717059888252887	1.2660825096605428	54.075	1.163	2.397	1.745	-0.3516582653775064	-0.162860377778673	-0.2584609259981185	16.089787940018457	-0.479649395323417	6.76249583451764	-2.9335030554474995	-0.4453353318215385	15.080028345292664	-0.5463503313585978	13.938454371685191	8.817322974001158	2.918192803515737	4.677313018352816	9.453743644121642	5.369685	9.412178	8.008971	13.860335	5.0661263	9.0998955	7.6041317	12.881468	1.8099685	2.4683046	3.608924	3.4424148
2019-02-23 04:35:00	2019-02-23 04:45:00	15.51210524431663	9.759566184530552	-11.952010769856368	1.5884549926922222	57.594	0.66	2.668	1.695	1.1079540475653349	-1.0513700246097957	-0.0084724893274308	13.335372743633569	0.735347965227915	6.762428942308944	-1.005302512980908	-0.0292577610014078	12.345990914064078	0.6438871629122442	11.893953880088816	6.577446696911502	2.6695193389747445	4.044270530657753	8.407035860819912	4.940471	9.924711	5.4617963	12.585979	4.9854426	9.967836	5.508896	12.2407875	1.019122	2.1950202	2.0181026	2.0644462
2019-02-23 09:40:00	2019-02-23 09:50:00	19.997588061679505	14.195333127170471	-13.337402765837377	4.528682304060545	53.444	-0.04	2.542	1.887	0.0694791274131571	-0.0301587879444604	0.0051835019769016	0.6552367473395346	0.1342796710232167	0.1042288261335347	-0.0408694973888439	-0.0005973499043629	0.6040667527118209	0.1499586281612429	0.4987647989248517	0.442967740611821	0.2378354239399306	0.2792507976980548	0.5712585285932092	0.07769079	2.1792374	1.9838531	3.0897222	0.046437405	2.2315035	2.1350574	3.0618713	0.5327982	0.56291825	0.51902074	0.12056129
2019-02-23 12:35:00	2019-02-23 12:45:00	22.021665402945818	16.29768131898219	-14.02135163973436	4.768685339811973	82.319	1.613	2.808	0.385	0.2158243233733751	0.0835605918547394	0.0430321742371427	0.6580230843409659	0.2976998265199417	0.2875911179319056	0.1191877023754771	0.069795663889757	0.5960081639463728	0.3181191648731967	0.4746596829352661	0.43484413148237	0.2288626251912523	0.2986456664057978	0.5821505479430679	1.667266	2.747094	0.31068313	3.2389758	1.6839235	2.804812	0.32670122	3.3231401	0.1454869	0.17127368	0.21556903	0.16979371
2019-02-23 13:30:00	2019-02-23 13:40:00	22.590802338947388	16.902616558332596	-14.276625919356562	4.563205442435503	67.024	0.253	2.637	1.117	0.168707762320421	0.0817455249074801	0.0368824882794717	0.6795995700487271	0.2542950228856711	0.2285334314627782	0.1139303895544744	0.0637821236092412	0.6213137528253112	0.2320475909513877	0.5598715986548374	0.3703981861459104	0.2663443864361312	0.3102253015267723	0.6194081124027283	1.072816	2.9046073	0.9893721	3.4033015	1.0947165	3.021236	0.9874049	3.4227839	0.56091475	0.48258445	0.69179785	0.100851916
2019-02-23 14:05:00	2019-02-23 14:15:00	22.9376100042768	17.2746164064944	-14.4440423403013	4.369204279072084	70.215	-1.39	2.415	0.855	0.1693777249550661	0.0962058319327418	0.0427941829320835	0.6758282372553748	0.3066484887254673	0.2836994665686395	0.1148789488530682	0.0522203175349846	0.6212712251976844	0.2849416538258391	0.5308307871118094	0.3730029870717741	0.2801376167538248	0.2870915339411189	0.6839440435997065	-0.4251063	2.6624703	0.8364203	2.9379766	-0.43601793	2.6806798	0.73848253	2.9320827	0.50942695	0.2203878	0.60412073	0.102004394
2019-02-25 15:45:00	2019-02-25 15:55:00	21.273949929305207	20.515957614122083	-5.164377987230019	2.237209010486843	69.308	-0.893	3.818	1.457	-0.2325901450680757	-0.0591491716896773	-0.1209660349556814	1.835674790813332	-0.1024841768449762	-0.5522912610836737	-0.035475744691494	-0.2212806185349312	1.6577578063551428	-0.1305832587003256	1.3576591938684648	1.113774424429376	0.7624169846066841	0.6062501609937928	1.2264730449951224	-1.571414	3.7515721	1.2835187	4.276871	-1.5730548	3.7319129	1.2725201	4.229575	0.19749431	0.21192011	0.24941996	0.21343055
2019-02-25 21:00:00	2019-02-25 21:10:00	17.09724128213119	16.831350780951325	-2.805495028443425	1.0723011929180837	106.133	-0.207	2.897	-0.84	-0.1388409035032765	-0.1098081979281916	-0.0834364339947888	1.8900087275824613	-0.2375529867917861	-0.4190157253572361	-0.1357667604198459	-0.0897669418542221	1.6022503446167164	-0.156807345801705	1.4576722461229985	1.3465482268701898	0.5991969508467788	0.873613630449028	1.1181244350314818	0.22464885	2.9037995	-0.8750064	3.2139602	0.5266838	2.9769168	-0.89872485	3.2071373	0.84978926	0.252036	0.55139965	0.09122504
2019-02-26 01:05:00	2019-02-26 01:15:00	12.735977486229212	12.694117211041558	-0.4827124527639282	0.911057054973008	101.025	-0.85	2.783	-0.527	-15.045543620770951	8.294751087915303	1.361650609479582	69.91919258348656	2.599400630401963	-40.45174736037616	12.924108592968782	2.03713105053328	61.86767964755904	0.6678691377187489	64.60656433534011	28.022471585544697	14.26431773838657	23.89706485808161	41.630082397243	-2.1722248	-10.955642	-3.501796	13.72067	-1.8330289	-10.96008	-3.1531882	13.757777	2.672074	5.6339116	5.798087	4.609683
2019-02-26 01:35:00	2019-02-26 01:45:00	12.105613567198	12.071698121433704	-0.1768148295110964	0.8871703558472507	96.448	0.202	3.188	-0.362	-0.2698859892491916	-5.735717347081167	-3.3721580707833003	100.44748758388477	12.45670626691899	-19.620257589403824	-10.032969326811026	-3.234505905672505	92.65791672400589	15.12816566555999	85.70877285267521	58.08785681918816	13.743268764174276	29.389033161279364	74.77160950012913	-2.524864	-7.8513074	-4.1341953	15.426433	-2.128358	-6.929013	-3.9208546	15.414536	6.6967936	8.448046	9.324854	7.0925465
2019-02-26 02:05:00	2019-02-26 02:15:00	11.448096664241966	11.415407671056656	0.1312920242421081	0.8533993669395542	107.502	0.927	2.917	-0.913	-2.793087398346931	2.257962431254793	-0.0316461316619497	10.04086539957826	-0.3534534004795459	-6.318816441650914	2.131041886799165	0.0788960833452131	8.81614580339106	-1.485504993107864	7.753250161500673	6.101480501682687	1.290579905461134	3.329910499182828	3.8128336028894574	-0.16221514	0.9932913	44.511093	44.65413	0.17232126	1.2314456	44.66823	44.702156	3.332583	0.72392493	0.9450943	0.8845815
2019-02-26 13:45:00	2019-02-26 13:55:00	12.27462108794879	6.140735330659674	-10.341412721645112	2.451752171642903	76.498	0.603	3.113	0.75	6.561342813862256	0.4026580242291105	0.4717206718833883	51.64730266835143	-2.7666181744204845	14.17194206438226	0.6288220435072474	1.802015370080192	45.46201983852721	-3.327716744063141	43.83325576168434	33.06534137547764	9.875783244075402	22.095117245933444	22.348697099674748	-2.6236868	6.11136	33.11212	34.59567	-2.6924076	6.7591667	33.548855	35.23521	3.8610919	6.476706	2.8208287	2.9321873
2019-02-26 16:00:00	2019-02-26 16:10:00	14.901352649552877	8.514512006004535	-12.074544825202253	1.9382333775302611	52.685	0.518	2.898	2.22	0.6630347507838628	-0.8580636889432884	-0.3884122611913123	19.223167596237325	-0.8215924726355933	7.526789441086958	-1.936058250933252	-0.6250671299276673	17.966125199610158	-0.2824251547363809	16.375187216880406	10.71060862024552	3.6427729348077382	5.284909468020616	13.635364667699095	4.0856886	9.388945	8.778596	13.72941	3.995254	9.519105	8.545472	13.634985	1.2915587	2.0342317	2.3964362	2.2274039
2019-02-26 17:35:00	2019-02-26 17:45:00	16.512663490665094	10.021896475170436	-13.063198366606477	1.257149743910231	66.671	2.343	2.405	1.057	14.19061041346256	-7.23807717963463	0.4745527169883779	19.90562922074365	10.124246497029386	14.767501458447988	-7.625667511076213	0.427944630791043	18.42836813377147	11.236486377041768	10.17369865356664	5.559906140070674	6.59860889991973	5.976006255567049	7.869891229523537	2.247984	2.5157342	1.5910282	3.9010937	2.2585714	2.780951	1.6220663	3.7111974	0.3729978	0.9967809	0.6479762	0.49775583
2019-02-26 21:10:00	2019-02-26 21:20:00	19.614503417925597	13.034741237104774	-14.654474731402374	-0.264081390540051	115.083	0.623	3.003	-1.395	0.1050679954156196	0.0072871345362714	0.0429385706706452	0.8319962622924391	0.1756900200639659	0.2971038255841179	0.0183863135149708	0.0464636061415275	0.7433674847856095	0.1744254150637202	0.6799274439901253	0.4799908502059328	0.2904562515124448	0.3126910708480101	0.3690985344655905	0.35592547	3.242332	-1.2633512	3.5207105	0.36297822	3.3700995	-1.1792443	3.5831513	0.096180536	0.2737222	0.30648363	0.13475953
2019-02-26 21:40:00	2019-02-26 21:50:00	19.99686301119246	13.416921727697178	-14.822611831006697	-0.3875573735610082	127.186	0.877	2.718	-2.072	0.0240705354135873	-0.1245229309635067	-0.0346480508506426	0.8008320130662263	0.0488622567197385	0.0421143992178201	-0.1529396586394724	-0.0622319285480068	0.7136066078323117	0.0394532104756546	0.655393901309553	0.5322079602680738	0.3258827303584046	0.4415200539943704	0.5089001214852059	0.5119454	2.7244446	-2.056513	3.4955263	0.49353132	2.7326126	-2.0856307	3.4952672	0.46781108	0.22049385	0.20081775	0.0549662
2019-02-26 22:10:00	2019-02-26 22:20:00	20.368277419100696	13.790619582740566	-14.981952811055924	-0.4754410503540085	133.072	0.752	2.572	-2.403	0.0411444515247525	-0.0945745314641409	-0.0412805250403207	0.5419628002193378	0.0087705920965138	0.0350441477945881	-0.1282179864552725	-0.0319361426022308	0.507778985163972	0.0201152884472249	0.4346553647145559	0.3311664218767776	0.2185214092535618	0.2548837071586319	0.3375060677352313	1.2317712	2.3439507	-1.8134705	3.2398536	1.2949326	2.3725002	-1.6733168	3.1745083	0.2518461	0.20510688	0.3477885	0.1727413
2019-02-26 22:40:00	2019-02-26 22:50:00	20.729115106754275	14.156069741873816	-15.133612364394937	-0.5245774058121094	133.382	1.068	2.197	-2.077	0.0483660100048125	-0.0788162304613296	-0.0044539708601103	1.245149527744006	0.0408543847558827	0.4513870578906735	-0.1295316402526848	-0.0107472419672589	1.106761293599481	0.0439118303862515	1.1122248782691704	0.5310256310147221	0.4763941150647764	0.4518379289380502	0.5170834093951717	1.1026942	2.20692	-1.6766663	3.1534624	1.0730672	2.4734707	-1.6276474	3.1563501	0.5500734	0.6974652	0.5098798	0.04827779
2019-02-26 23:30:00	2019-02-26 23:40:00	21.30792102456854	14.747412737238776	-15.371297898129631	-0.5138255178919985	119.247	1.678	2.473	-1.365	0.1009283258492641	0.105831383045147	0.0995386752368891	0.6581042489059676	0.3112454850415821	0.1394677520853604	0.1360779474984409	0.1217899826842278	0.6171815413945695	0.2961099715447913	0.5212113849964598	0.3621943666955824	0.2651428459513323	0.2670961435717945	0.3788368358644161	1.6395354	2.3276918	-1.4824182	3.2246366	1.6302547	2.3400297	-1.5616124	3.219314	0.10883626	0.19777824	0.21833713	0.06433996
2019-02-27 00:35:00	2019-02-27 00:45:00	22.020170573352985	15.48431623612931	-15.653187882568943	-0.3174503987642699	109.035	1.99	1.968	-0.678	0.0323379090025493	0.2514565007211942	0.2029277276731414	1.079200535115937	0.4339250727890795	0.0420839258535232	0.3619863701617453	0.2564617221332146	0.9736945714080556	0.4306516171639847	0.8639214959718872	0.5328929568621219	0.4097358524533217	0.3728279807617368	0.5075684534866619	1.5235536	2.341741	-0.11810618	2.856656	1.6656846	2.346638	-0.22851245	2.8585958	0.3150723	0.22521473	0.44108748	0.054627374
2019-02-27 01:15:00	2019-02-27 01:25:00	22.436975147908715	15.920614368538894	-15.80955510943351	-0.0934195050071217	92.273	1.962	2.153	-0.082	0.0128849497114351	0.0450403340312619	0.0523995876668576	0.7311622961942583	0.263118177105364	-0.0262029099876773	0.0559728266222565	0.0692317632828421	0.6781982941148186	0.2701976113338187	0.6015346787027656	0.4198425232190461	0.2914786958468116	0.3056364035056085	0.502959840375173	1.8902237	2.1732411	-0.34851742	2.9419413	1.9464189	2.1598065	-0.29875398	2.942308	0.18156016	0.098035164	0.44378805	0.043501757
2019-02-27 01:45:00	2019-02-27 01:55:00	22.739250343463382	16.23952739227072	-15.916482385290925	0.1241193293335556	110.779	1.872	2.048	-0.762	0.0709904820565992	0.1043516569159125	0.0893179995170612	1.205431783522894	0.3239682582756916	0.2511112824905207	0.1279697366120839	0.1013512482431358	1.057326874078544	0.3147945740572923	1.079254723011238	0.6375091382391512	0.405621592084441	0.5536951973783728	0.6815355859209342	1.4821992	2.1921842	-0.9127232	2.8720083	1.4518144	2.2665658	-0.9544121	2.8742065	0.18459675	0.2812584	0.5500229	0.054079376
2019-02-27 02:50:00	2019-02-27 03:00:00	23.36492247932229	16.90680972017495	-16.11053748041942	0.726499874705769	63.156	1.08	2.168	1.107	0.1146576027582266	0.0563341102109946	0.0792068042047117	0.865449366702874	0.2782238686064744	0.1724918191713546	0.0643818797691977	0.0846443240878017	0.7781308571180089	0.2874224536786222	0.7481393968182958	0.4838565708022685	0.3322420385482277	0.4216699179551488	0.7192933342713665	0.61166716	2.36414	0.2820673	2.622139	0.6467994	2.463712	0.28259856	2.617113	0.23249756	0.23211002	0.85329103	0.057278477
2019-03-05 18:00:00	2019-03-05 18:10:00	16.55677096293937	8.666047575461283	-14.10021383229207	0.4559138050884333	132.843	4.41	1.445	-1.292	2.6056892978470128	-11.725758775647147	-2.87757267518025	49.22220266680616	-3.8047559517294767	6.974410050339516	-17.559476152478425	-2.7215634145364413	43.21376441148495	-1.2093777311411036	36.75644482500853	34.54949910321568	8.07987657978434	18.43167802214249	34.522152369133266	4.315784	8.935158	-1.5958887	13.553573	5.6858172	9.026384	-0.4456551	14.315702	6.24946	4.3397217	6.454707	4.1064253
2019-03-05 19:00:00	2019-03-05 19:10:00	17.488191520788693	9.503486425474591	-14.680143785045033	-0.1089262200373517	105.437	3.875	3.143	-0.823	0.6565406506796986	-1.6381109176354507	-0.6456702647214799	24.57136955638292	-0.4964414493934379	3.451306584440156	-3.57443430539256	-0.3069893813003688	22.484375702573487	0.3572697239118122	19.40386857023747	15.985435219739662	4.656915593464548	7.315070657148278	16.00707478924203	10.004104	13.394425	-3.045019	17.227747	10.096628	13.439005	-2.9339795	17.101307	1.9250716	1.7086772	2.1881497	1.8393046
2019-03-05 23:20:00	2019-03-05 23:30:00	20.931876530738865	12.741600437239985	-16.538878980452452	-1.503349927677457	62.099	4.582	1.658	0.872	-0.1349413650234869	-0.5470739190032338	-0.2615302257960603	1.0331945855539866	-0.6837061633584277	-0.1928523750168462	-0.6050655616884775	-0.2829729958228123	0.9687892140709732	-0.6414376054872657	0.7264589435734299	0.4482591771386314	0.3320851527879184	0.3966931906698483	0.8763001469365362	4.7269797	1.8289347	1.8395168	5.430606	4.719922	1.7952634	1.7530582	5.4317594	0.22745608	0.4042272	0.4745424	0.14835848
2019-03-22 12:30:00	2019-03-22 12:40:00	14.12660488361326	12.741334371025426	-6.078004476720313	-0.525192830162033	54.657	1.077	1.845	1.303	0.0278915761519711	-0.0347476765730397	0.0094318170185193	0.1605243748360602	0.000433631119639	0.070762565808243	-0.0496479244457484	0.0091769355715858	0.1340030448856229	0.0043691713750617	0.120637037193673	0.1068039865158072	0.0552636668409455	0.0729430219724415	0.059200260805728	4.4343505	10.644964	1.6708752	13.598374	3.8629155	10.400466	4.208236	13.758515	1.6687158	2.6411567	6.5795794	1.9763469
2019-03-22 17:05:00	2019-03-22 17:15:00	7.860455879635068	7.710892642133913	-1.1483477745404158	-1.002916845972461	90.116	-2.067	1.963	-0.008	0.0710676657479934	-0.0111289560763635	-0.0082932049884668	0.0739279337724486	0.0041051427428266	0.0710676657479934	-0.0111289560763635	-0.0082932049884668	0.0739279337724486	0.0041051427428266	0.0026112463622973	0.0152988354107224	0.0027251237494899	0.0051189752172047	0.0014077231839026	4.974978	2.1370316	84.8129	84.985725	4.974978	2.1370316	84.8129	84.985725	0.13837051	0.033022285	0.54909134	0.5407028
2019-03-26 15:50:00	2019-03-26 16:00:00	13.953208336816994	1.8944741441306163	-13.79841058921649	0.8388014332327273	77.049	-0.342	6.027	1.387	0.0026143985395818	0.0066680439948848	-0.0001751177176793	0.1202452387432454	-0.0014609442136942	-0.003032364070967	0.0026564508184922	-0.0022776655130834	0.1058118180437968	-0.0009440589310065	0.063736872344543	0.0835186082218745	0.0830900991032298	0.0594484861102833	0.0432066345880442	9.723029	10.862516	30.624077	34.68861	9.996919	10.967875	30.983139	35.00698	5.113245	4.4541397	3.3074481	1.9974288
2019-03-26 16:20:00	2019-03-26 16:30:00	14.509109966685676	2.221356496029868	-14.328495828511429	0.5202357426423044	63.285	0.063	5.667	2.843	0.0186748809390332	-0.0352294824152113	-0.0077456395537513	0.0759506858409524	0.0138659023417297	0.0320991734177243	-0.0369257148985084	-0.0208604009452183	0.0831683205170041	0.0109683173058064	0.0382072712966025	0.045522557353986	0.0294640262461859	0.0167804503018064	0.030061135978435	16.48726	14.604686	12.523347	26.166487	16.137884	15.206855	14.364922	26.087969	2.0802286	2.8680007	5.5828533	0.99840117
2019-04-12 11:25:00	2019-04-12 11:35:00	15.429976983930128	10.406235536381288	-11.320438766725664	-1.2809950680624054	126.427	0.808	2.357	-1.747	0.0038523434959297	-0.0095012041458783	-0.0023810124941878	0.0756318128966294	-0.0012966345977653	0.0082016958132621	-0.0106902268556256	-0.0031810316953095	0.0796606346466137	-0.0036899468465852	0.0521138596383513	0.0486453484594066	0.0382628811447141	0.0306085591907951	0.0288926589282217	3.9680333	8.6284485	-7.3148713	12.42634	4.019886	8.838876	-7.6156354	12.081187	1.2152773	1.6277192	3.0658307	1.6776428
2019-04-20 00:05:00	2019-04-20 00:15:00	8.319429249940256	-3.939687148019953	-7.3245135174533855	0.19955662864302	86.874	-1.298	4.288	0.222	-0.0731487857662988	-0.0365937356639749	0.0005880455399349	0.0817935947766436	0.0036407751582415	-0.0731487857662988	-0.0365937356639749	0.0005880455399349	0.0817935947766436	0.0036407751582415	0.0	0.0	0.0	0.0	0.0	3.6303492	-3.065036	31.253025	31.612108	3.6303492	-3.065036	31.253025	31.612108	0.0	0.0	0.0	0.0
2019-04-22 21:40:00	2019-04-22 21:50:00	17.084334914278404	8.58068536940798	-13.577822617655247	-5.821325423610254	94.264	-2.205	2.503	-0.062	-0.0716192102249264	0.0284613152468163	-0.0188675971075217	0.222003396851385	0.0292164178203156	-0.0221040847094343	0.0328258183996701	-0.0205857694365054	0.2330555307230349	0.0175810874248383	0.1551156590354673	0.1288622488849969	0.1043510613195627	0.0925490497525741	0.0675707406858617	0.8833637	7.3896766	4.288602	9.639097	0.65629053	6.7807474	4.055909	7.697467	3.2915065	4.5337667	1.7424561	3.9105973
2019-04-22 22:40:00	2019-04-22 22:50:00	16.13976182652614	8.441045223446542	-12.542415333793576	-5.65044555628918	55.397	-3.872	1.287	0.842	-0.022486884563575	0.0024228223391728	0.0303085575737324	0.1515601167162694	-0.0063427446956515	-0.0308751722902414	-0.0419920788808461	0.0649759044316593	0.1507554886567858	-0.0007639811663979	0.0853572013932623	0.0987150033471906	0.0853921540626909	0.0527446055972168	0.081487656880974	1.0999153	1.8922896	4.07001	7.814093	0.69246584	0.9108597	3.927697	8.180342	3.9547486	3.6037712	5.2395134	4.0466304
2019-04-23 04:55:00	2019-04-23 05:05:00	8.366844620305189	6.215186925577174	-5.041851598679333	-2.4397461940998637	47.391	0.607	2.85	2.623	-0.0242445660805991	0.0307680096769006	0.0082264702047356	0.1054742024966618	-0.0098196125532966	-0.0207876653958146	0.0637771755742354	0.0074777600075639	0.0826959805474535	-0.011807830233814	0.0149610640760597	0.1038640029812736	0.0055109163089741	0.0389778344162867	0.0089084966632402	30.575663	-24.968279	61.35493	72.95749	30.60595	-24.957863	61.54339	73.231476	0.34791264	0.05889113	0.41185692	0.46038693
2019-05-17 11:05:00	2019-05-17 11:15:00	15.964150653047607	2.322856110144366	-15.794205362133267	0.021659498265512	63.28	4.693	1.455	0.707	0.0103597362081592	-0.0157287715535025	-0.0057497124064381	0.085002699470756	-0.0049683560942892	0.0145342719917819	-0.0473555881479301	-0.0061528015658596	0.084697029639517	-0.0042753468319459	0.0369362698505157	0.0722432437487956	0.0282941457493814	0.0233720269944917	0.0334231844356984	10.598617	8.335074	6.7620134	15.462597	10.962009	8.175048	6.54974	16.128353	2.5450892	2.1391242	2.890431	2.8008938
2019-05-17 11:35:00	2019-05-17 11:45:00	15.463543232059308	2.4519181196619706	-15.267363390981323	-0.1245315303629736	85.482	4.923	1.487	0.108	0.0030611729631666	-0.0058948813555182	-0.004168389875925	0.1021893155177375	-0.0035619109649051	0.0022065289457205	0.0076591763440668	-0.0052302963516591	0.0938847325359979	0.0021000613922828	0.0624548062102048	0.0834261519072114	0.0300933131855904	0.0372152228740533	0.0442653445734254	12.578067	11.087106	1.0269283	17.765814	13.001488	11.191282	2.4960427	18.156946	2.1290724	1.8832136	5.5366507	2.301321
2019-05-17 12:10:00	2019-05-17 12:20:00	14.857951012021095	2.5987350635390727	-14.624738057459869	-0.3471033795639118	101.287	4.37	3.325	-0.683	0.0077986198478824	-0.0005819690024652	-0.000863199599488	0.1147616434063388	0.005428901059673	0.0219440912337217	0.0138592233365538	-0.0024165500466097	0.0991264846095889	0.0025269850742808	0.0762799421240628	0.1002378729369965	0.0340266794540242	0.0625758989685904	0.064857701094682	19.543068	14.202596	-1.4652926	24.922373	19.443342	13.808849	-2.2207325	24.661163	2.7722764	3.2871692	4.559088	1.9859555
2019-05-17 12:40:00	2019-05-17 12:50:00	14.31918493266099	2.7207414206301888	-14.046446653004528	-0.5759024218158594	104.49	4.452	3.295	-0.852	0.0202620303011974	0.0171544283138885	-0.0016951257103341	0.1304836694310175	-0.0031351252671113	0.0299836378762044	0.040180852496689	0.0003965177356621	0.115516761081558	0.0001593211937613	0.0671040573146696	0.1149426095298662	0.0507792106406277	0.0630475691252627	0.0619529428685539	15.823191	12.718756	14.859177	26.77989	16.408169	13.156891	16.717987	27.178438	4.736773	3.982017	7.4404473	3.0702496
2019-05-17 13:10:00	2019-05-17 13:20:00	13.76096414011564	2.838516804536809	-13.43916964883143	-0.832404565155174	102.229	4.415	3.4	-0.745	0.0024691209138262	0.0058510035136439	-0.0067864345932701	0.1087785214817769	-0.0036307758909279	0.0046791955599616	0.012667503404997	-0.007614023278828	0.0982305917542659	0.0018152010891105	0.0583790499153023	0.0969200113293364	0.0443143866541576	0.0549453063378243	0.0435634238344191	17.663141	14.3753195	19.984484	31.049627	18.283133	15.696852	19.771397	31.00355	3.0549371	5.4907317	3.273532	2.0330534
2019-05-17 13:40:00	2019-05-17 13:50:00	13.181886966006289	2.951262225426806	-12.799238826139051	-1.1083405983713368	109.874	4.588	3.168	-1.15	-0.0010621064598385	-0.044392116275173	-0.0052637099426961	0.0802212761806401	-0.0082987522774281	0.0052678784567659	-0.0630913303395633	-0.0077045698770548	0.0781290607879609	-0.0059605096025648	0.0243591134584612	0.0618069873434911	0.0162380328698737	0.015530143343658	0.026237702182834	13.497602	13.9790325	22.457037	29.75532	13.871692	13.95183	23.102165	29.76203	1.5161171	0.26676026	1.1784106	0.54451334
2019-05-17 14:40:00	2019-05-17 14:50:00	11.954479723568944	3.1574973753898496	-11.406751897464616	-1.6797792378428005	99.652	3.797	2.795	-0.468	0.0153113851030365	0.0122941573465515	-0.0005859553291437	0.1340495467182754	0.0111772115482192	0.0183266534967806	0.0271329098447419	0.001047403306231	0.1174645028807107	0.0150271508670875	0.0676388296304012	0.119662657590382	0.0508647657317601	0.0624342412079959	0.0587481929230227	14.438133	16.445961	33.41283	40.333378	13.730091	15.821224	33.160458	40.444183	3.3189392	4.231942	2.65504	2.1305022
2019-05-20 12:00:00	2019-05-20 12:10:00	23.8955627611918	-2.1981901529927868	-23.643377494929783	2.674950611184685	92.235	1.023	5.68	-0.2	0.0268979936411934	0.0740278724771474	-0.0031783784251403	0.0788272164599758	-0.0062863695603967	0.0268979936411934	0.0740278724771474	-0.0031783784251403	0.0788272164599758	-0.0062863695603967	0.0	0.0	0.0	0.0	0.0	8.030727	14.077498	-3.573162	16.596266	8.030727	14.077498	-3.573162	16.596266	0.0	0.0	0.0	0.0
2019-05-20 17:15:00	2019-05-20 17:25:00	20.73498407707369	-0.5358893428513555	-20.58303936341458	-2.446227834856753	78.465	1.083	5.345	1.112	-0.024082678466478	-0.0160844668441407	0.0267248429121181	0.0896538225686446	-0.0100292809195409	-0.0481261828221664	-0.0371371761441956	0.0211413221129778	0.0864812276920319	-0.0090519688857758	0.0437709332539361	0.0539892504938649	0.0414813167044963	0.0081564824303102	0.0173964609305757	10.954862	11.066962	1.5698506	17.250135	11.092527	10.871311	2.5984097	17.049402	1.5496626	2.2446277	6.9704337	1.8468004
2019-05-20 17:45:00	2019-05-20 17:55:00	20.381067059206615	-0.3735989833573929	-20.15952932382891	-2.972428756313996	92.999	1.528	5.215	-0.263	0.0331616350484456	-0.0067586500365382	-0.0403742822966959	0.0865426693510116	0.0092152467124441	0.0282948546245925	-0.0068011883683789	-0.0293211699227708	0.0665175883801169	0.0033966224168026	0.0623162855210369	0.0336698991182492	0.064348804528126	0.0666601277672712	0.0216354608443854	10.208921	10.879204	-0.7991312	15.179459	9.906317	11.167207	-1.8762727	15.159197	1.4611378	0.69147086	2.396843	1.0769103
2019-05-20 18:25:00	2019-05-20 18:35:00	19.89302609641734	-0.1565184385397927	-19.5623909227124	-3.607683305797969	76.592	-0.047	4.992	1.187	-0.0152931246565675	0.0151566591643759	-0.0199826319465069	0.0948633561744514	-0.0136903445152508	-0.0158499898478513	0.0443074415217557	-0.0060168329524978	0.0786312194945607	-0.0104622708482803	0.0554579718533274	0.0581725035004561	0.0526455119137092	0.0330912366626972	0.020018286756919	7.601014	8.269734	7.290445	14.475485	7.949747	9.25974	8.084688	14.353177	2.2393472	2.748704	4.307004	0.94614893
2019-05-20 19:25:00	2019-05-20 19:35:00	19.12462652370635	0.1701794248477056	-18.61539570198492	-4.3801268644635405	55.939	0.623	4.045	2.737	-0.0112412256850746	0.0063826440904765	0.0238993267497814	0.0654642840964413	-0.0061586660802269	-0.0046363088264533	0.0082594841549527	0.0143317630276913	0.0659602802842111	0.0113646616668566	0.0212472717593928	0.0569596082683198	0.0188546815407252	0.0224510840411284	0.032042872944875	8.564697	6.0272903	10.533781	15.101517	8.540593	5.759	10.330341	15.338407	2.141685	1.2257186	1.5087392	0.97596073
2019-05-20 20:25:00	2019-05-20 20:35:00	18.30973827132463	0.4974278992636486	-17.63402968424702	-4.902814888218539	56.723	0.537	4.01	2.628	0.0138391261482516	0.041182050082202	-0.0041423043593051	0.0732128579371487	-0.022256150405147	-0.0003587151017473	0.0669907047713332	-0.0056827312025793	0.0715032710213001	-0.0249841700085198	0.0275844638323592	0.0529531800547848	0.0191926391022546	0.0218590507145855	0.0188726202479784	12.3579035	4.1882625	13.037343	18.61983	11.955317	3.9237027	13.204075	18.633236	2.1394725	1.2440581	1.048798	0.87095875
2019-05-20 23:20:00	2019-05-20 23:30:00	15.627505699868069	1.443435911727965	-14.726861249503251	-5.025352212644667	57.046	-0.827	3.752	2.385	0.010572390061858	0.0295315242405037	-0.0001023830157081	0.1291403537822114	-0.0100831542078973	0.0055220833749266	0.0752138523658277	0.0016992061223401	0.1230568150851444	-0.0090113790314251	0.0592080304861758	0.1074360933507245	0.0420778128536867	0.0335456886341911	0.0400199624931751	3.375286	-6.664258	20.70113	22.35286	3.835794	-7.1757426	21.072655	22.935719	2.503766	2.6749694	2.1764946	1.688981
2019-05-21 02:10:00	2019-05-21 02:20:00	12.468493440129375	2.3067692284246184	-11.65255881487957	-3.789283264626613	83.737	1.102	4.19	0.475	10904.68571835561	-17173.942770472684	-8554.182466126796	22068.76794393767	11202.93785162774	10904.68571835561	-17173.942770472684	-8554.182466126796	22068.76794393767	11202.93785162774	0.0	0.0	0.0	0.0	0.0	3.753204	-8.755704	14.498021	17.347666	3.753204	-8.755704	14.498021	17.347666	0.0	0.0	0.0	0.0
2019-05-21 02:55:00	2019-05-21 03:05:00	11.51159685929989	2.5123495689615822	-10.71298921023238	-3.381608448682142	89.409	1.182	4.068	0.042	0.0151452713833349	-0.0320695852945437	-0.0134873920795536	0.0650090295124672	0.0322038279463285	0.0180276970807472	-0.0442987225891955	-0.022049671236686	0.0783220962434581	0.023945413519445	0.0388629454993975	0.0394330763694863	0.0143047721840928	0.0219885407720324	0.0188477123766725	4.8100824	-12.002339	18.574345	22.65861	5.089635	-12.2064	18.958895	23.44686	0.56180865	1.4892148	1.3729937	1.7903181
2019-05-22 02:20:00	2019-05-22 02:30:00	22.27655876843057	-11.21660645878378	-19.124631081293906	2.1632656694657317	61.473	-3.597	2.363	1.303	-0.0464753516401124	0.012846828044027	-0.051775645328624	0.0707510900980357	-0.00487476503213	-0.0464753516401124	0.012846828044027	-0.051775645328624	0.0707510900980357	-0.00487476503213	0.0	0.0	0.0	0.0	0.0	6.252035	1.0732347	9.30483	11.261422	6.252035	1.0732347	9.30483	11.261422	0.0	0.0	0.0	0.0
2019-05-25 16:15:00	2019-05-25 16:25:00	23.303453201739973	-12.280238881233302	-19.167920459764662	4.983077103218495	103.007	-2.668	2.198	-0.513	0.0586217609044823	0.0150525844038824	0.0433785112180806	0.0776077854926221	0.0032393533102377	0.0586217609044823	0.0150525844038824	0.0433785112180806	0.0776077854926221	0.0032393533102377	0.0050455939950111	0.0136231570218827	0.0165851454188412	0.0028166451278218	0.0068874897205883	11.432064	3.2309825	8.602723	14.903534	11.432064	3.2309825	8.602723	14.903534	0.25291395	1.1115777	2.878144	1.6143633
