Start_str	End_str	Rmag_avg(Re)	x_avg(Re)	y_avg(Re)	z_avg(Re)	Clang_avg	IMFBx_avg(nT)	IMFBy_avg(nT)	IMFBz_avg(nT)	Jx_avg(uA/m2)	Jy_avg	Jz_avg	Jmag_avg	divB_avg	Jx_med(uA/m2)	Jy_med	Jz_med	Jmag_med	divB_med	Jx_std(uA/m2)	Jy_std	Jz_std	Jmag_std	divB_std	mms1Bx_avg(nT)	mms1By_avg	mms1Bz_avg	mms1Bmag_avg	mms1Bx_med(nT)	mms1By_med	mms1Bz_med	mms1Bmag_med	mms1Bx_std(nT)	mms1By_std	mms1Bz_std	mms1Bmag_std
2019-09-27 16:45:00	2019-09-27 16:55:00	13.348563435280516	-12.160312039308778	4.267195107844182	-3.4786719542653537	93.397	-4.56	8.328	-0.468	-0.0134350221635646	-0.0130161648907349	-0.0008816898692835	0.0835763236918502	0.0129055515764244	-0.0134350221635646	-0.0130161648907349	-0.0008816898692835	0.0835763236918502	0.0129055515764244	0.0778094201153857	0.0239665750539771	0.0089973823634028	0.0086805145056463	0.0026767140813395	-42.065956	24.912008	6.2507124	49.299473	-42.065956	24.912008	6.2507124	49.299473	1.0997105	0.62459564	0.17410731	0.6448097
2019-10-05 11:35:00	2019-10-05 11:45:00	17.617862785860805	-3.6770712439482263	17.0675271905522	-2.3594460705550344	107.203	-2.7	3.903	-1.213	-0.0215843577404107	0.0131022062827861	0.0059871843333056	0.0910645210102874	0.000991461070977	-0.0399386470927811	0.0122595794339352	0.0097797779762067	0.0844001188510312	0.0012483208547626	0.0687180459135789	0.0450083981733088	0.0433925332959758	0.0318039208919406	0.0163845837127308	-11.32895	6.1041327	0.5164614	15.811304	-11.223005	5.9080887	1.240963	16.467756	4.5463276	5.2385936	7.0484667	3.6970046
2019-10-05 12:05:00	2019-10-05 12:15:00	18.045968096802746	-3.964638799697007	17.443901953211384	-2.376572725057932	107.91	-1.662	4.347	-1.413	-0.017441241066985	0.000905239995721	0.0066954620910469	0.1158759349003018	-0.0030511241590454	-0.0329598582027036	0.0183482290493557	0.0417049359377038	0.1029647842154148	-0.0004977775755293	0.0659388748059471	0.0656303225104491	0.0773863382176188	0.0395794524877723	0.0256483863119239	-11.607351	7.6337585	12.699277	20.160154	-12.145354	7.703835	14.481818	19.752367	4.235257	3.5857823	5.40554	2.8035119
2019-10-09 03:40:00	2019-10-09 03:50:00	20.63299259960501	-4.803135451288863	20.05883886178474	0.536503313338054	112.572	-0.883	4.077	-1.692	-0.0652379293367661	0.0047476873446732	-0.0322601261307193	0.0729331453952287	-0.0023470106835926	-0.0652379293367661	0.0047476873446732	-0.0322601261307193	0.0729331453952287	-0.0023470106835926	0.0	0.0	0.0	0.0	0.0	-18.071405	3.185419	-9.940922	20.869703	-18.071405	3.185419	-9.940922	20.869703	0.0	0.0	0.0	0.0
2019-10-12 12:20:00	2019-10-12 12:30:00	17.911599439951107	-1.9336001669018887	17.671809599970867	-2.1892711148061683	68.697	-2.983	1.47	0.565	-0.0308264095848692	0.0604270477939226	0.0386944815803004	0.0780958291956192	0.0025352198547773	-0.0308264095848692	0.0604270477939226	0.0386944815803004	0.0780958291956192	0.0025352198547773	0.0	0.0	0.0	0.0	0.0	-4.810127	10.866176	11.785671	16.736582	-4.810127	10.866176	11.785671	16.736582	0.0	0.0	0.0	0.0
2019-10-12 13:15:00	2019-10-12 13:25:00	18.66814213137935	-2.372622841160721	18.40242529126256	-2.054211660788197	53.935	-2.81	1.388	0.987	0.0011727640432084	-0.0069974998763383	-0.0279371823020718	0.0738276165025448	-0.0007569006905654	-0.0070815053408411	-0.0304155402601662	-0.042006604223205	0.0734058291542816	0.0034790183452565	0.0250136747225621	0.0447314773431108	0.0454363545895288	0.0084475371180919	0.0135254266083542	-4.346535	1.1124121	12.697775	15.489572	-3.1816711	0.13865814	12.221115	15.808662	2.8668418	6.519037	4.507979	3.5319943
2019-10-12 16:30:00	2019-10-12 16:40:00	21.04685760715841	-3.870808620391804	20.68408710996249	-0.3908149820279341	61.529	-2.737	1.843	0.96	-0.0166104248389308	-0.0598864913976667	-0.0816133522185929	0.1025818567077467	-0.0044704843894782	-0.0166104248389308	-0.0598864913976667	-0.0816133522185929	0.1025818567077467	-0.0044704843894782	0.0	0.0	0.0	0.0	0.0	-1.1774869	7.2512884	7.2825994	10.34427	-1.1774869	7.2512884	7.2825994	10.34427	0.0	0.0	0.0	0.0
2019-10-12 17:00:00	2019-10-12 17:10:00	21.374964132637228	-4.092849650754971	20.97936130402041	-0.0342008433895067	79.129	-3.327	1.527	0.308	-0.0145725749979043	-0.0063820054997081	0.0342038497714491	0.0629639407784907	0.0014768182368163	-0.0195809130024172	-0.011249673893984	0.0613725258839775	0.0653953687206419	0.0111574934894909	0.0110045042416696	0.0170725396895744	0.0488548146831614	0.0160592365908684	0.0165007105520712	-2.1378005	-0.26300153	11.02921	11.816514	-3.487392	0.37429434	11.147738	11.881242	2.3497996	2.782091	0.5152074	0.42412338
2019-10-12 17:30:00	2019-10-12 17:40:00	21.693808789180093	-4.312587186508172	21.25823533029634	0.3279045917809594	85.014	-3.175	1.828	0.147	-0.0521827889835105	0.0269116687271127	-0.0007192497847526	0.089939678496591	-0.0044758693472406	-0.0536248438090273	0.0295224786706026	0.006178673641101	0.081367014278372	-0.0037951214876082	0.0349765837982563	0.0383964515924351	0.0466753799220722	0.0153262171430068	0.0089733172586016	-6.8949895	4.9272137	3.5454485	11.372437	-6.845466	4.6096973	2.4362493	11.683479	2.2257388	3.0540528	5.6923	1.3189522
2019-10-12 18:15:00	2019-10-12 18:25:00	22.15524369885489	-4.637854507904707	21.64713864824877	0.8625310561288305	111.136	-1.842	2.058	-0.802	-0.025679362865284	0.0215581194906926	-0.011155595979124	0.0634541321711483	0.0127453785722047	-0.0343217858895225	0.0314979309367218	-0.0228451001675751	0.0648665339686308	0.0161163341584994	0.0255380112580027	0.0299087818230988	0.0357650376972579	0.0069329500098939	0.0078082582074498	-7.4682555	6.174881	-6.9106407	12.303525	-7.619361	7.129429	-6.2345405	12.795074	0.62298566	2.4794004	2.021716	0.95242804
2019-10-29 16:50:00	2019-10-29 17:00:00	9.544274759919938	4.205854781672241	8.188369540394826	2.52037650712878	127.191	-4.228	3.115	-2.362	-0.0009736770934984	0.0701694656461918	-0.008380501433238	0.0706748523905568	-0.0050254625743086	-0.0009736770934984	0.0701694656461918	-0.008380501433238	0.0706748523905568	-0.0050254625743086	0.0	0.0	0.0	0.0	0.0	-8.221056	-15.729699	27.738844	32.93103	-8.221056	-15.729699	27.738844	32.93103	0.0	0.0	0.0	0.0
2019-11-01 05:10:00	2019-11-01 05:20:00	22.823323707577305	-7.655511585882574	20.43614895872807	-6.682374189026695	78.494	3.718	2.08	0.372	0.0178849282233385	0.0158450643314915	0.0203672354486883	0.0722157751500063	0.0071453731185724	0.0171609623204259	0.0205097768903195	0.0382215930988639	0.0801730099188513	0.0097902196130969	0.0462796837675962	0.0333902169189384	0.0393211588641386	0.0239481120439674	0.0096869341838163	-2.8357477	5.0235305	9.5078535	12.151039	-2.8430405	4.7363462	9.633331	12.725998	4.013429	2.7947667	2.6758304	2.6659427
2019-11-01 05:45:00	2019-11-01 05:55:00	22.49059697518703	-7.6946650656567295	19.86677401753064	-7.205833329436956	56.724	3.795	2.042	1.323	-0.0213000163535126	0.0080533991623859	0.0106888101376535	0.0566119583450502	-0.0010717918285488	-0.0337838694684906	0.00274102234297	0.0366053997810082	0.0540221204278198	-0.0082049452613079	0.0189792292880994	0.0126494569238146	0.0457945522638899	0.0067264917389057	0.021630128970893	-6.5502663	6.42074	13.127284	16.181822	-6.3628845	7.78514	13.314754	16.49236	0.5758507	2.3504677	0.41174054	0.7949366
2019-11-01 06:25:00	2019-11-01 06:35:00	22.09628179087608	-7.734132076645801	19.200620517112977	-7.73043499060369	54.521	3.443	2.202	1.568	-0.0027973379737977	-0.0120446857070777	-0.0148582630237671	0.0703446142077709	0.0116183119381865	0.0155985773630486	-0.0227093151608785	-0.0455655858538045	0.0645274048122394	0.008937316871926	0.0327267127574711	0.0322343347907919	0.0510519718825434	0.0119036417106758	0.0218185995992137	-9.964363	9.174957	12.046689	18.472698	-11.127056	9.433326	13.292224	18.225273	1.9959196	0.8505278	3.1146562	1.3261582
2019-11-04 15:55:00	2019-11-04 16:05:00	23.63725687386977	-6.152558756856585	21.885135079185407	-6.473309748411566	84.791	-0.882	5.85	0.528	-0.0482244722678334	0.0623723551559094	0.0056215138461332	0.0795206029528412	-0.0070347636657359	-0.0482244722678334	0.0623723551559094	0.0056215138461332	0.0795206029528412	-0.0070347636657359	0.0076422182733245	0.0076152632083801	0.0077944833807716	0.0100566019205271	0.002884882930678	-8.455006	9.316658	-1.7067077	12.856028	-8.455006	9.316658	-1.7067077	12.856028	1.046725	0.76676893	1.5488951	0.072897434
2019-11-05 19:20:00	2019-11-05 19:30:00	12.650578679261512	5.202507210228538	10.816428527985057	3.996849491296795	96.551	-1.925	3.918	-0.472	-0.0038550309411024	0.0058590400392414	0.0204082167374308	0.1641650879945618	0.0035479038811006	-0.0268183431821831	-0.0189501430349073	0.02307632890124	0.1451807422348332	-0.0048671533207459	0.0975498299506891	0.1166613487353009	0.0826381783374147	0.0589102447707718	0.0606545121944337	-17.766384	8.615445	22.589056	32.40052	-17.154594	10.429065	22.653973	31.491272	4.3295555	11.24254	4.251986	3.6825302
2019-11-05 21:35:00	2019-11-05 21:45:00	15.134551702330674	5.195940488424461	13.3886441864879	4.774950753472283	107.229	2.073	2.735	-0.85	-0.0083830453306627	-0.0020052153165407	-0.0132524595847849	0.0552413106952207	0.0014039112978551	-0.0059953823903365	-0.0063041414191797	-0.0092136065415714	0.057152099710734	0.0009008314435578	0.0263711042790715	0.0392442618272425	0.0295151239926248	0.017464575195662	0.0155099759109854	-4.3467226	9.834357	-8.22505	13.844802	-4.4554586	9.798003	-8.214719	14.29113	2.414971	2.5647213	3.0459232	3.6426654
2019-11-05 22:05:00	2019-11-05 22:15:00	15.63616225887692	5.171956140893783	13.929274688265307	4.869782534646986	108.698	2.052	3.062	-1.04	0.0033164265325266	0.0015531824320611	0.0031055347286927	0.0922336045120441	-0.0003422056267886	-0.0020512368163117	0.0008310587655039	0.0044055021307405	0.087107069813309	-0.0002425092099616	0.0598397575007166	0.0645310095468668	0.0520708384333544	0.0444121333794579	0.0302348611794308	0.02134131	7.8256907	-7.800221	13.473667	-0.20189846	7.9616494	-8.334711	13.953164	5.585225	4.5727887	4.66242	3.7932734
2019-11-06 00:25:00	2019-11-06 00:35:00	17.77713092705943	4.984947988726357	16.406690878641438	4.68986819072601	110.669	0.663	3.172	-1.188	-0.0030823619740502	-0.0204583028460304	-0.012036828903985	0.0347654759637582	-0.0022487574015581	-0.0077060790582837	-0.0182563601584485	-0.0192875943443585	0.0294474454255537	-0.0009833021447258	0.0125221655456331	0.0186173745869352	0.0205626084127947	0.017044710996569	0.0146049629596283	-2.7533786	8.585813	-7.306998	11.748688	-2.5159929	8.35868	-8.132608	11.902193	0.7173535	0.8973166	1.8294154	1.1508067
2019-11-06 01:10:00	2019-11-06 01:20:00	18.402930953587354	4.903866549428177	17.190320953885777	4.371457116664673	126.619	1.718	2.657	-1.957	-0.0082551573368121	0.0176614006459492	-0.0139845475212517	0.0541954743778358	0.0101285052501968	-0.0046917596044982	0.0042606094838438	-0.0161673245383657	0.0487848660256894	0.005197559017531	0.033551901856547	0.0398006639715951	0.0206038070899341	0.0277998319983801	0.0257297144969789	3.5197682	5.1726184	-12.7970085	14.561762	3.5883298	5.2051277	-12.289589	14.316914	2.6471608	1.7143449	2.1839323	2.362048
2019-11-06 03:35:00	2019-11-06 03:45:00	20.24194156999017	4.591830683207508	19.559964231218416	2.4602222746365783	86.807	-3.202	1.53	0.063	-0.029667340947928	-0.0017867630926055	0.0070237746993355	0.0720968239863178	-0.0051444331498583	-0.0193811837697846	0.0049017193965749	0.0107166634884822	0.0733927995994803	-0.0061251308591029	0.0380981407506158	0.0459092781042471	0.0386905929060159	0.0281214712898976	0.0111182932180438	-7.253985	6.580085	-2.0848203	10.620151	-7.6900744	6.528592	-1.0988673	10.479971	0.9329596	1.1720545	3.4141726	1.1736237
2019-11-09 11:25:00	2019-11-09 11:35:00	16.811148006384084	6.044356981676883	15.686490687349892	0.1172821517533929	92.651	-1.535	2.243	-0.128	-0.0191253398653251	0.0505433483774886	0.0166957446152151	0.0803373359017077	-0.020198050626026	-0.0191253398653251	0.0505433483774886	0.0166957446152151	0.0803373359017077	-0.020198050626026	0.0247749911775224	0.0008873731860903	0.0515604764355015	0.0042590360316232	0.0081453264063051	-6.9039335	8.774115	0.6288622	11.351647	-6.9039335	8.774115	0.6288622	11.351647	0.18161345	0.0508523	1.9445453	0.042036057
2019-11-09 12:00:00	2019-11-09 12:10:00	17.33241487727198	6.028427466075219	16.249987537116144	0.0892572312709519	123.614	0.618	2.193	-1.418	-0.016571637587779	-0.0246559995797826	-0.0260245393397027	0.0416869661622247	0.0038783467894777	-0.016571637587779	-0.0246559995797826	-0.0260245393397027	0.0416869661622247	0.0038783467894777	0.006664059293787	0.0098760816424069	0.0125616845081772	0.0110342004791365	0.0102273751211818	-3.2233653	4.5368767	-6.05659	8.463163	-3.2233653	4.5368767	-6.05659	8.463163	0.55491376	2.3238208	0.1770575	1.3303788
2019-11-09 15:05:00	2019-11-09 15:15:00	19.80535053145924	5.835627530042916	18.89903083171104	1.0110915791495805	126.846	0.698	2.303	-1.788	0.0223475826162384	-0.0139639143135297	-0.0301844126559436	0.2505792630552561	0.0012531340742327	0.0188643131869029	-0.0153887771893612	-0.0567531790747134	0.2380790985919068	-0.0072440848246507	0.1424875716157903	0.1481207368496888	0.1731278588205787	0.1050297733762777	0.0824099554213539	-4.1004615	6.824365	-6.9965653	11.815358	-3.894411	6.204026	-6.8038898	11.793148	3.8108068	4.732164	4.259966	5.2723746
2019-11-09 15:55:00	2019-11-09 16:05:00	20.401012389351475	5.758342076988119	19.51265657473402	1.515576471339094	98.596	-2.923	1.965	-0.305	-0.0085981109670915	0.0127657048834113	-0.0007525564436321	0.1754356037510171	-0.0005561946729965	-0.0064776310629304	0.007335214770226	-0.0094554517986047	0.1482206556194951	-0.0002315184042891	0.1090033145788494	0.1044442410318781	0.1252348247173237	0.0890723829644701	0.0332339146155091	-7.966417	9.488609	-0.6011693	13.300938	-7.54772	9.343591	-0.3910762	12.655669	4.4298296	3.006605	3.2497745	4.0209494
2019-11-09 16:50:00	2019-11-09 17:00:00	21.02422405667105	5.663410967623928	20.1333840949294	2.142038341097257	58.77	-2.53	1.872	1.14	0.0079009208051651	0.0045557280861203	-0.0119422195271367	0.0938050268838219	0.001120663683621	0.0200883195729207	0.0092538609178291	-0.0169721575317305	0.0890490764026062	-0.0014154201692199	0.0479223655784232	0.0511081896090894	0.0660969398101831	0.0265295753178519	0.0182212220630561	-6.152379	7.6958776	3.6283438	10.939596	-6.2142615	7.575984	3.3949664	10.82069	2.640982	2.1505003	2.1185033	2.579909
2019-11-09 17:20:00	2019-11-09 17:30:00	21.35063903252519	5.607639587093332	20.448743196778167	2.5001535384936955	78.183	-1.883	2.387	0.475	-0.0072745087930679	-0.0030736730988816	-0.0045123328527757	0.1226791335448514	0.0008457709838708	-0.0063406924583482	-0.0015997189783639	-0.0067220662206729	0.110148621287426	-0.0005216649754703	0.0686035500158599	0.070590066708267	0.0869091041430502	0.0476985771335131	0.0218763381795114	-5.8849163	7.9139147	1.0162494	10.606734	-5.5661654	7.54853	1.1931541	10.095357	2.8283303	3.2919385	2.757206	3.497248
2019-11-22 04:50:00	2019-11-22 05:00:00	23.174994453195072	0.7454088139133951	22.71953060155313	-4.509875859217995	112.25	-3.922	2.715	-1.07	-0.016821254035038	0.0144801889567974	-0.0073574558913183	0.0802755875805513	-0.003560333539711	-0.0428000821087927	0.0341133366065384	-0.0143686487194706	0.0828534333599626	-0.0068922314219288	0.0485227413818926	0.0498233943486607	0.033364394249032	0.0072527591002881	0.0073750069140457	-10.135364	8.832092	-2.7382934	14.658867	-9.918046	8.237457	-4.343109	14.883659	0.52828366	0.99133456	5.0997515	0.7852651
2019-11-22 14:45:00	2019-11-22 14:55:00	15.950815079838684	-2.06943580706368	14.652283482722092	-5.954439860201411	91.447	-3.272	3.68	0.02	0.0105876906928622	-0.0041942754745277	-0.006170244878993	0.078247990080384	0.0012677714340586	0.0417842727855392	-0.0313225910307289	-0.012009357670868	0.0801095008006821	0.004147994493257	0.0566131303030439	0.0512490157446628	0.0126237785232781	0.0059902448131695	0.0089812043784593	-23.160461	19.158598	8.770453	31.47782	-23.113472	19.800734	8.201676	31.404064	2.2823768	1.2558739	2.5346155	1.6544722
2019-11-22 16:55:00	2019-11-22 17:05:00	13.703559616216989	-2.625639961714408	12.659028936631216	-4.543274309761314	113.207	-2.578	3.99	-1.697	-0.0480090034844145	0.0401341848998327	0.0146993929231777	0.0642782184371226	0.0019249287841068	-0.0480090034844145	0.0401341848998327	0.0146993929231777	0.0642782184371226	0.0019249287841068	0.0	0.0	0.0	0.0	0.0	-28.753193	27.621449	8.311464	40.728012	-28.753193	27.621449	8.311464	40.728012	0.0	0.0	0.0	0.0
2019-11-22 19:50:00	2019-11-22 20:00:00	10.0517986163834	-3.2096358637483338	8.966613484089438	-3.21475893264842	107.768	-2.012	4.545	-1.42	-0.0036087765434823	-0.0047398590870508	0.0044672626448812	0.0540913442671343	0.0062153513096319	-0.0036087765434823	-0.0047398590870508	0.0044672626448812	0.0540913442671343	0.0062153513096319	0.023319610745258	0.0444913996588974	0.0186489399562626	0.000802679032352	0.0096164991536898	-30.158764	45.873592	20.888939	58.899525	-30.158764	45.873592	20.888939	58.899525	0.2678995	0.31772614	4.581458	1.5145454
2019-11-23 08:20:00	2019-11-23 08:30:00	13.66321483883611	8.324467005157254	10.468769066320506	2.7907960964542027	121.59	-1.943	4.72	-2.85	0.0028526110607057	-0.0213483394529018	0.0127831596606578	0.0780206762620186	0.0021401283782302	-0.0158222870772977	-0.0530778906566495	0.0323640850728479	0.0806424249964372	0.0035622484295527	0.0346058503831871	0.0525817090988956	0.0389042212902803	0.0040014597954573	0.004125861104469	-9.259301	22.713675	-13.053454	27.856707	-8.72862	24.139452	-13.312424	28.771662	0.8062289	2.1162887	1.0134442	1.4825466
2019-11-23 08:50:00	2019-11-23 09:00:00	14.212894560540754	8.50677242148514	11.085725612195638	2.597185052101641	105.154	0.843	5.848	-1.607	-0.0040788225141943	0.0055122421466942	-0.0091266110438296	0.0888523317353701	-0.0064838654105261	-0.0109014422073875	0.01777059724756	-0.0045432106250817	0.084106908542872	-0.0057435329978314	0.0461693962397564	0.0723036159872578	0.0369041769663464	0.030934189701026	0.0255949885895081	-6.503064	20.883318	-2.1158235	23.06233	-7.526765	21.079401	-1.8668805	22.983273	4.1344323	2.9252822	5.8194823	3.2443247
2019-11-23 09:20:00	2019-11-23 09:30:00	14.743769829035722	8.674680722144453	11.673196978625962	2.4213849689529408	116.736	-0.578	5.423	-2.723	-0.002849243905934	0.0205472125522215	-0.0239913685947322	0.1176566444146548	-0.0090510612496825	-0.0116355968506561	0.0617090331351055	-0.0572626461501904	0.1116090856280819	-0.0043587165218962	0.0456360641382643	0.0695101104213718	0.0828197456373505	0.030597744931481	0.0187978583492913	-6.0065303	15.643957	-16.291132	24.44514	-6.6221504	15.564671	-14.689229	23.238462	2.2594323	4.8951044	5.331606	2.4781015
2019-11-23 09:50:00	2019-11-23 10:00:00	15.256972640114666	8.82946379371746	12.233570508197973	2.270230018525968	114.758	-0.798	5.688	-2.623	0.0111416507289383	0.004794559794326	0.0147841266407046	0.0768390290127538	0.0058925647304476	0.0143083454113441	-0.0003059264521711	0.0211400306849074	0.0815765973670964	0.0025404250058272	0.0237568445548838	0.0630693107984444	0.035257995923153	0.0157070083021995	0.0182904043963018	-6.8241744	19.854141	-7.209105	22.532284	-7.7228913	19.628658	-7.619732	22.074858	2.9735067	2.444006	2.7347245	2.7050176
2019-11-23 10:20:00	2019-11-23 10:30:00	15.753505449688268	8.972214344681744	12.769140400534075	2.149452455127452	114.556	-1.823	5.513	-2.49	-0.0129760954012702	0.0842908659137185	-0.0450234887331038	0.0964388078837937	0.0152917627248577	-0.0129760954012702	0.0842908659137185	-0.0450234887331038	0.0964388078837937	0.0152917627248577	0.0	0.0	0.0	0.0	0.0	-8.2934885	21.919432	-5.3102703	24.030031	-8.2934885	21.919432	-5.3102703	24.030031	0.0	0.0	0.0	0.0
2019-11-23 11:20:00	2019-11-23 11:30:00	16.7000389041399	9.225283555501688	13.773831101813329	2.0165188875043523	112.648	-2.847	5.525	-2.302	-0.0088783644469661	0.0667330924550148	-0.0327151366442292	0.0762185131831006	-0.0028077394324477	-0.0088783644469661	0.0667330924550148	-0.0327151366442292	0.0762185131831006	-0.0028077394324477	0.0067870753134781	0.0075907146802115	0.0164222064699715	0.0129043249990222	0.0029362204469518	-8.058876	19.891079	-12.181116	24.735138	-8.058876	19.891079	-12.181116	24.735138	1.2599998	0.61710835	1.1385703	0.64644146
2019-12-10 20:10:00	2019-12-10 20:20:00	13.32525677481973	10.322981274052069	5.301323568752659	6.549334137829109	52.111	3.812	2.827	2.205	-0.0319969056601066	0.0681320774854431	-0.0259916914849458	0.3665484815479473	-0.0094141799521902	-0.0229613416714351	0.0766491449617928	-0.016224829833031	0.3136185322477368	-0.016851393123674	0.2213703846063781	0.255204488889951	0.2111967629596578	0.175276386516957	0.178916282764844	-0.10667057	6.423124	5.5331225	18.435612	1.4822791	5.8256454	3.8067498	16.682604	8.182955	15.014977	8.920708	10.198084
2019-12-14 06:30:00	2019-12-14 06:40:00	11.256671095733722	9.111917701996974	4.13353434333638	5.157016580476928	62.557	4.22	1.815	0.92	0.0251801808522281	0.0375057058757116	0.0162363647799395	0.2499247793992242	0.0099842578248361	0.0266331461502218	0.0283807155674487	0.00996630318879	0.2020334875223487	0.0155453330774442	0.185082996930036	0.1393645776864075	0.1532861127287375	0.1304483701941285	0.1183502996294904	-3.2745605	-10.033889	20.750723	24.77728	-2.782808	-10.909189	19.415419	24.362759	5.0384855	6.61909	9.013122	8.860889
2019-12-14 07:00:00	2019-12-14 07:10:00	11.897473819058002	9.58845636605959	4.783966164109834	5.169221113393191	73.28	4.1	2.342	0.702	-0.0069201993922599	0.007916136797838	-0.0098703643025615	0.1617292744524567	-0.011665087526171	-0.0185146968841556	0.0025686380692934	-0.0078292389201927	0.1418798038893876	-0.0093912871067022	0.1011734751276335	0.101892163834497	0.1033977444690235	0.0732174770088213	0.0629047733174427	2.921776	2.6095068	-8.392048	15.141392	3.5897346	3.318707	-10.711926	15.952873	3.8563495	8.065083	10.00486	6.0436115
2019-12-14 07:30:00	2019-12-14 07:40:00	12.512943295105508	10.036892930663752	5.410027126820906	5.153872115207098	65.394	4.025	2.152	1.008	0.0083830388807259	-0.0030399112892887	-0.0149595049596764	0.2584112616087796	0.0029317477162577	0.016639897373991	0.0081624445062442	-0.0095666946002742	0.2297148119995462	0.0020582546031878	0.1599799505677537	0.1795404195340128	0.1406695416244887	0.1055613084177814	0.0869981019709086	1.0261328	9.407392	-2.8482046	17.986574	-0.22142783	9.030128	-3.055722	17.326508	8.672504	7.48834	12.053672	7.1222196
2019-12-20 16:10:00	2019-12-20 16:20:00	14.957449974283447	5.0456383648174645	13.851431191643586	-2.5304959619666074	106.414	-1.508	2.84	-0.847	0.0046088546179758	0.0033522848090309	-0.0056164031480945	0.0884814813252114	0.0011925792403763	0.0123534180411639	0.0173983268092164	-0.0069325287204304	0.084740338673978	-0.0003744663021438	0.0624026872677479	0.0595199497208085	0.0338531298034777	0.0285972899353019	0.0223099733878195	-10.394835	11.515672	1.1143111	16.216957	-10.085945	11.877605	2.08807	15.777491	3.170438	2.833705	3.7140608	3.2849848
2019-12-21 09:25:00	2019-12-21 09:35:00	14.43250192978578	12.0191495035134	5.6705767443203134	5.628472026977694	86.364	0.787	3.295	0.205	0.0125143321418406	-0.0098261142252059	-0.0208107515312736	0.3148713369037861	0.0013561377038912	0.0202992129919879	-0.0088515299880177	-0.0187905839021342	0.280739902401612	0.0054495327719641	0.1872837561686849	0.1968684820440951	0.1997508076234789	0.1235923917507532	0.1183353936646058	-2.492719	13.703471	0.59524244	15.992977	-2.0768347	12.773348	0.8620932	15.311976	4.60741	8.005941	6.212479	7.905436
2019-12-24 00:15:00	2019-12-24 00:25:00	18.49696046174672	8.795138341144936	16.172910363803215	1.7939768688426907	67.176	1.672	2.54	1.065	-0.0014931148872402	0.0003189238147377	-0.005185250545137	0.1550114989812274	-0.002413652552267	-0.0026028032417697	0.0028724184684905	-0.0042645741126109	0.1371191162516125	-0.0011094980577251	0.0909053679323965	0.1015047245736114	0.0965457514493328	0.0623596846037591	0.0214449144439641	0.6095979	4.2607284	2.2596693	10.718876	0.70199823	4.7802925	2.4354298	10.767002	5.6790385	6.1083183	6.457441	4.4719996
2019-12-24 05:30:00	2019-12-24 05:40:00	13.466670859025882	4.760219553184245	12.337682872437382	-2.543162379124659	65.836	0.29	3.64	1.637	0.0124854588265399	-0.0172600379038168	-0.0055952043462253	0.0916969347185585	0.0047241525765957	0.029076001879671	-0.0543935240007215	-0.0126902563952927	0.0884619295292609	0.006614741789615	0.0479070082676359	0.0683545834712609	0.0366884131598311	0.01975460068739	0.0141108721667735	-19.12718	23.780123	13.884753	33.6894	-19.382643	23.887508	14.3167	34.055824	1.5867047	1.9878876	2.7897732	1.8455582
2019-12-24 19:25:00	2019-12-24 19:35:00	12.195757686419345	10.380857869936492	1.4634721344865982	6.231505096184169	73.976	-3.202	2.397	0.688	-0.0307163373324001	0.0056802634916905	-0.0207162739411951	0.0981306725585419	0.0024814211491139	0.0075343564140808	0.0024682426844292	-0.0094550742758191	0.0901287655669968	0.0016289958842927	0.0647500120082319	0.017856712971808	0.0681073115645565	0.0304191719716857	0.0096068185064433	-15.519954	-3.4368787	32.687622	36.4572	-15.597561	-4.768624	32.379425	36.415615	0.6839574	2.707838	0.6670013	0.5287412
2019-12-24 20:45:00	2019-12-24 20:55:00	13.757687234775618	11.715511840735452	2.216271762747441	6.863535071794485	65.834	-3.072	3.033	1.363	-0.0129704605535748	0.0061259408121374	0.0094094004569672	0.1066133300647148	-0.0105221470500055	-0.008794945102205	0.0284503034015458	0.0096859401395627	0.1001071086168968	-0.0098513955647358	0.0601191514233954	0.0809560314987654	0.0400253317601391	0.0264218328979059	0.0283311149143673	-5.6342235	13.687155	7.630616	16.975163	-5.6384296	14.301601	8.122799	18.113396	2.0956643	2.955239	2.9152384	3.2827873
2019-12-24 21:15:00	2019-12-24 21:25:00	14.305335209870236	12.173250299964012	2.505758422773543	7.0834300066953615	65.134	-2.958	3.085	1.432	-0.0295864680958304	0.0256013873270429	-0.0201280563012985	0.0439991906507735	-0.0207395384567391	-0.0295864680958304	0.0256013873270429	-0.0201280563012985	0.0439991906507735	-0.0207395384567391	0.0	0.0	0.0	0.0	0.0	-3.7716599	16.080105	7.4708033	18.12755	-3.7716599	16.080105	7.4708033	18.12755	0.0	0.0	0.0	0.0
2019-12-24 21:45:00	2019-12-24 21:55:00	14.834312891244844	12.610503856881005	2.804115983251064	7.29164763068147	72.444	-2.703	3.573	1.153	-0.0165733903111529	0.03585786818057	-0.018040120379872	0.0434270643744339	-0.0255033415622634	-0.0165733903111529	0.03585786818057	-0.018040120379872	0.0434270643744339	-0.0255033415622634	0.0	0.0	0.0	0.0	0.0	-4.9076166	15.400076	6.0693226	17.2651	-4.9076166	15.400076	6.0693226	17.2651	0.0	0.0	0.0	0.0
2019-12-24 22:15:00	2019-12-24 22:25:00	15.345738990887533	13.028745863128709	3.1144023452496885	7.486191174084598	75.575	-2.587	4.033	1.043	0.043225779934857	-0.0489245259587068	-0.0666169977410847	0.0932732634751061	0.0108760073783951	0.043225779934857	-0.0489245259587068	-0.0666169977410847	0.0932732634751061	0.0108760073783951	0.0	0.0	0.0	0.0	0.0	-5.0718875	15.105301	4.4979653	16.556747	-5.0718875	15.105301	4.4979653	16.556747	0.0	0.0	0.0	0.0
2019-12-24 22:45:00	2019-12-24 22:55:00	15.840604686178382	13.429262013223068	3.439469039655428	7.66476899731332	61.608	-2.162	3.688	1.998	-0.0142934630516191	0.0435315731642569	0.0499718410928663	0.095879559039744	0.0267198380973655	-0.0106919340755466	0.0661725442026245	0.060737430876942	0.0980908704846598	0.0451209112828638	0.0195530278653984	0.0513077382656386	0.0436065582201762	0.017886666351445	0.0390104219336962	-2.4179974	2.8690965	2.154121	4.3898687	-2.5066063	2.6648772	2.3718321	4.3740582	0.25386813	0.44079447	0.5507428	0.09891625
2020-01-14 20:00:00	2020-01-14 20:10:00	12.0192948525873	10.307466060920962	-3.139062256049032	5.325831953282378	88.272	-0.797	4.307	0.112	0.0244822001893777	0.0729394163130322	0.0563189937656279	0.2262903725812086	0.0151282581207044	0.0208936787090148	0.0911802097838632	0.0721917516488279	0.2020427171010156	0.0128475421005214	0.1159987467872454	0.1545039677856283	0.1196707023572479	0.0976334739442379	0.0822050771342279	-3.7459726	26.62995	21.849926	36.372246	-3.3790743	26.577528	21.21214	36.356674	6.5390544	6.0981174	7.779619	4.2584505
2020-01-14 21:35:00	2020-01-14 21:45:00	13.880597674580798	12.256460934776882	-2.888770927681976	5.839865823815903	64.715	-0.972	3.255	1.527	0.0020862632508984	-0.001258007831466	0.0167116341121733	0.0915577887514994	-0.0027461558492082	-0.0036289316683524	-0.0153293183439034	0.0088248625764394	0.0799067030755971	0.0039562931172375	0.0447089398007869	0.0674790489131525	0.0440769075678405	0.0199366555061029	0.0217584004647834	-1.8206751	12.4612255	7.6807895	15.958932	-1.9388622	12.291105	10.848205	15.783627	1.9245778	2.0356042	5.513249	1.0712743
2020-01-17 16:30:00	2020-01-17 16:40:00	15.45642444048476	11.617893104344432	10.180314214390153	-0.53456957532064	96.14	1.697	5.227	-0.545	0.000915051644424	0.000481673735745	-0.0008881376010231	0.1142720021307767	0.0016447389569759	-0.0002056389847521	0.0076273731438677	6.356301948933526e-05	0.1110404936517724	0.0018715446217997	0.0608340744683893	0.0624279190634868	0.0797173122554735	0.0299440681067428	0.0174540441557319	1.9396493	5.3056498	-0.17845288	6.219322	1.8591381	5.3633265	-0.18401638	6.184314	1.282407	1.4943308	1.945206	0.9620056
2020-01-17 17:00:00	2020-01-17 17:10:00	14.948255059943367	11.087638202415562	10.01592109057874	-0.4413782811333214	82.445	1.92	5.438	0.722	0.0147553577077754	-0.0243689831604176	-0.0146543593597464	0.0765685786126031	0.0008398257660457	0.0273631744582134	-0.0271950730072098	-0.0192557860839283	0.0743538556028342	0.0017060261665058	0.0543182409286054	0.0098284251810816	0.0426262080083363	0.0052567848667635	0.0036630467472774	-4.581793	17.936977	4.7529917	19.724396	-5.5498314	17.871841	5.4575434	19.927395	4.1442637	0.35994348	2.6679971	0.8305432
2020-01-17 17:30:00	2020-01-17 17:40:00	14.422717090409884	10.540647523745257	9.83778400600823	-0.3554428440625132	74.548	1.832	5.152	1.42	0.0146944331529509	0.000530293941776	-0.0061016873826184	0.0815839717920798	0.0031511641535894	0.0215472687405853	0.009259897774294	-0.0039383691823886	0.0820341089692681	0.0031600698282472	0.057682980235288	0.036170361963435	0.043896419330399	0.0126495310710051	0.0118986168158499	-5.13063	16.555906	7.8816233	19.476255	-5.8709946	16.749306	7.8284082	19.468086	3.1361756	1.6080687	2.2292163	0.77957815
2020-01-17 20:30:00	2020-01-17 20:40:00	10.831229529760224	6.842280879443512	8.39427641494159	-0.1808671489885084	118.668	1.017	1.993	-1.088	0.0088854651728879	0.0029879797356342	-0.0014940207105952	0.0824037514097392	-0.0037588736300494	0.0088854651728879	0.0029879797356342	-0.0014940207105952	0.0824037514097392	-0.0037588736300494	0.0030609295832792	0.0180961860570173	0.0797789477237417	0.0011203148469294	0.0072224210134172	0.13439834	21.907341	46.114517	51.15204	0.13439834	21.907341	46.114517	51.15204	2.1719818	2.0071125	1.1490726	0.18201257
2020-01-18 08:45:00	2020-01-18 08:55:00	12.786506319997905	11.015131752701596	-2.185966792436871	6.113971910641024	89.692	-0.168	3.437	0.017	0.0022732882848095	-0.0149126782556104	-0.0210474781816013	0.0922514609641068	0.0054414891737477	-0.0070456938606013	-0.0195688000193433	-0.051401608359772	0.0914695465064192	0.0037911246616625	0.0357041546212628	0.0412341012591264	0.0703651197859488	0.0093009648172609	0.0145139785409483	3.065799	21.432825	-2.3517294	21.935556	3.149477	21.577858	-1.6260687	21.892056	0.73814535	5.9006505	1.9267683	5.67469
2020-01-18 09:30:00	2020-01-18 09:40:00	13.652634078755336	11.939025249405388	-1.8534097233547984	6.357433651797294	90.429	0.697	3.552	-0.008	-0.0118675484517402	0.0027731568807795	0.0094159763669564	0.0804049281800028	0.0083212968718264	-0.0172437436256914	0.0183366828160054	0.0167851719279638	0.0768849990659876	0.0154947505793013	0.0385292150266268	0.0521209302681596	0.0475715847091395	0.0153748071525054	0.033732658464296	2.0151024	16.119555	-0.45105788	16.69653	1.7383103	16.324667	-0.95500237	16.535124	2.2022004	2.5865407	3.3853319	2.8862495
2020-01-24 19:10:00	2020-01-24 19:20:00	12.75250252300814	9.892281377856314	8.04546601072959	-0.195096368193636	50.826	-3.065	0.632	0.498	0.0041310099434709	0.000751632266084	0.012653955908215	0.1804085055463392	-0.0037367591730061	0.0008554525765473	0.0050172164351491	0.0180301082959916	0.1650159177298416	-0.0079749930486971	0.1231479159789341	0.1108786942552413	0.1034888409140128	0.0761574563933682	0.068119533370733	-2.4086514	-1.1387366	4.049708	12.626636	-2.1243052	-0.5900527	4.8226457	12.176873	8.153149	5.442545	8.29279	5.3788505
2020-01-31 15:55:00	2020-01-31 16:05:00	16.519967586728267	14.824846404076704	7.255732341107669	-0.6976106029511611	46.076	4.1	1.557	1.43	0.0044486712027938	0.0773433570200033	-0.0112980924631875	0.0782906919365322	-0.0021020258509717	0.0044486712027938	0.0773433570200033	-0.0112980924631875	0.0782906919365322	-0.0021020258509717	0.0	0.0	0.0	0.0	0.0	3.683857	4.7169085	-6.1426754	8.576275	3.683857	4.7169085	-6.1426754	8.576275	0.0	0.0	0.0	0.0
2020-01-31 17:30:00	2020-01-31 17:40:00	14.970928100190308	13.107996853000598	7.212909805592318	-0.530885366700664	92.564	4.387	1.685	0.005	-0.0042664888937093	-0.0017198723832077	0.0046674317542811	0.0889556699515135	0.0046197891885489	-0.0173510232712636	-0.0044010321096544	0.0120843867357989	0.0830809165190129	0.0014779302192281	0.0458845600880472	0.0604223728898829	0.0543225007362192	0.0289313787695499	0.0327254459595715	2.1899183	-2.0610223	1.0666956	8.753958	2.0572054	-1.746879	0.79023296	7.9619694	3.4110384	4.710082	6.9113464	3.8905482
2020-01-31 20:40:00	2020-01-31 20:50:00	11.310787169254956	9.035694255698353	6.793961473196944	-0.3606031833379675	59.382	3.06	2.497	1.513	0.0033819735767921	0.0075997598601671	0.0039987172947016	0.222892636589035	0.0059449936390758	0.0025563685683828	0.0349712091242746	0.0153995701727525	0.1910659730697003	0.0024460921839187	0.1406594538951238	0.1488033658017875	0.1282197267372312	0.0936583064024913	0.0702722606561409	-0.17106488	0.75865585	38.491844	39.49574	-1.3008977	0.6113993	37.52196	38.19174	5.554834	6.8052435	3.8929722	3.8257754
2020-02-11 06:55:00	2020-02-11 07:05:00	13.932189940047442	12.93928382547916	4.844333072602329	-1.7920223760785026	57.077	-3.422	2.358	1.502	0.0009147197094206	0.0474699222080268	-0.0260941662796169	0.4055926724190785	-0.0185810686725876	0.0206745471087583	0.0432645439285765	-0.0396058531391617	0.3760805746089461	-0.0090620477084424	0.2922706477089949	0.2359892214001344	0.2317562343392988	0.1823560147205746	0.2213927775497904	-1.5811327	2.8756914	8.967105	12.678636	-1.5636301	3.0094094	8.530085	11.935991	4.9146833	5.837888	6.629303	5.710821
2020-02-11 07:25:00	2020-02-11 07:35:00	13.371544319221124	12.309128244680272	4.846115135428202	-1.9485108292541755	92.538	-3.635	2.738	-0.122	-0.0011562235252203	0.0366097454569944	-0.007542243689758	0.415556649400517	-0.0056581023326863	0.0133563958983004	0.0298902161865591	-0.000555849701636	0.3135401861472052	0.004117149974579	0.3457452605286952	0.3023648072403349	0.1976889176728871	0.2806355945000126	0.1639573890627134	-5.3658333	12.0789995	0.5838084	16.85748	-4.568295	12.372473	-0.13941337	16.731674	6.2373576	7.2032046	8.003598	6.7608414
2020-02-11 07:55:00	2020-02-11 08:05:00	12.790011025451228	11.653255344020415	4.838270168149594	-2.09165554987505	87.939	-3.698	3.207	0.118	-0.0151727001694493	0.0087933984475248	-0.0047891056696299	0.1419190974895252	-0.0061367702622318	-0.0526985571646194	0.0151555043951099	-0.0081341102068501	0.1294590291198709	-0.0067154715828376	0.1113001066439624	0.0958124613005716	0.040667132600479	0.0584037425251014	0.0507770114855894	-6.8143735	18.143274	-2.0496616	20.489529	-6.747508	18.678297	-2.385307	20.80243	3.664631	3.325359	5.1120305	3.258032
2020-02-11 08:55:00	2020-02-11 09:05:00	11.557653954743136	10.255539929666805	4.794178587721969	-2.3273722044363514	86.519	-2.68	2.737	0.105	-0.0119801184777548	0.0123989158780729	-0.0024943398032156	0.1524316206822774	0.0007154596729868	-0.0330042769784184	0.0131301107119237	-0.0046630448054561	0.1403061062874988	0.0034255670760781	0.1198837244294953	0.0917711032171777	0.0531029143082341	0.0517884289946461	0.0617073529996487	-1.5461028	14.924416	6.0409775	17.167315	-1.6976044	15.363245	5.592986	17.491066	3.4409587	5.6628346	5.255669	6.1996202
2020-02-11 09:25:00	2020-02-11 09:35:00	10.902820506614695	9.508299252393003	4.75694565245155	-2.415060070567689	80.513	-3.388	2.397	0.377	-0.0209311196226603	0.0084578006783071	-0.0277731094079823	0.1440557677995476	0.0007792720343564	-0.0242638985455941	0.0107309791034235	-0.0348681259784633	0.1285185541753607	0.0009437667099378	0.1123169847404557	0.0843579419753914	0.0647400639611822	0.0667200932856956	0.0477632962838998	8.224407	21.061607	39.14843	45.53197	8.35504	21.159565	39.490936	45.94906	2.9520578	5.0443935	2.8548467	3.6031113
2020-02-11 10:25:00	2020-02-11 10:35:00	9.503020699449658	7.899441498576852	4.643420506015535	-2.518219601563535	76.34	-3.673	2.155	0.517	-0.040239708772674	-0.0015578401195268	-0.0304772909625603	0.0816363829733869	-0.0113709330110144	-0.0577787477340513	-0.0179773015529442	-0.0377352666332606	0.0811040437209452	-0.0122666567478662	0.0449838718804789	0.0391000050212773	0.0241041969141182	0.0044043953369938	0.0089015748015049	19.748507	31.246893	37.429455	52.649727	19.883682	31.076353	37.539146	52.644993	0.25889257	1.6495607	1.3724196	0.11884384
2020-02-11 10:55:00	2020-02-11 11:05:00	8.751376249070818	7.028413466124209	4.5596992824070535	-2.5284576632769933	78.819	-3.737	2.103	0.417	0.0167849621801618	0.0328398735453889	-0.0113192177662733	0.0991276778580061	-0.0064831989995673	0.0511472390772371	0.0597625517138606	-0.010792165507873	0.0899486915216392	-0.0061418851875428	0.0779819185904067	0.0513537862082233	0.0129257676776365	0.0233984375162797	0.0179991081076031	30.637705	40.769318	42.45888	66.37234	30.706528	40.867386	42.532845	66.06627	0.6579119	1.3539906	0.60926276	0.9558604
2020-02-11 11:25:00	2020-02-11 11:35:00	7.959608913998686	6.104798489764721	4.449503672528685	-2.5067625695129103	72.692	-4.235	1.328	0.417	0.0205091122742339	0.0821379738973124	-0.0337260979000721	0.0976583658894215	-0.0257507954169166	0.0177096576140541	0.0799981778716001	-0.0368750568593501	0.0907052763940309	-0.0268780460359732	0.0350860729680182	0.0164405731685205	0.006268770718197	0.0175552311961342	0.008956096947444	45.926975	54.451267	40.680824	82.03414	46.123474	54.827305	40.83635	82.60988	0.79079354	1.4351864	0.4723769	1.5696288
2020-02-11 11:55:00	2020-02-11 12:05:00	7.122370769721211	5.120433342211501	4.302144854040854	-2.448426675754461	72.56	-4.242	1.978	0.622	0.0300403570688429	0.108632516498072	-0.0442516515237149	0.1255139123925077	-0.0148336116654371	0.0150558052207646	0.1068594730986814	-0.0438546539330464	0.1189419118190166	-0.0165191266987898	0.0366730918269391	0.0195550678335707	0.0074167101277184	0.0262723634884818	0.0211341837149485	63.219963	78.23033	46.070187	110.63835	63.31867	77.03446	46.093185	109.83117	2.2723434	3.315179	0.5562218	3.8505635
2020-02-14 18:45:00	2020-02-14 18:55:00	14.197014090636864	13.445277501780105	4.379307636435015	-1.2648176032782283	67.385	-2.803	1.282	0.55	0.0160914879818462	-0.0342631805077966	-2.0251658466359447e-05	0.058862708188433	-0.0239643773466029	0.0160914879818462	-0.0342631805077966	-2.0251658466359447e-05	0.058862708188433	-0.0239643773466029	0.0422308070416752	0.0158524387726916	0.0015946350200001	0.0023167343639185	0.02359590271457	-4.6706643	1.7608414	-1.2285814	5.2542305	-4.6706643	1.7608414	-1.2285814	5.2542305	0.58232784	0.9225984	0.6650271	0.67133856
2020-03-07 11:45:00	2020-03-07 11:55:00	14.019725292933732	7.043538992074812	-11.483651524620193	3.881385161459284	124.914	-3.15	3.04	-2.127	0.0014388531206206	0.0245162124522348	-0.0007566420091043	0.117697913894482	-0.0049362843094307	-0.0103500697084773	0.025168590320898	0.0012474188739137	0.1015876766073056	-0.0037334999841875	0.0704780364580135	0.0700993913585075	0.0767711692933984	0.0502571315318412	0.0370115532895261	8.233591	9.342367	-9.170716	19.574217	7.9158	9.96069	-10.624538	20.343025	4.2948666	5.2011294	10.911274	4.5362344
2020-03-07 13:55:00	2020-03-07 14:05:00	16.213335164129408	9.172080000282202	-12.938799072370486	3.366027168748632	128.881	-1.323	2.762	-2.225	-0.0428842013451847	0.0136424517253172	-0.0352231611267754	0.0731036567142917	-0.0094158846679366	-0.0428842013451847	0.0136424517253172	-0.0352231611267754	0.0731036567142917	-0.0094158846679366	0.0347104432846341	0.0324081633472242	0.0018464930698743	0.0134242739120962	0.0126298017264658	-4.0182567	1.4112632	-3.9651089	7.919205	-4.0182567	1.4112632	-3.9651089	7.919205	4.0697465	3.2606432	1.4855471	0.7401376
2020-04-08 04:30:00	2020-04-08 04:40:00	17.603401345075195	2.5511133880594525	-17.41720893025999	0.1029662482469376	77.24	0.142	7.113	1.615	-0.0073051110506278	-0.0021844740738473	-0.0054287760201457	0.086894388915584	-0.0041460482923619	-0.0105215459186746	-0.0111099863822569	-0.0104591094631823	0.0856269435437975	-0.0045551632960386	0.0468185350390394	0.0563819885429024	0.0503315737960504	0.0210034410168066	0.0395352821057178	-0.3041504	6.5451694	1.7637212	6.990118	-0.3209976	6.5604286	1.8389548	7.0086093	1.2005609	0.8620141	1.1190392	0.785736
2020-04-08 05:20:00	2020-04-08 05:30:00	18.29214265017302	2.9827668072856444	-18.039663094068064	0.5237052758519926	70.689	-0.425	8.328	2.925	0.0444025508550373	0.0252473393684925	-0.0571198687442979	0.4191333658192333	0.0229301502055823	0.0199726553595193	0.028574753037193	-0.048555912399627	0.3586987554799127	0.0110388215338877	0.2675281479843627	0.2583552787384392	0.2604151123554308	0.190614024901317	0.1399832686124991	-0.4705899	12.207095	7.7378	23.849092	1.192014	11.447628	7.5571327	22.96828	14.176182	9.428174	13.241113	10.271838
2020-04-08 06:15:00	2020-04-08 06:25:00	19.011840252808152	3.4489043323602195	-18.66896954593859	1.0114051512862827	50.293	1.025	5.43	4.707	-0.0020974984369549	-0.0080437508449443	0.0054756693189574	0.1047032549774088	-0.0012471086254556	0.0003878060485358	-0.0321282434795947	0.0092089282879968	0.1015618572271186	3.8381149440838506e-05	0.0510692614588043	0.0839344363477524	0.0391267016750181	0.0178961066688634	0.0369818910968264	0.9697903	7.3993526	4.3253345	8.813202	1.1037548	7.411177	4.279989	8.75576	1.3385578	0.74350977	1.2304597	0.76517844
2020-04-22 05:40:00	2020-04-22 05:50:00	18.292753599562413	-1.123083877577449	-18.200803540838937	1.4466015435063593	50.793	2.388	2.138	1.732	-0.0006897464698843	-0.0007817243629535	0.0205636803054317	0.0978574781315237	0.0020533361024156	-0.0094674314375678	0.0103923491407003	0.0402486551653205	0.092516405764167	0.0023597472696406	0.0320613104503486	0.041246554021893	0.0834003831476365	0.0230801975784842	0.0122008594524025	4.1029277	5.483537	16.583168	19.03143	3.3641114	5.5094566	17.81631	19.52278	4.662919	3.8033895	3.2926574	2.5999274
2020-04-29 12:55:00	2020-04-29 13:05:00	23.09073154668749	-1.4380524123004532	-22.875339336802508	2.798153897778548	53.259	-2.367	1.028	0.767	0.0054988207815723	-0.0012410241803222	0.002438090340098	0.0875423762406401	-3.1908651182186806e-05	0.0166469421240776	0.0001660111848672	0.0038998321444697	0.0868558491203934	-0.0008380239932002	0.0525644044892886	0.0446927001419933	0.0604944622232823	0.0281795642732903	0.0156656121734269	-3.852705	1.0573431	3.564839	7.9284034	-4.192833	1.3548818	3.7469358	7.6155014	4.1110926	4.0706596	3.170313	3.0548394
2020-04-29 13:25:00	2020-04-29 13:35:00	23.350303487409647	-1.3171820647130208	-23.18749716972536	2.416125089151014	66.942	-2.33	1.145	0.483	-0.0009300597424429	-0.0138402902775636	-0.0047104322779156	0.0884751526694712	0.0033666997577135	0.0079484462351724	-0.015407149881317	-0.0011721314527577	0.0847810870144911	0.0038042046425742	0.0468943786640752	0.0529028548542981	0.0570750503020851	0.0253398963585191	0.0151778680888447	-3.3497572	-0.64523953	4.3180413	8.073149	-3.4229012	-0.19963509	4.551449	8.238525	3.6983125	4.5037947	3.541258	3.4072196
2020-05-01 16:15:00	2020-05-01 16:25:00	18.0986118872138	7.428147632521533	-14.65202704562027	-7.595672488296817	62.503	3.558	3.128	1.598	0.0821182609781306	-0.0569948458573804	0.012794688170577	0.1007746262000571	0.0266256758989134	0.0821182609781306	-0.0569948458573804	0.012794688170577	0.1007746262000571	0.0266256758989134	0.0	0.0	0.0	0.0	0.0	10.688734	7.815596	5.6114497	14.381271	10.688734	7.815596	5.6114497	14.381271	0.0	0.0	0.0	0.0
2020-05-08 15:45:00	2020-05-08 15:55:00	18.04658409200334	5.5184219038345255	-15.714262671329257	-6.948506546189196	47.361	-0.415	3.013	2.738	-0.004503949300343	-0.004456360578295	0.0043101662382352	0.1514448565611699	-0.0019155871784121	-0.0085902306954157	-0.0123323224334658	0.0063157161229962	0.1401357884311589	-0.0064286138104965	0.0736447870992568	0.103298788153153	0.0987748154958377	0.0545328904434137	0.0317778406852878	0.85886383	4.899302	8.15359	12.3778105	0.18327132	5.507435	7.4009027	12.258153	4.5989723	6.309347	4.2814116	4.159394
2020-05-08 16:15:00	2020-05-08 16:25:00	17.633677265350425	5.553177965835325	-15.071417135158288	-7.276990401189733	48.824	-1.047	3.405	2.973	0.0331459222454685	0.0622683671949417	-0.002472094184212	0.0855029199850429	-0.0375684140876706	0.0355620394570858	0.0759672135370258	-0.0051420184994285	0.082504674132893	-0.0411125654540539	0.0317150181025224	0.0357179106855239	0.0190000316846925	0.0177193780736062	0.0077288078197754	5.9618015	6.362063	13.778589	16.372017	5.653818	6.5660343	13.785546	16.079823	0.75204766	1.7117162	0.64951247	1.3202246
2020-05-08 16:45:00	2020-05-08 16:55:00	17.208305492971274	5.583211155559833	-14.404840064729228	-7.579415908284602	58.297	-1.473	3.672	2.26	0.0078948779156917	0.0033282383832341	-0.0088228816358903	0.0918385813757287	-0.0058797200548959	0.0074311865571561	0.0132091619551401	-0.0143739027147583	0.0860568642790996	-0.0059564733361044	0.0410944150138756	0.0695192493940919	0.0474582727809381	0.0221560176090929	0.0269016578335099	6.4127226	8.873925	6.2167654	13.127029	6.162669	8.860146	6.5775547	13.670793	1.9010439	2.2369957	3.0084932	1.9667118
2020-05-08 18:10:00	2020-05-08 18:20:00	15.93055414740459	5.638908247805674	-12.42744396947631	-8.218161407141666	66.0	-1.57	2.552	1.102	-0.0032338704130332	0.0039856641994946	0.0034501727424371	0.1129573083052589	-0.0028691070292874	0.0002324541713623	0.0141866099778868	0.0005510044710346	0.1024741029117082	-0.0038386827914983	0.0629943492885985	0.0862303655935477	0.0527079460182438	0.0382228360472602	0.0416456626413552	-1.8270974	-0.039940096	2.6060808	11.136715	-1.0634717	0.95050466	2.352704	11.493204	8.308704	6.407297	4.142621	3.6543741
2020-05-09 00:20:00	2020-05-09 00:30:00	8.656237269779561	4.921387779890292	-3.868768263107244	-5.978223781144486	115.901	-3.213	0.685	-0.335	-0.0184179510131798	0.057780403340437	0.0369320386226124	0.0710054322325385	-0.0216850087592204	-0.0184179510131798	0.057780403340437	0.0369320386226124	0.0710054322325385	-0.0216850087592204	0.0	0.0	0.0	0.0	0.0	47.377502	-34.338264	0.36214498	58.51389	47.377502	-34.338264	0.36214498	58.51389	0.0	0.0	0.0	0.0
2020-05-09 17:25:00	2020-05-09 17:35:00	18.44529885866457	-6.056646036648734	-17.329443278953438	1.7971729810562376	69.711	-0.147	3.583	1.322	-0.055578598670633	-0.0300512941747212	-0.0334687290582264	0.0714997673880125	-0.0057852370863474	-0.055578598670633	-0.0300512941747212	-0.0334687290582264	0.0714997673880125	-0.0057852370863474	0.0	0.0	0.0	0.0	0.0	17.584034	7.6330595	9.348856	21.327517	17.584034	7.6330595	9.348856	21.327517	0.0	0.0	0.0	0.0
2020-05-09 17:55:00	2020-05-09 18:05:00	18.83494781064272	-6.029105826833749	-17.798895097930753	1.2641460245348757	73.086	-0.71	3.618	1.085	0.0087757768534357	0.0030108795312276	0.0109702491428503	0.0806567484812716	-0.0029995246937139	0.04605938912837	0.0183038888269946	0.0376735468305521	0.0759075253743815	-0.00052649936908	0.0613624519644382	0.0255667846276932	0.0445964704833917	0.0104293390241586	0.0069903864712031	16.107302	6.6361637	10.69225	20.671127	15.712101	7.5420866	10.956897	20.781862	1.4938085	2.1976447	1.6810763	0.63220906
2020-05-09 18:25:00	2020-05-09 18:35:00	19.213475155931118	-5.997384719456247	-18.23865962778432	0.730965587064136	62.733	-2.152	2.925	1.495	-0.020020595871097	-0.0078446613541942	-0.0197115245488182	0.086419506804899	-0.0061923920509197	-0.0224527680747623	-0.0191276513550215	-0.0476665498427339	0.0781043574330231	-0.0060842090388296	0.0489675656005672	0.0220945831155679	0.0633022336318667	0.016605477443075	0.0073283718163307	10.674789	3.3531435	14.106502	18.3972	11.199965	4.040044	14.074423	18.140831	2.3494565	2.8004277	1.0834147	0.51692784
2020-05-09 18:55:00	2020-05-09 19:05:00	19.581258681817133	-5.9617583475826565	-18.650314144714343	0.2085579689024362	63.671	-1.77	3.097	1.537	-0.0188980321264681	-0.0095024906062718	-0.0151301145878523	0.0830695240516444	-0.004619845227501	-0.0447325792584464	-0.0110613824798242	-0.0454669158126526	0.0821522967289043	-0.001781808328509	0.0484322817136658	0.0263201442350769	0.0569714591801795	0.0077453568617674	0.0139953233439997	11.248509	4.9364066	12.396836	17.568949	11.032908	5.1352706	11.836986	17.472095	1.2766548	0.6062449	1.6839743	0.8624381
2020-05-09 19:55:00	2020-05-09 20:05:00	20.285965461772864	-5.879764988018191	-19.400051607520897	-0.7634013331491692	62.364	-2.043	3.147	1.613	0.05317359123142	0.0225668671085624	0.0343533520664643	0.0714212789580553	-0.0053414538039467	0.05317359123142	0.0225668671085624	0.0343533520664643	0.0714212789580553	-0.0053414538039467	0.0205458083976791	0.009076171099826	0.0113294084029561	0.0069792997534271	0.0076996177866469	12.906524	3.7017944	8.410158	15.933321	12.906524	3.7017944	8.410158	15.933321	0.012132645	0.52489734	1.9973438	1.1860442
2020-05-09 21:00:00	2020-05-09 21:10:00	21.00534036260604	-5.776420667015057	-20.12869035014564	-1.6403566850304314	53.917	-0.255	2.645	1.922	0.0470623651918147	0.059908062598908	0.0416846413962419	0.0868415310213708	0.0125625938313272	0.0470623651918147	0.059908062598908	0.0416846413962419	0.0868415310213708	0.0125625938313272	0.0	0.0	0.0	0.0	0.0	1.32709	3.9151986	7.022737	8.1491585	1.32709	3.9151986	7.022737	8.1491585	0.0	0.0	0.0	0.0
2020-05-10 00:35:00	2020-05-10 00:45:00	23.089677442443644	-5.3476698047756175	-22.30669762349436	-2.6355833006692757	64.052	-1.66	2.993	1.403	-0.004316481590011	0.0064011125268319	0.0064403753005992	0.0815560904510132	0.0025332362639282	-0.0007491907288987	0.0083087825355859	0.0144393662428338	0.0798049372242062	0.002636523526859	0.0397602890539726	0.0505929664497667	0.0550142055749719	0.0248350650118887	0.0112895090195809	-1.7320324	1.464798	6.9718294	8.896518	-1.8446659	0.87342894	7.381708	9.440279	2.5576947	4.1886525	3.1004376	2.8815424
2020-05-10 01:35:00	2020-05-10 01:45:00	23.597356091857563	-5.208548681310757	-22.894492678787703	-2.355249455474531	49.798	-3.488	2.437	2.06	-0.0157280429541215	0.0029855697402289	0.0200949047298094	0.0904745231532039	-0.0009329920315789	-0.023321141483462	-0.0078374604028718	0.0397006001007735	0.0747785912679903	0.0011167618915503	0.0557901221662748	0.0420942457325784	0.0631815278791718	0.0367534969548487	0.0096402843637173	-2.5297682	-0.08975564	6.325142	8.399707	-1.345898	-0.030208021	6.922716	9.300925	3.6369302	3.5003104	2.9916773	3.2077584
2020-05-10 02:05:00	2020-05-10 02:15:00	23.83991953924196	-5.1363102709369945	-23.181998317791425	-2.133862569337312	52.969	-3.463	2.547	1.92	0.0023599757466379	0.0136401411043871	0.0053295439858117	0.0807451746308036	-0.0020437729597993	-0.0043038991120168	0.0134993397078653	-0.0197711456336428	0.0820544673725584	-0.0037086771630177	0.0469924325017406	0.0428861916355042	0.0519144458832207	0.0210444193219898	0.0120888763876601	-3.3381002	0.4007999	5.4548736	8.207821	-3.5583882	0.6225882	5.24301	8.276055	3.4442806	3.6601634	2.9854043	2.8041692
2020-05-15 17:20:00	2020-05-15 17:30:00	16.52739916789918	3.745582361569268	-14.179323810221245	-7.62008238016498	58.308	-3.105	2.182	1.32	0.0058385240614811	-0.0097347280424416	-0.0060492011426075	0.0773604047679061	0.0093670835641321	0.0061979727271902	-0.0324526772655484	0.0082277680994079	0.0733323027299647	0.0031613217625729	0.0279391049492704	0.0550718128090739	0.0474609445251392	0.0157115660756212	0.0247229325924835	-2.1590505	-1.6581393	5.9409027	7.9122543	-0.7305916	-2.1230793	6.342392	7.5620966	3.2312376	2.2425942	3.5931807	2.9124813
2020-05-16 07:15:00	2020-05-16 07:25:00	7.255468448840055	-4.94448692221228	-3.3069787057937066	4.153634902330839	120.68	-1.053	2.063	-1.218	0.0516743595395601	0.0713474381688926	-0.0288140718075622	0.0926873621440325	-0.0268298684442733	0.0516743595395601	0.0713474381688926	-0.0288140718075622	0.0926873621440325	-0.0268298684442733	0.0	0.0	0.0	0.0	0.0	96.109215	51.113907	7.902715	109.14241	96.109215	51.113907	7.902715	109.14241	0.0	0.0	0.0	0.0
2020-05-16 18:00:00	2020-05-16 18:10:00	19.046779882575997	-7.819922349422782	-17.25148575156849	2.002141500345962	83.187	-0.983	3.158	0.385	0.0369420329747506	-0.0002490318591042	0.0376658549146124	0.093577916694623	-0.0068028282977546	0.0557721382750597	0.0019647641637967	0.065012390587045	0.0885955964147486	-0.0027896445181749	0.0430036309712947	0.0432149837086085	0.0517888621341482	0.0206300578166335	0.0174544491801975	10.850929	6.453309	10.923804	17.611622	10.493559	3.7922015	12.054756	17.721163	2.8820102	4.4539	2.3017893	1.4104866
2020-05-16 20:05:00	2020-05-16 20:15:00	20.529577535362424	-7.857328774333662	-18.96634386042865	-0.0080418242285917	61.933	-1.69	3.398	1.83	-0.010051878607916	0.0099854175288052	-0.0274278580658195	0.0961446187249746	-0.0005087851833585	-0.0221046574139161	0.0103607612986205	-0.0538592898659674	0.0883894909170001	-0.0030321338321913	0.0664981840742883	0.0185808913399848	0.0667303829034969	0.0304868910467172	0.0109070054743303	10.635017	0.85209984	11.374672	17.311262	10.678129	1.048653	12.497229	17.322533	4.0664268	5.3293967	3.5574741	1.0615742
2020-05-17 00:25:00	2020-05-17 00:35:00	23.09979956741456	-7.711952629812103	-21.710863464982	-1.6626772236138756	75.519	-0.982	3.92	1.003	-0.0223848608894524	0.033140110715153	0.0882198442318927	0.0968611885718535	-0.0180745612254124	-0.0223848608894524	0.033140110715153	0.0882198442318927	0.0968611885718535	-0.0180745612254124	0.0	0.0	0.0	0.0	0.0	0.033282176	0.57493234	10.6081085	10.62373	0.033282176	0.57493234	10.6081085	10.62373	0.0	0.0	0.0	0.0
2020-05-17 00:55:00	2020-05-17 01:05:00	23.35660691527251	-7.679488823917762	-22.00232787865705	-1.566343076197266	71.16	-1.317	3.738	1.273	0.0412311388218541	0.0211875407007003	-0.00487345865337	0.0872367380810576	0.0010441447179919	0.022446489415485	0.0433502304951561	-0.0300667522831899	0.0845510521562707	-0.0026982978404061	0.0306957318755007	0.0557412541876428	0.0383833493309771	0.0092205041815384	0.0078384369570918	4.809494	4.7374454	0.910903	6.898649	5.1137238	4.7941446	1.2072784	7.5098796	0.9287574	0.7879425	1.0022224	1.1405681
2020-05-17 01:25:00	2020-05-17 01:35:00	23.605802790853563	-7.644224027163446	-22.289014607187145	-1.4137158396314031	54.752	-1.183	2.88	2.048	-0.0321239696510615	-0.0198244346401414	-0.0586864766212676	0.074337103069027	0.0088397965613877	-0.0321239696510615	-0.0198244346401414	-0.0586864766212676	0.074337103069027	0.0088397965613877	0.0306394100216192	0.0053080647361101	0.0120393943165414	0.0213295872836729	0.0092172658126989	3.848061	2.1621273	10.35111	11.320322	3.848061	2.1621273	10.35111	11.320322	0.27625656	1.497109	1.4011745	1.6610575
2020-05-20 10:00:00	2020-05-20 10:10:00	21.88919125191205	-8.999591032820824	-19.03803930480709	5.974677924013225	71.779	3.62	1.595	0.498	0.0148192846374482	0.0118482087942963	-0.0153784833137274	0.0930664066954535	-0.0171079711071188	0.0148192846374482	0.0118482087942963	-0.0153784833137274	0.0930664066954535	-0.0171079711071188	0.0461579815262544	0.0447548718827484	0.0627572945475392	0.0026774572586414	0.0022269648068287	7.9262123	5.1295385	10.128907	14.490154	7.9262123	5.1295385	10.128907	14.490154	1.8117359	0.025334597	4.382725	2.0636115
2020-05-20 10:50:00	2020-05-20 11:00:00	22.370228402862768	-8.999867116319868	-19.581336912048776	6.000012679785118	93.261	3.42	1.108	-0.055	-0.0504031086338798	-0.0336959813629679	-0.0359085899084861	0.0704650221683638	0.0017362990549872	-0.0504031086338798	-0.0336959813629679	-0.0359085899084861	0.0704650221683638	0.0017362990549872	0.0	0.0	0.0	0.0	0.0	9.897487	4.9754252	6.9283857	13.065896	9.897487	4.9754252	6.9283857	13.065896	0.0	0.0	0.0	0.0
2020-05-22 06:50:00	2020-05-22 07:00:00	23.317342155509696	-0.973160931701473	-22.900783208963404	-4.278245304939203	94.105	-4.137	1.828	-0.14	0.0066258704003517	0.0199164093515592	0.011843057943766	0.1578847170207613	0.0004813868523003	0.0166928826172731	0.0209196725593646	0.0123216603953585	0.141162900018841	0.0002579334785111	0.1038671171487954	0.0825877404044688	0.113213281892511	0.0779717882284698	0.0315898906719691	-4.122063	-0.20348811	-1.1852173	10.1570425	-3.1166172	-0.38241887	-1.8464519	10.146734	5.2070236	5.128451	7.022233	4.2423906
2020-05-26 01:20:00	2020-05-26 01:30:00	19.170851517063443	-0.1914379868946018	-17.098203118319734	-8.66807671243542	47.071	-0.602	3.13	2.9	0.0038419361990093	-0.0061039345414592	0.0053436761900029	0.1765377152995332	0.0003691515332719	0.0051197299765625	-0.015659426286452	0.0058543740436177	0.15673391193851	-0.001296573094947	0.1170461269215071	0.1109009275850613	0.1089544673184824	0.0823704798935583	0.0345970148104376	2.6737082	3.641401	3.4162915	13.543373	2.1280842	3.2594998	3.7937133	14.099836	7.297111	8.676182	7.454005	5.722131
2020-05-26 01:50:00	2020-05-26 02:00:00	18.79123980666057	-0.0227222331862068	-16.822544248487688	-8.373244622582389	53.638	-1.007	3.383	2.492	0.0107227720165831	-0.0064208981048222	0.0026847073783874	0.1468686395267621	0.0012593843177714	0.0083301126764756	-0.0089925887943315	0.0052291464236554	0.1339460609763946	0.0010660501131139	0.085768458097235	0.1001598879750175	0.0915180980242921	0.0660061359192224	0.033680172682871	1.4090803	2.0304632	3.315699	11.086289	1.1885619	2.0006437	3.6094217	10.876874	5.270499	6.950118	7.198599	4.700901
2020-05-29 11:35:00	2020-05-29 11:45:00	20.33290741119711	-1.913869295732325	-20.09971507056049	-2.4009140771839994	88.629	-3.065	2.795	0.058	-0.0026246154315428	0.0110982759216512	-0.00236624638903	0.0880662434719938	-0.0001381544622862	0.0015985359380404	0.0181439197040177	-0.002764198601076	0.0842764378027651	-0.0010817621728626	0.0487464717962709	0.0582846099324098	0.055023305987401	0.0343638572724697	0.0162870857523778	2.8940957	4.9888577	-3.887582	8.404656	2.691815	5.624027	-3.9459622	8.712603	2.8823686	3.5862298	3.0739498	2.8909867
2020-05-29 12:15:00	2020-05-29 12:25:00	19.869334348591067	-1.6638940434046658	-19.616970096259752	-2.6822190425866643	103.397	-2.933	2.787	-0.663	0.0057422865740364	0.0070091590050112	-0.0021335862115829	0.0718808376556376	0.0010262708593648	0.0067506167180286	0.002625171389458	-0.0147982556245988	0.0697008235146464	0.0007480736689344	0.0360453005464802	0.0446429916319826	0.0470452517781217	0.0206231821334205	0.0126033161297458	4.6111865	6.44842	-3.9019344	9.219883	4.7289796	6.7845473	-3.7309787	9.702919	1.9498962	2.056971	2.2268443	2.4609096
2020-05-29 15:25:00	2020-05-29 15:35:00	17.406572444549152	-0.4476382253105284	-16.668535703791864	-4.994168375672555	90.998	-1.477	2.23	-0.035	0.0034880919532771	-0.0005573010909829	7.673507276480226e-05	0.0885492703016774	-0.0013021081331229	0.0055925908862554	0.0026295472475609	-0.0037139255530113	0.0869505091375341	-0.0019697375758904	0.0478207379349273	0.060356960742309	0.0512149218828896	0.0269121514831593	0.0231166593250541	0.86552477	2.846665	-1.8111368	6.9245853	1.5385774	2.9233468	-1.9541612	6.6764936	3.3632588	3.8360639	4.100243	2.6498795
2020-05-29 17:55:00	2020-05-29 18:05:00	15.104115848810432	0.5334085516397967	-13.47226044903806	-6.807466749341053	93.917	-1.547	1.89	-0.128	0.023774064749041	0.0162393768920173	-0.0014385145013923	0.1178756946639753	0.0053411013293438	0.0248075002451984	0.0258351574879664	-0.0022874505271991	0.1053226226175508	0.0024008961732826	0.0801754245956785	0.0756332971419548	0.0569474863604924	0.0482475283970859	0.0426728760887348	11.191571	4.470572	6.2245812	16.255726	11.858165	4.8803864	5.8965864	16.363472	4.6825852	4.793699	8.225261	5.682884
2020-05-29 18:25:00	2020-05-29 18:35:00	14.598156472732557	0.7295190779154682	-12.767854049010843	-7.03917275019241	82.145	-1.633	1.84	0.253	0.008354897885249	0.0162595515983441	0.0043796115150717	0.0998389693657296	-0.0082823671076374	0.0083814447548994	0.0112748105754931	0.0056850950893383	0.0953432659073264	-0.0081176803354944	0.0456134321568919	0.0504425185027369	0.0781702721658565	0.0334837698949569	0.0166576418020575	10.128486	-7.0040092	21.298862	24.890589	9.558695	-7.2980947	20.829542	25.027672	2.228977	2.8538098	1.9159107	1.5892631
