Start_str	End_str	Rmag_avg(Re)	x_avg(Re)	y_avg(Re)	z_avg(Re)	Clang_avg	IMFBx_avg(nT)	IMFBy_avg(nT)	IMFBz_avg(nT)	Jx_avg(uA/m2)	Jy_avg	Jz_avg	Jmag_avg	divB_avg	Jx_med(uA/m2)	Jy_med	Jz_med	Jmag_med	divB_med	Jx_std(uA/m2)	Jy_std	Jz_std	Jmag_std	divB_std	mms1Bx_avg(nT)	mms1By_avg	mms1Bz_avg	mms1Bmag_avg	mms1Bx_med(nT)	mms1By_med	mms1Bz_med	mms1Bmag_med	mms1Bx_std(nT)	mms1By_std	mms1Bz_std	mms1Bmag_std
2020-09-08 07:05:00	2020-09-08 07:15:00	8.610880699138427	-7.095981667011478	-3.62486934548776	-3.263228243816785	142.436	-3.028	1.1	-1.427	0.1007255603848453	0.0131874401663426	0.0311319320832395	0.1102833838568137	0.0258192251144506	0.1000759762905136	0.017482023070737	0.0315745234132921	0.1088216696178409	0.0246868773137083	0.024588146247364	0.02622509141848	0.0098387844837728	0.0227036025602907	0.020063617894178	-54.899063	-24.37686	14.390639	61.76953	-55.027874	-24.267368	14.299133	61.770733	0.85141075	0.38363615	0.6441621	1.0199851
2020-09-08 07:40:00	2020-09-08 07:50:00	7.712446878646922	-6.040295240439945	-3.818218802592559	-2.9001353539284107	150.3	-3.047	1.053	-1.843	-0.3286898953881854	-0.086720540181688	-0.120435495305125	0.4326684444387124	-0.1713496761299056	-0.3229785671203455	-0.1164228323805831	-0.1217236609917076	0.3962840034809637	-0.1711685386160841	0.1876600249924148	0.1921189110052059	0.0713349601881553	0.1416857883737864	0.1116797239057202	-65.720856	-35.851486	22.543453	78.18763	-65.670334	-35.36453	22.405693	77.87882	0.6129307	1.1215879	0.53050613	1.1734561
2020-09-08 08:10:00	2020-09-08 08:20:00	6.899344281121771	-5.064685214038148	-3.923798107659183	-2.558356130189697	164.565	-2.465	0.678	-2.503	-0.0874644408275614	-0.0562889447360623	-0.0407284963546987	0.112993815947903	-0.0466592092639545	-0.0868970457127334	-0.0539409020066372	-0.0412436865226147	0.1142980997543224	-0.0484288813751453	0.0128645121146055	0.0159273517241173	0.0044398808786045	0.012188946990219	0.010884639707085	-80.84045	-57.127296	36.5612	105.53601	-81.25718	-56.472626	36.716736	105.568726	1.361686	2.4250848	1.8514181	2.9562938
2020-09-11 19:40:00	2020-09-11 19:50:00	7.403490903656178	-5.778412778165946	-2.8036408241121187	-3.68173757222914	151.698	-0.29	1.797	-3.35	-0.1289852539249875	-0.0496154541275113	-0.0725045798090818	0.1579139835150793	-0.1091253155010765	-0.1240610923626095	-0.0561660156441746	-0.0710490919804782	0.1538891828559933	-0.1048805286539113	0.0249379420461254	0.0217650023932078	0.0129888850072755	0.0261400906361843	0.020806557660738	-121.56587	-51.71477	-11.491049	132.61188	-121.2729	-51.42121	-11.692698	132.22076	3.10545	2.140958	0.45922482	3.640159
2020-09-23 07:10:00	2020-09-23 07:20:00	23.28331938323716	-13.837042238274371	18.354137211981115	-3.710937669146966	177.597	2.09	0.17	-4.472	0.07522602343479	-0.0357028951914644	-0.0222684493151916	0.0863210564160548	0.0049513280141491	0.07522602343479	-0.0357028951914644	-0.0222684493151916	0.0863210564160548	0.0049513280141491	0.003802907029345	0.0063266876981271	0.0006715047994664	0.0057576365622529	0.00483847124966	-12.012892	6.700424	5.5937014	15.0754795	-12.012892	6.700424	5.5937014	15.0754795	1.464191	0.8500421	1.9778593	0.055054665
2020-09-25 19:35:00	2020-09-25 19:45:00	6.793847617066703	-5.304311427214881	-1.87699611740401	-3.806637227751864	178.45	1.838	0.05	-3.738	-0.0812063505942669	0.0034934994109144	-0.0462744604190812	0.0939162900516606	-0.0111643432403503	-0.0812063505942669	0.0034934994109144	-0.0462744604190812	0.0939162900516606	-0.0111643432403503	0.0005236597977976	0.0080194167725947	0.003292295948182	0.0017766661333344	0.0144852217826418	-159.45993	-50.28784	-25.785381	169.18059	-159.45993	-50.28784	-25.785381	169.18059	2.5318527	1.7643032	0.39936638	2.9716797
2020-10-02 16:45:00	2020-10-02 16:55:00	11.532523617287133	-9.766087603489032	1.1044108089816325	-6.033375315170755	183.404	-2.127	-0.157	-2.587	-0.0717706727310991	0.034189828595472	-0.0307072432206036	0.0852227002028896	0.0776671534178324	-0.0717706727310991	0.034189828595472	-0.0307072432206036	0.0852227002028896	0.0776671534178324	0.0	0.0	0.0	0.0	0.0	-54.581726	-0.7813718	-9.013605	55.32649	-54.581726	-0.7813718	-9.013605	55.32649	0.0	0.0	0.0	0.0
2020-10-02 17:50:00	2020-10-02 18:00:00	10.135467074489648	-8.537418786467851	0.3794236664703119	-5.449224714328018	169.379	-1.363	0.547	-2.917	-0.0324436452737559	-0.0123021359504683	-0.0236741867150636	0.1126488280182714	-0.0088746609928769	-0.0629231028517235	-0.0136918390338799	-0.0364321466534658	0.0984642097475203	-0.0078285328958763	0.1035011374711242	0.0486151136895549	0.0512368015579258	0.0691069164488903	0.0845435775404764	-69.480896	-0.5675654	-11.341583	70.44872	-69.4756	-0.7225523	-11.269901	70.391	1.1567566	2.2012084	1.2725345	1.1525866
2020-10-10 16:30:00	2020-10-10 16:40:00	21.36838080264465	-6.372033360804149	20.302404579648044	-1.9532299023789208	210.825	1.825	-1.393	-2.355	-0.02506817784807	0.0043393109613218	-0.0006826216782655	0.0900923687708634	-0.0015837453223242	-0.059256994062495	0.0034820449196699	0.0056555608215433	0.0889779344612512	-0.002875957085312	0.0730970878567895	0.0382100096180808	0.0350802788072519	0.0237673993361384	0.0166164949577281	10.315591	-6.2851605	-5.4971423	14.833578	9.740625	-5.2071404	-5.321761	12.885159	5.9989476	4.9782968	3.6940868	5.5240707
2020-10-21 00:05:00	2020-10-21 00:15:00	18.034300341387805	-0.7450301977656636	17.819930479763794	2.66993519803662	141.033	1.253	1.622	-2.022	0.027220332030656	0.0049936804865326	-0.0065402441319032	0.0643938690001056	0.0023391848971207	0.0177058824987092	0.0043147695969403	-0.0134117651357794	0.0729249087078025	0.0034809921839182	0.0238907055416032	0.0216901755701963	0.0503971243696707	0.0155944676547955	0.0135769940134969	1.148502	2.1640363	-10.412354	13.165043	0.7789142	0.9806551	-10.613449	12.607436	4.661703	5.9170074	2.0571795	1.4405868
2020-10-21 03:25:00	2020-10-21 03:35:00	20.470510595600377	-2.088706711006885	20.36240199224628	-0.2117399437817776	158.382	-0.008	1.553	-3.903	0.0417092899064575	-0.059842319462312	0.0923002411215151	0.1261081127269478	0.0059550334164892	0.0467296978097229	-0.0457669949807151	0.0254014303833728	0.0701677643400027	0.0060294301235642	0.0242476463919362	0.0288964524166774	0.1072999672641127	0.1042740752601763	0.0097203905967168	-2.1585934	4.9340253	-9.790136	12.257062	-4.5833244	6.890893	-10.615862	11.489671	4.115621	2.8919406	1.2888554	1.2562382
2020-10-21 06:55:00	2020-10-21 07:05:00	22.576575997949263	-3.429881756060371	21.840536281152936	-4.574167425542837	180.775	-1.522	-0.118	-6.302	-0.0003907438975481	-0.0166047078571423	-0.0028525247060111	0.0653475032295515	0.0017755553019481	0.0079128771817648	-0.029244621518927	0.0029363283823793	0.0698339510247781	0.0022289329239354	0.0442116770864974	0.0416198921781266	0.0232733014229543	0.0155641928001408	0.008979305571762	-3.819471	0.21147166	-18.895538	19.461834	-3.1820412	0.27897528	-19.471203	19.706787	1.8407992	1.7496893	2.1341112	1.9788662
2020-10-24 09:20:00	2020-10-24 09:30:00	15.576406002127598	1.184717608959925	15.461754279321854	-1.4671754384658309	142.387	-4.752	1.602	-2.123	-0.0093844602977361	-0.0159708576276248	0.000797209584073	0.1045464171075393	-0.0035614540081462	0.0003244987857341	-0.0452839072504485	0.0325476007816471	0.1008547359134539	-0.0135102162677145	0.0332612325492043	0.0552064425211915	0.0807576760398743	0.0094700436872357	0.0141731247882826	-5.095628	10.75895	22.153688	25.671194	-3.6474617	10.46691	21.506163	25.506376	2.6746576	3.9432628	2.15705	0.92312855
2020-10-24 15:55:00	2020-10-24 16:05:00	20.762123663401702	-1.1543481070096755	20.657417274798195	-1.732741170502549	136.138	-3.597	1.828	-1.91	0.0116410354808513	-0.003703586337297	0.0153063828233805	0.0835004627948836	0.0009316115023238	-0.0232714936339641	0.0108463664555901	0.0073504775158517	0.0740736719711406	0.0022608419966723	0.0740126036258039	0.0331705352671031	0.0567170999709309	0.0566230311930531	0.0079195004546485	-6.5854006	3.7656815	-9.428296	14.643954	-6.655848	5.154337	-9.949919	14.428583	4.27316	4.884996	5.6347976	2.422645
2020-10-24 16:55:00	2020-10-24 17:05:00	21.39188247535477	-1.5015126614158605	21.30655600483743	-1.177537121125234	139.906	-2.92	1.778	-2.265	0.0533679720533826	-0.0337050466232384	0.030771757955561	0.0702215899609297	-0.0063237158048404	0.0533679720533826	-0.0337050466232384	0.030771757955561	0.0702215899609297	-0.0063237158048404	0.0	0.0	0.0	0.0	0.0	-7.899387	7.4153805	-6.617923	12.695869	-7.899387	7.4153805	-6.617923	12.695869	0.0	0.0	0.0	0.0
2020-10-27 08:25:00	2020-10-27 08:35:00	7.478156188835233	-5.398319541892815	0.1144745442311141	-5.172949801550063	153.44	2.015	1.683	-3.363	0.0428684701083389	-0.046185725337515	0.0440123051452104	0.1005091300922943	0.037278189596265	0.0529578536303833	-0.0433217678962944	0.0524223233064275	0.0962208552850795	0.036981591209701	0.0359336907819363	0.0493107617105405	0.0317257136861061	0.0231328119614887	0.0273118790035442	-113.96257	-7.467155	-11.86931	114.82751	-114.01073	-7.534406	-11.870729	114.8578	2.0123847	0.96956563	0.57066053	2.016906
2020-10-30 20:35:00	2020-10-30 20:45:00	7.201548922914179	-5.101933673559224	1.6350375386852776	-4.811728246079413	203.734	3.668	-0.675	-1.493	-0.055339229350984	-0.0775944604052375	-0.0559685925961932	0.1137658084638696	0.0193242431554398	-0.0594127453522034	-0.077205975716577	-0.0593826228269647	0.1147554094546132	0.0149239936013413	0.0187652738594324	0.0195161826981389	0.0188291889989145	0.0189923674402394	0.0185631589073988	-127.45193	35.677624	-24.85001	134.67053	-127.29768	35.18006	-24.876318	134.47707	3.4114006	0.96180606	0.7958015	3.3841422
2020-10-31 06:50:00	2020-10-31 07:00:00	12.537587023275355	3.588564895698962	11.951542510641318	1.2117307185321116	143.177	0.26	3.288	-4.39	-0.0009134959377321	0.0047480746333264	-0.006609890327848	0.0747873723678384	-0.0171216955142415	-0.0009134959377321	0.0047480746333264	-0.006609890327848	0.0747873723678384	-0.0171216955142415	0.0155969540175901	0.066008101758428	0.0304728798135795	0.0016879420970553	0.0157021672410881	-11.867405	21.691364	28.385319	37.698647	-11.867405	21.691364	28.385319	37.698647	1.2425385	1.5489092	0.44231796	0.16703224
2020-10-31 08:15:00	2020-10-31 08:25:00	14.089603180047147	3.3375178311125677	13.688425780055	0.0317288387022903	140.956	0.01	3.43	-4.21	0.0073867179522568	-0.019445561785578	-0.0210056680301113	0.1169298052843862	-0.0023470865996982	0.0186822469373514	-0.037492968400357	-0.039036258654223	0.1130649452913632	-0.0024203036727579	0.0571183817723051	0.0713255821614219	0.0804677390088515	0.0450139692646503	0.0255028468974213	-12.285191	18.541191	22.93349	33.135372	-13.615944	18.629036	22.732416	33.88603	6.0980268	5.1863365	5.3899508	3.9786444
2020-10-31 08:45:00	2020-10-31 08:55:00	14.602860717315991	3.237211726746063	14.23506412717645	-0.3517110736060565	165.432	1.1	1.422	-5.302	-0.0214909710618495	0.015810980864056	-0.023184620920646	0.1434677676376322	0.0005052450784926	-0.02276475168952	0.0172860777396469	-0.029173104930724	0.1262326812368441	-0.0003171039434691	0.0902527646166203	0.0896543106374381	0.0845771755317346	0.0632702995655655	0.0430815500907706	-12.770167	14.123429	4.714242	25.914394	-13.262907	15.364893	9.412167	26.64183	7.1773453	6.935498	14.995741	6.1403856
2020-10-31 09:15:00	2020-10-31 09:25:00	15.09971388366676	3.132132485173793	14.754363524259569	-0.705138943010731	160.012	0.747	1.925	-5.303	-0.0120653701557924	0.0145178941598999	0.0025292023399665	0.1045952910981909	-0.0018254967923401	-0.0299472357222481	0.0222969234329759	0.0083221990693181	0.096428673110344	-7.718783064591364e-05	0.0715461472645712	0.0691192677015535	0.0523433626270063	0.045373079237589	0.0235429411197363	-15.805325	15.648963	7.4289117	26.960161	-15.70219	16.308289	10.214806	26.892786	4.3563747	4.5366573	12.214313	3.433
2020-10-31 10:35:00	2020-10-31 10:45:00	16.350626585887046	2.8331271860502127	16.037276392181983	-1.4563058330816203	142.36	-0.132	3.815	-4.923	0.0622893405448674	-0.0538636362379569	0.0171031262689771	0.0841057083821425	0.0091420909436916	0.0622893405448674	-0.0538636362379569	0.0171031262689771	0.0841057083821425	0.0091420909436916	0.0	0.0	0.0	0.0	0.0	-15.621335	16.093716	-15.999017	27.549997	-15.621335	16.093716	-15.999017	27.549997	0.0	0.0	0.0	0.0
2020-10-31 12:00:00	2020-10-31 12:10:00	17.57311767956989	2.493066482895205	17.29295947985685	-1.8846733586436475	214.253	2.395	-2.382	-3.533	-0.0156684281648774	0.0235289551475496	-0.0039237906775306	0.0528067053053101	0.0059169505894593	-0.0302558744546343	0.0256294359702817	-0.0226435579169438	0.0618114850373086	0.0063411497769082	0.0214733679792595	0.022241833296271	0.0367443462671723	0.018218425917905	0.0044812780337695	7.7774787	-8.828534	-14.324939	18.658976	7.033196	-8.1415205	-14.401415	18.629953	1.5157931	1.3608122	0.97549784	0.7613544
2020-11-07 19:35:00	2020-11-07 19:45:00	22.632814006852552	3.1855346756771445	22.340015125577143	1.7376088563309209	224.747	1.235	-2.958	-2.983	-0.0029134524684993	-0.003982095216412	0.0344506106150809	0.0953505572716079	-0.0016902124088367	0.0116169097831466	-0.0048410791118062	0.0455092462429592	0.0871425087988908	-0.0011533983570473	0.0485404072554125	0.0345022196539779	0.0769048579474762	0.0397541514918714	0.0049162296742746	6.757167	-6.737703	-5.126154	11.37063	6.9874396	-6.5403066	-4.7127247	12.25174	1.9801251	2.4027817	2.7467124	2.2980058
2020-11-16 23:20:00	2020-11-16 23:30:00	17.872696466273496	-4.114817233785421	16.18854028852412	-6.358540175901371	205.338	2.317	-0.318	-0.702	-0.0006049624188493	-0.0118439124834858	-0.0072236015398339	0.0860719905678116	-0.0074493378723469	-0.0019468018110849	-0.0305081025434659	-0.0138376338308291	0.085974076498724	-0.00884268573936	0.0518147041480349	0.0603186116325233	0.034939907489079	0.0181199534192141	0.0386620397198119	-15.6182165	11.42159	7.175045	21.108137	-16.496246	11.746471	6.815479	20.881962	3.1802244	2.2388623	3.368797	2.6046844
2020-11-18 05:50:00	2020-11-18 06:00:00	21.523622050329816	7.308347675566324	20.24452039171139	-0.0797171775556352	137.01	0.408	2.863	-3.068	0.0032089170652771	-0.0050857541362817	0.0090580635958218	0.0751380352509336	0.0053342378375351	0.0105127249930277	-0.009120421848104	0.0224286964918193	0.0755314728003631	-0.0019923714780704	0.0434488884189017	0.0390592556385722	0.0459940106532305	0.0011690125957176	0.0110981329133584	0.0905292	2.63615	-3.223892	4.2744355	0.3133026	2.5345488	-3.4261549	4.210381	0.9074582	0.31521046	0.343639	0.34797704
2020-11-20 06:35:00	2020-11-20 06:45:00	21.38388220619501	-1.8667980355854252	18.390753127979536	-10.749836061523238	197.957	4.355	-1.05	-3.25	0.0065205551344883	0.0141729547112135	-0.0113354339248023	0.0656328200414344	0.0030268675192807	-9.207947265980668e-05	0.0119992340479303	0.0018909258068647	0.0709012960583991	0.0018773786272723	0.0262881921815941	0.0439793908217497	0.0447758073177931	0.0263504092258358	0.017346837322447	0.7712726	-3.7500715	-14.727175	16.535646	1.9449797	-5.8796296	-15.147094	17.180088	4.5622134	4.5080733	1.9822547	1.7849131
2020-11-20 07:35:00	2020-11-20 07:45:00	20.75622449294855	-2.0974593880725365	17.2726475630302	-11.316908935374878	203.833	4.598	-1.115	-2.52	0.0055736072316807	-0.0053989352231373	-0.0017716899187055	0.0794559226557806	-0.0042887399660905	0.0044718968290001	-0.0043314702874615	-0.0065852009141457	0.069715990386542	-0.0018284039905005	0.0326152842187207	0.0671799082282669	0.046333815912689	0.0383904697869222	0.0202108704975611	6.2639995	-7.247249	-12.1186	15.92418	6.1502914	-7.0075054	-12.050173	15.518562	1.9766984	3.360394	2.857613	2.8994431
2020-11-21 11:10:00	2020-11-21 11:20:00	16.511263546774234	7.928410634319575	14.452433003733772	0.9425449976744082	164.666	-1.237	1.485	-5.368	-0.0033544921221019	0.0007085929532813	-0.0075429236802982	0.1104668307998145	-0.0036705528076736	-0.0051242256658136	0.0090174011718378	-0.0188491827899321	0.1065618158756154	-0.0038547111833371	0.0465966765621321	0.0716443230551674	0.0744345390805871	0.026653135141503	0.0304243290104731	-5.387469	6.254047	-17.955341	20.285812	-5.3779397	6.8250036	-18.306072	20.487549	2.6688244	3.2457662	2.9631052	2.3357437
2020-11-21 11:40:00	2020-11-21 11:50:00	16.950489449461138	8.000273904373104	14.92018235976233	0.8379795508302346	165.093	-0.685	1.538	-5.777	-0.005983478397194	-0.0113095366449196	-0.0131854636369442	0.2247841334887401	-0.0019897849606005	-0.027451633231077	-0.0157452477367272	-0.0085169585587321	0.1827983987109717	-0.0001422187437106	0.1302128970093876	0.1666849112793566	0.1437094165669099	0.1232936008950825	0.1195329888393093	-2.172872	4.9804707	-15.960241	18.133537	-1.5222989	4.7902985	-15.571674	17.481907	4.378006	4.809379	7.189115	7.029303
2020-11-21 12:10:00	2020-11-21 12:20:00	17.376767896214925	8.06429979415391	15.372462575920038	0.7784812813021382	164.651	0.788	1.63	-5.923	0.0010123200588384	-0.0285532521792867	0.0033351471935697	0.2247136650842633	0.0090059767302549	-0.0021142627866179	-0.0387757969052951	-0.0066452869834503	0.1745713434943393	0.0016670636739405	0.1194675843451351	0.1728657081206389	0.1533652701823892	0.1341907887470109	0.1258024222889808	0.75918245	3.0543952	-16.913757	17.94151	1.0258436	2.5897179	-17.947685	18.710526	3.2214153	3.693927	7.9553103	7.8353486
2020-11-27 08:30:00	2020-11-27 08:40:00	20.26461676784172	0.0546022559506108	17.00644000770311	-11.019507440146077	157.397	-0.607	1.93	-4.65	-0.0291626788940153	0.0343925166135649	-0.0684736932575799	0.0819875216580116	-0.0041646989121805	-0.0291626788940153	0.0343925166135649	-0.0684736932575799	0.0819875216580116	-0.0041646989121805	0.0	0.0	0.0	0.0	0.0	-8.547087	0.7415503	-18.779104	20.646	-8.547087	0.7415503	-18.779104	20.646	0.0	0.0	0.0	0.0
2020-11-27 12:35:00	2020-11-27 12:45:00	17.176346287267506	-1.2496054094557631	13.71237010445897	-10.268183581501823	168.344	-2.1	0.728	-3.53	0.0191402269426255	0.0181675348908549	0.0282319396146772	0.0857594970698545	0.0033416483727959	0.0279088264439955	0.034168974490039	0.0611627078854732	0.0822601824660904	0.0004957647593139	0.0254360613857247	0.0360344144531955	0.0637005721411716	0.0119161161069229	0.0154390849485587	-9.810644	-0.6049539	-17.48426	21.09869	-10.045132	0.32170737	-18.32621	21.032722	3.5971124	5.079021	2.6506715	1.7091362
2020-11-28 09:25:00	2020-11-28 09:35:00	14.592090084762788	8.89713162484386	11.25849058328379	2.6483828516809083	165.498	-1.265	0.522	-2.218	-0.0122120517357619	-0.0077169604129419	0.001911267391391	0.1304778173807504	-0.0004288608837902	-0.0062556582571522	-0.0321015994302351	0.0003714896458843	0.1205574464563237	-0.002776279088998	0.066145264052612	0.0929213066865981	0.0763778066321617	0.0450667542550299	0.0464229536675228	2.9180293	0.49418476	-12.238374	14.329085	1.8968364	0.42551148	-11.898584	14.355997	5.270494	4.5552464	4.317124	4.5144405
2020-11-28 13:00:00	2020-11-28 13:10:00	17.833475485375093	9.944556430503344	14.676677692065104	1.9322053100422811	155.894	4.247	1.385	-3.093	0.0010257160912913	-0.0012137583080688	0.013375585861098	0.1715968988854735	-2.104511215618372e-05	0.0071128221846845	0.003413296144316	0.0151935923093087	0.155976851026634	-0.0010725085930484	0.0926754207494616	0.1062343060366968	0.1139298560360287	0.0599200248608514	0.0337171971678909	3.9177809	1.48534	-9.567414	15.386767	4.487159	1.673326	-10.635536	15.950518	7.247626	7.490464	6.668985	5.0446568
2020-12-07 15:15:00	2020-12-07 15:25:00	23.48769025289148	6.122311793740732	21.382819678995272	-7.547284824115251	188.258	0.483	-0.51	-3.325	-0.0006375611371639	-0.0185192236564718	-0.0049087435761046	0.0779327205838693	-0.0062239089541064	-0.0042222724701745	-0.0353210887665414	0.008424378597257	0.0722112309930606	-0.0085758332452765	0.0405279890512938	0.0526273343291699	0.0494651223581394	0.0339544916023825	0.0146677224112314	-2.3164456	-5.106115	-7.1168456	10.048498	-1.7187858	-5.5779133	-8.092558	11.292049	2.5065556	2.6277266	3.8665555	3.04196
2020-12-07 16:50:00	2020-12-07 17:00:00	22.67833288429371	5.491517552578439	21.08162704549488	-6.301782475744808	166.533	-0.018	0.648	-2.647	0.0191058754622952	0.0095296923378752	0.0090863144599116	0.043450897878697	-0.0010217439509988	0.0241520002631757	0.0162908793520152	0.0090535595611686	0.0419778302349829	-0.0052441600016293	0.0317424846230418	0.0147432743960598	0.0157073128112748	0.0110498526210775	0.0074412904576287	-4.1359954	0.53288996	-4.6093516	7.273172	-4.443085	0.9384689	-3.7915514	6.78037	0.93508404	3.0678213	2.5513787	1.5915298
2020-12-08 09:00:00	2020-12-08 09:10:00	8.047642989371521	-2.109710362485929	4.667790750885504	-6.206305310610722	151.859	0.322	1.85	-3.443	-0.0601622952228882	-0.0240157229660574	-0.0371477119071781	0.0766757082304162	0.013910414882906	-0.0611159091348534	-0.0236078167635478	-0.0369185655609995	0.075202818064237	0.0108451420391661	0.0050000724731026	0.0126000425219755	0.0124235637075778	0.0059288881638356	0.0111126817100948	-74.635025	66.42211	-41.905357	108.34452	-74.589935	66.17676	-41.77709	108.112656	1.3430315	1.0650624	1.1619211	2.0244737
2020-12-08 09:30:00	2020-12-08 09:40:00	7.268386439549505	-2.3068660538265826	3.783635553653877	-5.760531440064093	135.703	-1.187	2.96	-3.037	-0.0805412650978365	-0.0284587083987084	-0.0538259352563824	0.1039424977054676	0.032722546287032	-0.0801517394815939	-0.033361309908914	-0.0493912887838258	0.1041133944465692	0.0359394810833858	0.0070839983381019	0.0204706746778991	0.0155252847577793	0.0100123905880951	0.0130135837452381	-99.95487	77.878944	-58.94883	139.75578	-100.50792	78.05287	-59.12563	140.32083	2.6439686	1.349907	1.8361683	3.4026093
2020-12-08 21:10:00	2020-12-08 21:20:00	14.066273252179498	10.176129164353563	7.066563235715454	6.661011080137013	215.714	4.39	-1.647	-2.42	-0.0111121485537749	-0.0129329852031387	-0.0181889063087237	0.1084707134847042	0.0027491458876166	-0.0162933655979141	-0.0242295877405334	-0.0168464107755544	0.1065395957682318	0.0028085278855042	0.0747083001449158	0.0631703396435151	0.0536799022088564	0.036180608106343	0.0342434902486548	10.225931	-7.7895265	-15.996268	21.0108	9.56638	-7.9385138	-15.570833	21.106361	2.246799	3.5192873	2.3794615	1.6639465
2020-12-08 21:40:00	2020-12-08 21:50:00	14.580847680117678	10.473637396757498	7.532751721678704	6.794156183598325	201.984	4.438	-1.198	-2.968	-0.0516159119687453	0.0140682186576345	-0.0494532444413179	0.0728542416770432	-0.0095430703820162	-0.0516159119687453	0.0140682186576345	-0.0494532444413179	0.0728542416770432	-0.0095430703820162	0.0	0.0	0.0	0.0	0.0	12.731502	-11.641724	-12.701775	21.423256	12.731502	-11.641724	-12.701775	21.423256	0.0	0.0	0.0	0.0
2020-12-09 01:10:00	2020-12-09 01:20:00	17.763573710056534	12.15221939879912	11.015162867248607	6.8213666600908	200.346	5.41	-0.435	-1.068	-0.0551866699445952	-0.027606605108182	-0.048955079001038	0.0787673342520277	0.0119740902528179	-0.0551866699445952	-0.027606605108182	-0.048955079001038	0.0787673342520277	0.0119740902528179	0.0	0.0	0.0	0.0	0.0	0.051547825	3.172273	5.2157817	6.1049447	0.051547825	3.172273	5.2157817	6.1049447	0.0	0.0	0.0	0.0
2020-12-09 01:50:00	2020-12-09 02:00:00	18.29767308788638	12.406340206217996	11.729155743214829	6.581069464538662	220.413	5.003	-1.715	-1.737	-0.0028898550589172	-0.0042964342641072	-0.0058172388807436	0.0891870908549475	-0.0050097909076777	-0.0067782252580938	-0.0079115939178636	0.0041841904276886	0.0867262019042326	-0.0043755114485311	0.047476480842624	0.0340660972287426	0.0691223579558858	0.0172837867857165	0.0393038487448777	2.7900128	3.101827	4.0539923	6.1649847	2.8193822	3.3270988	3.824795	6.160639	1.0708838	1.4324298	1.10375	0.50024223
2020-12-14 17:10:00	2020-12-14 17:20:00	22.514504467271745	8.021743433908858	20.44445962627148	-4.9574464312748745	182.979	3.398	-0.098	-1.827	-0.0335464436430191	-0.0446062173347425	0.0427064475188985	0.0702774442171383	-0.0164482951599749	-0.0335464436430191	-0.0446062173347425	0.0427064475188985	0.0702774442171383	-0.0164482951599749	0.0	0.0	0.0	0.0	0.0	3.7660065	0.24141532	-0.75489116	3.8484993	3.7660065	0.24141532	-0.75489116	3.8484993	0.0	0.0	0.0	0.0
2020-12-15 20:50:00	2020-12-15 21:00:00	13.689896982883017	10.753355311285189	5.102019793091507	6.763650603609768	168.547	2.827	0.232	-1.2	-0.0130982892865534	-0.0522669717690657	0.0057220922743024	0.5438178350727197	0.0189011437692077	-0.0039162284200272	0.0083173927888915	-0.0088080383051499	0.5099893119732524	-0.0011823114023666	0.3279190146727566	0.3869945490397318	0.3080148624595488	0.2436536943765682	0.36927488754386	5.7772045	2.776742	-11.016939	15.181307	5.9425993	2.9078345	-11.277542	15.37857	6.0895386	5.7756324	6.1846805	6.377923
2020-12-15 21:20:00	2020-12-15 21:30:00	14.217188453528898	11.128456078157448	5.515790080341439	6.918155802422899	167.443	3.183	0.267	-1.192	0.0170810930637819	-0.0233832436647642	0.0344832076643584	0.5100580353030632	-0.0049685849112523	-0.0326844551597829	-0.0277269065572476	0.0223934484420259	0.4413560258241224	0.0093569708753956	0.3587191967812332	0.3323064087183923	0.2878913507243748	0.2526991754927882	0.254078613640997	6.753495	-0.9249755	-7.690455	12.804149	5.756195	-0.4924516	-7.4598684	11.318609	5.578246	5.789447	6.22707	6.7136507
2021-01-02 13:00:00	2021-01-02 13:10:00	17.028209008860255	15.102410762195383	5.183023272762301	5.917166210962105	159.664	2.797	0.692	-1.838	0.0365006992556686	-0.1434764503702537	0.0550091819212005	0.1579360723604345	-0.0205332288950674	0.0365006992556686	-0.1434764503702537	0.0550091819212005	0.1579360723604345	-0.0205332288950674	0.0	0.0	0.0	0.0	0.0	3.3389494	-9.027591	-8.342206	12.737283	3.3389494	-9.027591	-8.342206	12.737283	0.0	0.0	0.0	0.0
2021-01-12 00:25:00	2021-01-12 00:35:00	18.4775688004434	12.41368496516455	13.63046024081672	-1.2368462703082943	190.23	-4.71	-0.53	-2.877	-0.0566211317917582	-0.0120790363072618	-0.0562665935217108	0.1875286624234434	-0.0735954667288627	-0.0785926389462629	-0.0025697163800756	-0.0226709028753761	0.1365928315855991	-0.063229448364113	0.1252219267721054	0.0760971998596438	0.1361398597696879	0.1065652954240301	0.0738601311182157	-4.882428	1.2785994	2.6108985	6.6724386	-4.8829527	0.94863844	1.5222313	6.400112	2.3588767	2.995649	2.2739189	2.7344456
2021-01-19 02:05:00	2021-01-19 02:15:00	17.625119545763514	12.825616551898158	11.9162877935312	-2.036605247472403	203.057	-1.492	-2.277	-5.362	0.0197203856392721	0.0075068522597511	0.0011106681474885	0.0809300141594372	-0.0264866878578515	0.0197203856392721	0.0075068522597511	0.0011106681474885	0.0809300141594372	-0.0264866878578515	0.0758422108604127	0.0166398282956175	0.0220783406483294	0.0203270950257313	0.0181980326159924	-2.9268546	-3.1531758	-3.9656854	5.901744	-2.9268546	-3.1531758	-3.9656854	5.901744	0.4882152	0.04099381	0.6292311	0.20259404
2021-01-29 20:40:00	2021-01-29 20:50:00	11.298615972699688	7.327363862881728	8.16449959075885	-2.70305193933418	222.393	-1.722	-1.537	-1.713	-0.0668180752026725	0.1021738720136652	-0.0216992446873889	0.1316086096194191	-0.0311025652428928	-0.0668180752026725	0.1021738720136652	-0.0216992446873889	0.1316086096194191	-0.0311025652428928	0.0520004655960759	0.0033245967122175	0.014748657833186	0.0314135426765166	0.0077524328819885	2.9733093	20.729525	29.239933	35.966198	2.9733093	20.729525	29.239933	35.966198	0.1629796	0.15881538	0.053798676	0.12179947
2021-02-05 16:00:00	2021-02-05 16:10:00	16.487535867429198	14.047162910267298	7.528720136651881	-4.222868401507231	142.602	4.637	0.458	-0.613	0.0172026849369104	-0.0056966104616541	0.0028616976312194	0.1503134927623582	0.0049775072777158	0.0122766889947425	-0.01043816388007	0.006840219869898	0.1385082868631914	0.0023303676849858	0.110515408837805	0.090358151284067	0.0816301135749128	0.0691675753732784	0.0791389589091158	4.1864524	-0.98396266	-0.7658566	13.021676	4.038896	-0.62701064	-1.8622844	12.798959	5.0874143	7.0904636	9.808971	4.6786118
2021-02-05 16:30:00	2021-02-05 16:40:00	16.0316796985412	13.51362424629203	7.596803998560698	-4.0845274641213605	168.415	4.608	0.205	-1.072	0.0079577014716376	0.003260134974576	0.0052009813042647	0.142091329040671	0.0024961125492164	0.0139952104721425	0.0064998023300267	0.0033315805835695	0.1255756825562147	0.0041876097293086	0.1129692087399777	0.0837844736844953	0.0754257766938088	0.0733620191552557	0.0907833721790152	2.8431118	-0.801206	-0.16803566	11.227731	2.2984123	0.069296494	-0.5200829	10.874102	4.104182	7.1022935	8.667658	5.0106583
2021-02-05 17:00:00	2021-02-05 17:10:00	15.561509742367669	12.963680096471371	7.654864372090503	-3.937590006051429	171.95	4.295	0.222	-1.547	0.0156431365033809	0.004184623648226	0.0020684240606278	0.1289771037600722	0.0121701918571953	0.0217101676787558	0.0038314411985329	-0.0003458047805215	0.1214881126589553	0.006399176519708	0.0955962042296797	0.0787755102788017	0.062438262484838	0.0536111535357392	0.0786666733289865	1.9810071	-1.7458006	-3.2727413	11.854605	1.6851484	-2.8594863	-2.8746033	11.090807	4.633906	7.8956323	8.345339	5.5326457
2021-02-05 17:35:00	2021-02-05 17:45:00	14.993932047479367	12.3002638502778	7.706498190978285	-3.758890955424784	178.046	4.052	0.063	-1.953	0.0075588886935139	-0.0012250455657888	-0.0014617910045302	0.144104989141561	0.0018454933005703	0.0152852430322206	-0.0009615673279119	-0.0032452870415335	0.1298850408883965	0.0017098042996687	0.119103950192465	0.0840029770453879	0.0506235505217564	0.0556733459003201	0.0655443223769628	2.4490056	-2.820501	-2.3223464	9.00576	1.6777884	-3.010401	-2.7653642	8.986028	3.5625226	4.5149446	6.4264402	3.5521607
2021-02-05 18:25:00	2021-02-05 18:35:00	14.14506989220626	11.309002383582303	7.742627087909276	-3.4984145813223115	187.644	3.632	-0.305	-2.28	0.0059350930949512	0.0026472983034727	-0.002135982500424	0.1154595757736665	0.0022298893302644	0.0081415751494351	0.00082211055482	2.8108285856281885e-06	0.1041411136302541	0.0020233707389669	0.1017643837052731	0.064453114490225	0.0432001554085931	0.0556087177292472	0.0740768994318189	0.8116465	-4.074466	-13.469615	15.007771	0.5565607	-3.9865203	-13.669258	15.117044	3.8750038	3.4176676	3.4902883	3.5122163
2021-02-12 21:45:00	2021-02-12 21:55:00	10.958933330317151	8.182448054421672	6.648314263394568	-2.990379810128362	199.006	2.685	-1.115	-3.297	-0.0220678622910769	-0.0098590065720576	0.0057303240330608	0.3423345457048161	0.0032159091030119	-0.049347791121651	-0.011653375832103	0.0043875380040551	0.31526754626127	0.0022428503131122	0.3226073451481179	0.1770334519556054	0.0798258825504523	0.1587847592405519	0.2147274211539745	7.657752	7.1846194	26.821646	30.814713	7.8073773	3.0105512	26.839634	28.880604	3.4718273	12.700713	6.6682525	9.896533
2021-02-13 09:45:00	2021-02-13 09:55:00	11.635323202846989	8.42560288687765	-6.561903802959546	4.618287688209137	171.682	-6.805	0.803	-5.498	0.0099768567154366	-0.0030921112657614	0.0085889555702616	0.2913848892623238	0.0038455918417742	0.0217852231011025	0.0062375622829481	0.0123972368706319	0.2583382699708532	-0.0053538444111401	0.2060992454177027	0.1792089205639074	0.175932514859453	0.1443007319647767	0.1707214338368561	-4.9383736	-8.556532	-16.526712	29.521082	-3.6623826	-9.380598	-19.064154	30.000143	13.973874	13.719723	14.781635	10.061637
2021-02-16 08:15:00	2021-02-16 08:25:00	12.867185111213672	10.628304575088109	5.207495750654461	-5.048096671112448	143.084	2.93	4.225	-5.637	-0.0231356376919979	0.0017547168894868	0.0020593117004051	0.105911994190399	0.0051624458104538	-0.0645261172994774	0.0015993926965846	0.0019265072393994	0.0995833056962546	0.005251350439053	0.100136477495156	0.0357650633587702	0.0302831841652495	0.0393541883342943	0.0684317917921105	-4.0766077	16.337807	-26.72893	31.975988	-4.1430383	16.57508	-26.258099	31.664547	1.7836348	4.0103173	3.8881004	3.1457639
2021-02-19 21:40:00	2021-02-19 21:50:00	11.22924510738189	8.92718815283693	5.914431733778774	-3.3789689763882778	211.049	4.33	-4.532	-7.58	-0.0088925401242511	0.0008218260356618	-0.000698259006714	0.1491166158323298	-0.0036254630798	-0.0235970198317155	0.0029255730847019	-0.0002045657031388	0.1379408783440948	0.001141658011507	0.1450997554019952	0.0646901582918835	0.0430919535979281	0.0702861805668931	0.1183088015367386	0.76932245	-16.054964	-30.355898	35.394325	0.455937	-14.919004	-31.386272	35.141487	3.4913907	6.3276496	5.287711	2.6953037
2021-03-05 21:55:00	2021-03-05 22:05:00	11.556948282427667	9.81654333324421	4.175407283634687	-4.445358004866854	221.46	2.013	-2.337	-2.652	0.2111748461879496	-0.071721608608417	0.0387795530365503	2.279631337499258	-0.0810879094443872	0.3925028947249533	-0.1025698764962119	0.0335046840990634	2.161995406342638	0.0262004273644216	1.9785687808102768	1.415262374104309	0.7932713261320556	1.183851776382789	2.0347644012688737	0.26992622	-7.385285	-3.0274155	15.284791	0.22837503	-6.694181	-2.0171385	13.663428	7.9348817	8.216119	10.335098	8.211998
2021-03-12 22:30:00	2021-03-12 22:40:00	11.52170967275366	9.805905805057256	3.3147583335863047	-5.059963917234483	219.978	-1.19	-5.342	-6.313	-0.1110039001073875	-0.0971203926461544	0.1398687550381592	3.04683062119065	-0.0938837046868961	-0.2673229443514374	-0.1019122019525296	0.071739542248736	2.696095587194325	-0.1010612465702276	2.647728723989088	1.729023529378103	1.2693226325756684	1.5392564365519277	3.052772553489701	-4.1101317	-19.69103	-22.629213	32.68117	-4.022256	-18.312012	-22.702198	33.39202	8.537043	10.832942	12.429731	13.906259
2021-03-12 23:00:00	2021-03-12 23:10:00	10.894680632928813	9.130861608392584	3.514320237808937	-4.79246023036395	224.834	-1.197	-6.132	-6.168	-0.012853426545346	0.0119611877834385	0.003944490790001	0.4869367435363523	-0.0105787030230289	-0.0623277577690966	0.0173343048309236	0.016497121236492	0.4502214536193623	-0.0049354441257411	0.4461202706234969	0.1916164037920794	0.2050084034788474	0.2024476103817716	0.3795383877843036	-3.5419452	-23.158165	-23.039476	33.351723	-3.7396586	-22.932964	-22.851257	33.742416	3.1385217	4.956391	4.6242394	4.8089156
2021-03-19 18:05:00	2021-03-19 18:15:00	16.240035294065198	14.282412942663235	-0.939683417921764	-7.672341417612647	143.802	1.917	1.378	-1.883	0.004954385007066	-0.003667639650189	-0.0037056087734396	0.0340001830415457	-0.0076559773821975	0.0067394323648288	-0.0021947764676827	-0.0074621100809558	0.0227464754202381	-0.0030236196169984	0.030992829519894	0.0170218841442851	0.0137142870954047	0.0182783558596206	0.021764051927679	1.8520793	2.7101045	-2.4969547	4.498154	1.6245245	2.966835	-2.8815649	4.313141	0.7084148	1.2388908	1.226265	0.56274456
2021-03-19 18:35:00	2021-03-19 18:45:00	15.779449076034	13.85788409845816	-0.4873602618036951	-7.530537903139957	143.771	1.98	1.288	-1.757	-0.0193171934977547	-0.0198929396035307	0.0128941924301007	0.0790642507528645	0.0094300281436807	-0.0540046515208549	-0.0237099196971091	0.0254782544378859	0.0786132103176081	0.0045315231192974	0.0599535990212945	0.0320101661560439	0.0284524886973967	0.0106120849992476	0.0330261810741623	3.7188108	-0.678417	-0.32644698	4.261636	3.8705535	-0.8329134	-0.30963087	4.3141575	0.90408707	1.7565356	0.56959486	0.6797469
2021-03-19 19:40:00	2021-03-19 19:50:00	14.73074617959582	12.87702282141076	0.4390933574608753	-7.14009867515571	165.32	2.183	0.455	-1.738	0.0104224235329687	-0.0078952596863761	-0.003763132271007	0.0491975978765412	0.0066054254672374	0.0085648537433255	-0.007698608451486	-0.001080951178655	0.0578362231181109	0.0017541949920289	0.0400406303342105	0.0294330535894789	0.0254487050407592	0.0296970179461971	0.0406490424487137	3.5189424	1.2703842	-1.3443285	4.9703994	4.1509933	1.7185545	-0.4036721	5.2483277	1.5542089	1.6139234	2.1257665	0.79898244
2021-03-19 20:10:00	2021-03-19 20:20:00	14.22158496347622	12.39360272376957	0.8361263941129078	-6.924573657632901	164.639	2.415	0.602	-2.162	0.0066942505342954	-0.0039908429851709	-0.0038593803332736	0.0466303061442099	-0.0020390810095627	0.0085328650801635	-0.0039489342071411	-0.0022291784111526	0.0403184867602033	0.0009513951888666	0.037235170365434	0.0338530917144054	0.0186007014586393	0.0279235565235266	0.0422523639051803	2.5718637	2.7567258	-1.8477201	5.106976	2.5135698	2.898939	-1.7277037	4.8581195	1.786041	1.891583	1.7173138	1.1243142
2021-03-26 19:15:00	2021-03-26 19:25:00	15.440462202567725	13.001821662817756	-1.4378107500007944	-8.203021132157826	176.302	0.633	0.048	-2.87	0.0081303948520285	-0.008805045769989	0.0114697588568015	0.2382870942981585	0.0387151273420743	0.0095901352438711	0.0085557842405327	0.0092204401809811	0.1955305692060819	0.0527771637972957	0.1740231026001497	0.1993335388927432	0.1383047656376263	0.1806669764367604	0.1647803436657054	1.2744113	-0.8205127	1.5667267	10.234418	1.3783647	2.3157783	0.08912243	8.622548	3.259422	8.631881	7.9832864	6.99105
2021-03-26 19:45:00	2021-03-26 19:55:00	14.954792367277143	12.591682810785978	-0.9653079508415848	-8.009995243391264	184.81	1.695	-0.288	-3.56	-0.0370720577796548	0.0094159974608091	0.0415360587103752	0.1174878206310828	0.0217211092319482	-0.0561715179347746	0.0500938408960472	0.0401819839793681	0.1105137931855831	0.0110462106307205	0.0589517508875798	0.0869591412614423	0.0289773999655352	0.0355210577425788	0.0595628531416255	1.6930887	-0.21254463	-1.4341553	3.726842	1.3930124	-0.016835868	-1.242912	3.334197	1.47214	1.9758065	2.1344056	1.3060898
2021-03-26 20:15:00	2021-03-26 20:25:00	14.45333108875129	12.16303110785846	-0.5136246591193903	-7.790526395754928	186.087	3.493	-0.275	-2.623	0.0192812456478763	-0.0231267667649886	-0.0079563438262362	0.1921295171586499	0.0088475623503485	0.0102990986611089	-0.0392216570238739	-0.0072431262395709	0.1586198562952284	0.0205090654995149	0.1433361528015696	0.1363253190244752	0.1090635570694391	0.1228041962064812	0.1332344555692352	1.7737497	1.8265834	0.0338107	10.05244	1.9543213	1.3053175	-0.49579412	9.875788	5.1155896	6.688552	6.6913443	4.594808
2021-03-26 21:45:00	2021-03-26 21:55:00	12.844918076819065	10.751874667335793	0.7035340210018637	-6.992220600646054	188.764	3.333	-0.527	-3.272	-0.0121346579538359	0.0089964848755824	0.0092268295230713	0.2778405165689051	-0.0023121711939235	-0.0301967253830312	0.0057698166195931	0.0092673675463201	0.2455891876356034	-0.0049924925619377	0.2092317133229581	0.1703235532366	0.1260412209173339	0.108592727275258	0.1495407945371768	5.2826567	8.011138	9.261757	14.829599	6.072357	7.1071787	9.643654	15.456661	4.318575	4.9460974	4.8310666	4.9397473
2021-03-26 22:15:00	2021-03-26 22:25:00	12.270447788457048	10.23396661648658	1.0621709227709055	-6.685704507334809	170.497	4.237	0.372	-2.327	0.0260111778227937	-0.002452200551904	-0.0232260670787374	0.6213099420992431	0.0007917278651682	0.0841147545084845	-0.0146651964307456	-0.0498841499629343	0.54168702199681	-0.0108796869265132	0.4464726499075543	0.4078836127884687	0.2748804280650714	0.2376175901105407	0.3601185841337884	0.18554156	5.0145783	-8.813318	18.553562	0.7341033	5.651388	-9.172635	18.66612	10.176976	9.73482	9.63977	7.062796
2021-03-31 01:20:00	2021-03-31 01:30:00	13.622904361794635	3.1317927392772265	-13.201846824755105	-1.2186958583982674	218.58	1.648	-2.155	-2.707	0.0092829139647628	-0.0118232801782396	0.0062738582429881	0.1177423962554013	0.0044221190072774	0.0139807545526567	-0.0325030924687258	0.0120136131680065	0.0931030835102042	-0.0004290045106843	0.0574116029155997	0.0832374779361877	0.0864930224822715	0.0640910655846358	0.0541592287848934	-2.8607829	0.20402764	-14.388951	16.202385	-2.3661745	0.0019064964	-14.537422	16.559988	4.6909313	4.7709303	5.409547	5.1749554
2021-03-31 04:40:00	2021-03-31 04:50:00	16.838272076108122	5.591877075118608	-15.858116771561424	-0.8815143663488008	202.128	3.767	-1.847	-4.522	0.0007628108123754	-0.015033068805084	-0.0023688412830558	0.0909609411665619	-0.0002346359780816	-0.0001908355320647	-0.059466171013087	-0.0023621584265118	0.0913160183546593	-0.0003466613072854	0.025942722597008	0.0802800220109945	0.035094506693022	0.0175449371332324	0.0297123621696517	2.2338045	-2.3934834	-4.2919226	5.706687	2.1106708	-3.1617334	-4.1960163	5.8414598	0.9177044	1.2682335	1.2068026	0.69277006
2021-03-31 05:10:00	2021-03-31 05:20:00	17.2660685565813	5.936780379699054	-16.197030269214157	-0.7256564604566255	197.987	4.117	-1.473	-4.525	-0.0177573444130596	-0.0528811183883738	-0.0210024375106711	0.3182736299016707	0.0043529583961578	-0.0143769752555825	-0.0673400059218597	-0.0244584594519323	0.2906373670783322	0.0041123678672342	0.1502092898036836	0.2231501614886697	0.2118655562427777	0.139644455998157	0.1093218889654569	5.7116404	3.7855008	-14.762434	18.263615	5.433246	4.78609	-15.891776	18.288673	5.210117	6.041172	7.9916344	7.6700687
2021-04-10 16:25:00	2021-04-10 16:35:00	16.20673334694091	2.436423713117032	-16.02031815638182	-0.2551628391901444	162.356	-2.0	1.083	-3.515	-0.0031640458097883	0.0159859348475676	0.0274896532048956	0.0805452753061026	0.006101654384491	0.0061265853980521	0.0205928895820111	0.0261771454049932	0.0747298492404409	0.0067864621751475	0.0279428733585676	0.0318360387385133	0.0664272232066229	0.027214232950099	0.0208457800418439	-1.4598178	1.5798835	-14.739547	15.103293	-0.7176429	1.8075675	-15.17325	15.502098	1.7804778	1.7993634	1.4727572	1.5325482
2021-04-13 10:10:00	2021-04-13 10:20:00	12.917234690351512	9.47568996613019	-4.516678734163199	-7.527539756649478	207.083	1.038	-1.66	-3.232	-0.0056300269003809	0.0030300063068936	0.0018449115214564	0.1257186688055514	-0.0009710887286104	-0.0188417379418395	0.0040477531366856	0.0009601161941835	0.1148366532477336	-0.005820426466656	0.0776972365283587	0.0948494503368367	0.0588548056172691	0.0523093212629568	0.1112813376368267	-4.7713566	0.33661413	-13.15344	14.315307	-4.719005	0.39358264	-13.085947	14.1220455	1.4159678	2.6268733	2.0016086	1.9687563
2021-04-13 10:40:00	2021-04-13 10:50:00	12.348975031557105	9.111283260644576	-4.000607885986285	-7.312612375358964	194.186	1.312	-0.992	-3.887	-0.0040955010410582	0.0031857481884038	-0.0002738620236496	0.1093223343430545	-0.0032732831328118	-0.0169479630985474	0.0062279559834237	0.0082652172701405	0.1013819274398913	-0.0056302562782309	0.0735310755438399	0.0658491685666499	0.059100823073609	0.0362141366598962	0.0899045607162852	-6.9386196	-2.1732578	-14.176698	16.11589	-6.9921947	-2.0968227	-14.25135	16.26479	1.6561705	2.0102077	3.1167011	3.259137
2021-04-13 11:45:00	2021-04-13 11:55:00	11.04444414223223	8.236615002824776	-2.7764340781609307	-6.813618419080131	190.962	3.225	-0.49	-2.57	-0.0710281447166227	0.050771789138371	0.0563513429644683	0.7267438663021938	-0.026325376062059	-0.1016685657221367	0.0661111430240836	0.0706907647210113	0.6578352467080425	-0.0735585164745607	0.5053420405649865	0.4734336557415972	0.4145854029939798	0.3661047108234927	0.5869668302419166	-3.0170403	11.319641	-11.304705	21.951406	-3.662541	10.155401	-12.341279	22.294144	10.007625	9.485387	8.577632	6.84615
2021-04-13 12:15:00	2021-04-13 12:25:00	10.405035427725212	7.787164964359721	-2.167152302791241	-6.551607479174926	222.493	0.09	-2.238	-2.468	0.0043996424127569	0.0401503671849763	-0.0111048528114969	0.567120617329381	-0.04642206969053	0.0938102111242427	0.0337960875733004	-0.0503078322857598	0.4926974069418589	-0.0341967114911068	0.442363073028983	0.3000463149369179	0.367117849528019	0.3172023438174789	0.3701033869238941	26.272018	-13.422258	25.995663	39.690376	27.260353	-13.403627	24.221992	40.161255	4.0276494	4.306531	6.704819	7.1096764
2021-04-17 20:00:00	2021-04-17 20:10:00	19.11820816551447	2.103519487210443	-18.54549435379957	-4.140238548932367	212.192	3.695	-1.728	-2.745	-0.0171117002976223	-0.0084534895245005	0.0029224703760707	0.1860688308740208	0.0021457775051428	-0.0187282386222988	-0.0137706295141983	0.0116392763051952	0.1698048982295885	0.0014112485881859	0.1034497829583947	0.1207362086275877	0.1264201155033991	0.0837397041688508	0.0461864967012301	5.249395	-2.0889697	-4.5532346	13.868394	4.5412354	-1.9274127	-5.1649094	13.111504	7.8653436	7.5061374	7.6202855	6.0492997
2021-04-23 20:15:00	2021-04-23 20:25:00	15.167834768589382	9.167274870514198	-5.88619180124124	-10.55335153071666	217.477	3.023	-4.173	-5.442	0.0112190950442779	-0.0207704780553011	0.0020234970102029	0.0911154160620219	-0.0039748419646752	0.0059080208700853	-0.0196092521287317	0.0163014670193952	0.081979129211386	0.0010223907647314	0.0365927361373582	0.075074318958914	0.045206886235743	0.0357519316477827	0.0319137250600089	3.7837715	-1.2601701	-1.7896509	6.6189246	4.403127	-0.06630865	-1.4145676	5.93019	2.0301216	5.206035	1.961669	3.220246
2021-04-24 18:00:00	2021-04-24 18:10:00	17.35569379069048	-0.8313004876813981	-17.271948112450076	-1.48400541962867	203.021	1.933	-1.243	-2.923	0.0198264613597869	0.0019029680097438	-0.0081264136870602	0.1215110599755813	-0.000918201257644	0.0168075578355551	-0.0087701381383597	-0.0393306992362025	0.106952947115182	-0.0002549330101541	0.062779750806121	0.0729839599344021	0.0814057944098539	0.0399082653444824	0.015800993172707	2.414858	-0.5193411	0.34288108	13.608114	3.5787377	-0.5652194	0.43480647	14.204744	6.691279	5.9470243	10.782541	4.1763062
2021-04-24 18:35:00	2021-04-24 18:45:00	17.833958340593863	-0.6367722664938619	-17.688703478915624	-2.179057981955378	206.797	1.473	-1.632	-3.23	0.0087654030806461	-0.0278751397264786	-0.0114936368190591	0.0941940041508268	-0.0008873224091062	0.0163260171066649	-0.0438447563720881	0.0025219895109884	0.0882058243434066	-0.0040606413836835	0.0492693155053788	0.041252742255392	0.0634499745706531	0.0163890952243938	0.0085466958570002	2.5667672	1.3688004	-4.467453	13.377423	3.431528	2.7802649	-4.799799	12.0690775	5.8825893	5.651783	9.867876	3.6588326
2021-04-25 00:10:00	2021-04-25 00:20:00	21.68609963609596	1.2135720035566675	-20.74485239891409	-6.202003310371766	155.295	-5.883	3.56	-7.762	-0.0120970839585079	-0.0099344802365795	0.0127177665226715	0.0815589194807425	0.0012663233567272	-0.0085634075985105	-0.0260335293583684	0.0316836477511955	0.0786140616441579	0.0005464663739332	0.03784147099976	0.0524869643578021	0.0480820729907188	0.0159267596935725	0.0060716642862246	-6.175688	4.6706696	-7.0014863	10.669563	-6.0655107	5.020148	-7.2501965	10.618713	1.0448198	1.4898676	1.4115179	0.6627438
2021-04-27 05:15:00	2021-04-27 05:25:00	17.839685033427106	9.308519936632402	-11.007211663573903	-10.509355647430516	208.343	2.847	-1.683	-3.135	-0.0120473592288289	-0.0960259369926544	0.0167133225505337	0.1044765095476085	0.0046037032426358	-0.0251400852525232	-0.0781568853489832	0.0256907998403615	0.0873969604305418	-0.0066412939719042	0.0281184430711624	0.0384684073485272	0.0207861978728247	0.0378502941840479	0.0321223758595408	-6.053814	-3.8209536	-4.9074297	8.693665	-5.596915	-4.13456	-5.0981107	8.656899	1.0739336	0.6624649	0.8050569	1.4112811
2021-04-27 07:20:00	2021-04-27 07:30:00	16.055946555199295	8.85965115349858	-9.797441605614038	-9.127415687837637	220.033	2.1	-2.152	-2.56	-0.003378817449898	0.0077194409468895	0.0007414768818162	0.1059484316585621	0.0061367042904234	-0.0026337888227876	0.0280899173846057	0.0062583422463299	0.0969362681181309	0.0002426060456787	0.0456427205893987	0.0811124263474109	0.0569979922855478	0.027527087900811	0.0514286591150201	-4.924698	-4.6360574	-8.360144	11.399201	-4.9886074	-5.1446886	-8.540552	11.370755	2.1037228	3.0347068	2.2038124	2.0464103
2021-04-27 07:50:00	2021-04-27 08:00:00	15.593574453960208	8.727078309266304	-9.42428195664777	-8.841949793036045	218.028	1.907	-2.037	-2.625	-0.0005805400526387	0.0084855908688175	0.0043063437367054	0.1065216596824789	-0.000719370819961	-0.002987360593725	0.0089998227549881	0.0066411212640364	0.0975282219057189	-0.0013073389880711	0.052202788249307	0.0881267763260566	0.0582075781087002	0.0512211367495853	0.0595713729930258	-3.163327	-5.2701592	-7.575164	12.185614	-3.4643743	-5.704496	-7.8517365	12.14652	4.05863	4.779303	4.912128	3.1809337
2021-04-27 08:20:00	2021-04-27 08:30:00	15.116666292287311	8.583392280967043	-9.01556410348912	-8.576591936685567	221.1	2.598	-2.018	-2.33	-0.0043128596132827	0.003282634622616	-0.0036135653004352	0.1178074463944514	-0.0066036600515396	0.0028766919606331	0.0011800974716957	-0.0050501670364508	0.1074301485687853	-0.0079492892239777	0.058779604466939	0.0955149639725653	0.0679380237602307	0.0579445009705353	0.0822263132089306	0.13956133	-2.9247246	-5.2609153	12.581376	-0.8429275	-2.8327684	-6.4690776	12.585534	6.326658	7.0395927	7.0487633	4.1505704
2021-04-27 12:30:00	2021-04-27 12:40:00	10.456099530134024	6.788465076172521	-4.152177550986226	-6.782412826001393	204.88	2.282	-1.12	-2.437	-0.0355064585441532	-0.0210998006684508	0.039603822718364	0.1126351525805929	-0.0020707794656253	-0.0427618955727823	-0.0384654696101965	0.0473387864024797	0.0977778386697943	-0.000584387189361	0.0373365963191411	0.1019156769811455	0.0371628743794059	0.0612339875805372	0.0961005897565422	31.478619	-14.360212	11.52194	36.479904	31.411722	-14.435774	11.662002	36.662052	0.97973794	0.8974818	0.5129926	1.0579644
2021-04-27 13:00:00	2021-04-27 13:10:00	9.794444283089756	6.469214744596364	-3.401117634587186	-6.519725548825655	195.415	2.535	-0.678	-2.538	-0.050798081546764	-0.0562396861683297	0.0585560695218948	0.1022929890353843	0.029162133499227	-0.0532295059969771	-0.0623076292870468	0.0626192392229001	0.1035148171796741	0.0305108300276422	0.0224913426787777	0.0289031484269318	0.0237393719268246	0.0247611656665673	0.0266232856787287	37.05444	-14.233517	6.881931	40.290672	37.24058	-14.204285	6.9922137	40.460278	0.65494823	0.14355388	0.43320134	0.5330572
2021-04-27 13:45:00	2021-04-27 13:55:00	8.749096678271824	5.9247839142684695	-2.2234971760268003	-6.040867781872539	211.482	3.107	-0.875	-1.423	0.3902118964304093	0.3979539808024156	-0.4591636431664554	0.7744048199075946	-0.1690753912809039	0.3475506677153697	0.3795197187698373	-0.4141163313662266	0.7003894322763795	-0.158578119076195	0.1948452655370324	0.2825389796323992	0.2149488926583184	0.2928431321220205	0.2460571001700684	52.1209	-14.668092	2.9419749	54.2306	52.28529	-14.585322	3.2013023	54.368656	1.0392704	0.39827517	0.59665895	1.016545
2021-04-27 14:15:00	2021-04-27 14:25:00	8.013655961116081	5.508536287999911	-1.4133949736344755	-5.645181448830511	200.949	3.185	-0.653	-1.713	0.0761778748928371	0.0785986525505318	-0.0908914455355884	0.1473035756684957	-0.0106271266415729	0.0739222309505284	0.082962740524407	-0.0880404984386742	0.1490470637915971	-0.0183624459115913	0.030067136008727	0.0331154575885199	0.0342498093385938	0.0414420548666081	0.0382177471686047	69.959076	-13.890419	-0.95441526	71.33684	69.661255	-13.906752	-0.8748857	71.0412	1.8482764	0.341762	0.6478788	1.7707189
2021-04-27 14:45:00	2021-04-27 14:55:00	7.244771599880301	5.039089937921486	-0.5938591031620052	-5.1701997926942775	200.343	3.127	-0.72	-1.928	0.0613993404987734	0.0602287278544445	-0.0728253349988652	0.1146479220091372	0.0108539190081235	0.0586354155476634	0.0562500140027849	-0.0690315254757374	0.1090723792456457	0.0091081554772292	0.0150157091687002	0.0178107077931089	0.0177520970543929	0.0203615287513462	0.0187353801740527	94.176704	-8.256292	-3.5522475	94.61133	93.91507	-8.31088	-3.7322135	94.35085	2.7411544	0.86247396	0.33563408	2.6655147
2021-05-23 04:25:00	2021-05-23 04:35:00	23.627724381460396	-8.497990128177735	-22.015934690917685	-1.1618543635178906	208.293	2.42	-1.177	-2.02	0.0286461388373886	0.002470107166994	-0.0163824231610997	0.0828426871432705	-0.0042589814333414	0.0332642809364836	0.0140061048114931	-0.0137103840029133	0.0741296581189642	-0.0048345347376409	0.0435709222517635	0.0368586644593236	0.0564738930758195	0.0260473162907861	0.0079753910035612	-1.1983707	-1.4612404	1.5419738	5.936486	-1.7526319	-1.13276	0.9647539	6.0877886	3.00026	2.741671	3.9491134	1.6795694
