Start_str	End_str	Rmag_avg(Re)	x_avg(Re)	y_avg(Re)	z_avg(Re)	Clang_avg	IMFBx_avg(nT)	IMFBy_avg(nT)	IMFBz_avg(nT)	Jx_avg(uA/m2)	Jy_avg	Jz_avg	Jmag_avg	divB_avg	Jx_med(uA/m2)	Jy_med	Jz_med	Jmag_med	divB_med	Jx_std(uA/m2)	Jy_std	Jz_std	Jmag_std	divB_std	mms1Bx_avg(nT)	mms1By_avg	mms1Bz_avg	mms1Bmag_avg	mms1Bx_med(nT)	mms1By_med	mms1Bz_med	mms1Bmag_med	mms1Bx_std(nT)	mms1By_std	mms1Bz_std	mms1Bmag_std
2017-09-08 19:40:00	2017-09-08 19:50:00	22.84530944935669	-9.49397209805459	20.747214971912893	-1.1501087784651718	156.322	2.597	1.763	-4.037	-0.0148400840977266	0.0106996360923871	0.0282873360601417	0.0723060941847978	0.0023912941568277	-0.0090360485814926	0.0269865199460176	0.033509940510675	0.0700799658102228	0.0043668916031663	0.0446635992577339	0.0378015725075853	0.0287948095390003	0.0126352472371785	0.0095233816285947	6.4810576	-4.8977184	-3.5202446	12.975483	5.4626107	-5.0348916	-3.2117288	13.119045	5.359086	1.9658414	8.094527	2.850688
2017-09-14 06:50:00	2017-09-14 07:00:00	21.48433942507208	-6.322102659701923	19.67931842565722	-5.859175339794844	220.497	4.063	-1.307	-1.487	-0.0147243567112375	0.0011914605395481	0.0033160922333947	0.0777147003014197	0.003462452277669	-0.0166962144501169	-0.0033239293334985	-0.0053746206807155	0.0719079982855223	0.0044391718265642	0.0432172501489601	0.0567262977821993	0.0393905426739977	0.0287552865783413	0.0138766124924023	3.3532922	-6.6973925	-3.8010979	10.432782	3.7590075	-5.6091723	-3.3318424	10.398809	3.7107456	4.893473	3.956396	3.8825011
2017-09-15 11:40:00	2017-09-15 11:50:00	22.45557704896029	-12.714301746630383	18.02353658728736	-4.213172881756496	137.707	-3.765	2.938	-3.097	0.0133938178520977	-0.012237084723512	-0.034666529416138	0.0794036218343186	-0.0077352271394016	0.023481544975453	-0.0155426348444309	-0.0382364297281043	0.0715395347040695	-0.006887128792985	0.0433728828337889	0.0288820416390372	0.0477001013694665	0.0147191258486403	0.0074233237309235	-4.576487	1.6402911	5.1308465	12.123929	-4.109445	2.7332501	4.6621895	12.352851	7.970544	3.715063	5.308484	2.9123852
2017-09-19 20:50:00	2017-09-19 21:00:00	21.24629861547091	-4.233588764658019	20.78166147353156	-1.2660398498865986	154.561	-2.155	1.36	-2.883	0.0003823661048695	-0.0091872308970493	-0.009542100879144	0.0734720505523737	0.0038581147024879	0.0003823661048695	-0.0091872308970493	-0.009542100879144	0.0734720505523737	0.0038581147024879	0.0583069716817765	0.0298963556051707	0.0304803380042218	8.319995782139072e-05	0.0019117760110485	-6.529568	4.4256935	-10.1221075	12.882074	-6.529568	4.4256935	-10.1221075	12.882074	0.98548365	0.23935246	0.5198927	0.17323875
2017-09-19 21:50:00	2017-09-19 22:00:00	21.733287326310773	-4.619544815396886	21.2182791841111	-0.8828536034421398	152.348	-1.448	1.565	-3.028	-0.0217641896544695	0.0013555277051521	0.0632749447934999	0.0669270950011698	-0.0059819659941744	-0.0217641896544695	0.0013555277051521	0.0632749447934999	0.0669270950011698	-0.0059819659941744	0.0	0.0	0.0	0.0	0.0	-1.1352153	-0.5777667	-8.292875	8.390132	-1.1352153	-0.5777667	-8.292875	8.390132	0.0	0.0	0.0	0.0
2017-09-22 17:55:00	2017-09-22 18:05:00	22.14240467858309	-3.935976624427639	21.55471545986406	-3.191149605995379	165.915	0.003	1.322	-5.225	0.015240311645881	-0.0473088947275746	-0.1160366338263434	0.1262335098504244	-0.0240529082983828	0.015240311645881	-0.0473088947275746	-0.1160366338263434	0.1262335098504244	-0.0240529082983828	0.0	0.0	0.0	0.0	0.0	-2.344766	-1.6745523	-17.77778	18.009762	-2.344766	-1.6745523	-17.77778	18.009762	0.0	0.0	0.0	0.0
2017-09-23 17:10:00	2017-09-23 17:20:00	23.78774996102512	-9.788660751169076	21.592199884054875	-1.9521261514476125	166.064	-2.675	0.56	-2.098	-0.0130201174326802	0.007994567533701	-0.0012865826434844	0.0892412364010645	-0.0012480921305362	-0.0118898336297481	0.0252011924566101	-0.0072413540937521	0.0833241759504731	0.0034732344295387	0.0388509705292316	0.0574450564538286	0.061648569992549	0.0296811757296189	0.0143707806029878	1.8680503	-2.2305055	4.791567	9.224152	1.649863	-2.5394735	7.086642	9.744273	3.574869	3.003038	6.2811656	2.7549703
2017-09-23 18:15:00	2017-09-23 18:25:00	23.469643999497663	-9.914947172935872	21.25537328638977	-0.8501026653607212	159.498	-0.382	1.232	-3.322	-0.0079427036835653	0.0061473970889057	0.0050509493472819	0.0779514280071628	0.0069802171603662	-0.0205708083302919	0.0035946730814051	-0.0081549725852131	0.0753805303133659	0.0035245306006946	0.0352643723844117	0.0447357996198726	0.0593272124145988	0.0285403197933959	0.0136374551517325	4.6147447	-2.1009796	5.740543	9.943516	4.996778	-1.1546609	6.9736366	9.64772	2.340222	5.143223	3.5571802	2.0912282
2017-09-23 19:10:00	2017-09-23 19:20:00	23.170683842966085	-10.00831691712876	20.897597849146663	-0.0344711640711967	146.587	0.293	2.165	-3.28	-0.0068437594281718	-0.003889088865243	0.0089086851527124	0.0761145432631687	0.0014062843843611	-0.0055037237187729	-0.0062171119212824	0.018691359633873	0.0719731163732134	0.0031839686321477	0.0421538069316918	0.0352903598940354	0.0572624370900841	0.0254802408168086	0.0133754383155329	0.20719886	0.010920176	-3.3564293	8.509207	0.2968632	0.5639737	-4.3398714	9.345129	3.827407	3.1056828	6.99611	3.4845293
2017-09-27 19:10:00	2017-09-27 19:20:00	12.508594811828898	2.352363826779223	12.0799526697907	-2.2367959513766515	150.513	-5.193	4.345	-7.852	-0.0588883427046833	0.0550332958182529	-0.0006603204098786	0.245373426013811	0.0069294805594204	-0.0669784293955827	0.089058369072304	0.0133486448687946	0.2284777650582339	0.007219966789549	0.1366689764905976	0.1404945785487181	0.1473494159510962	0.0801112008530061	0.0492454650510028	-18.304111	17.857038	0.0469862	36.191376	-18.445574	19.533636	-0.8102528	37.570736	10.650711	11.143243	22.070663	8.296053
2017-09-28 05:25:00	2017-09-28 05:35:00	20.793642662409024	-1.0245614067125313	20.136178308381947	-5.084954094485469	171.829	-2.292	1.222	-8.673	-0.0096972322389062	0.0045909196374681	-0.0252444531133207	0.0784340934673347	0.0066992734032434	-0.0095684172207551	0.0252498107037953	-0.037106430112067	0.0752550188150893	0.008582621418811	0.042278022964494	0.0392563274731923	0.0515574903989808	0.0242312513063361	0.0143518443813656	-11.49634	8.301635	-21.474895	28.26815	-13.319493	8.668049	-23.945572	27.578348	5.7218328	7.60427	7.268431	2.5613012
2017-09-28 07:20:00	2017-09-28 07:30:00	21.759816335832	-1.653552891527207	20.638524626551263	-6.693614369954509	156.753	-2.813	3.275	-7.7	-0.0083630106463338	0.0167105548323873	0.0022675185789738	0.0957481528822459	0.0012972814426101	-0.0301058217892859	0.0300046713950829	-0.0202735886130255	0.0949647028810624	0.0046480972797404	0.0470024756586116	0.0462688359580293	0.0693194336490435	0.0184888406990412	0.0103176295701524	-8.903595	8.999232	-19.621712	25.534706	-11.703105	12.065146	-19.066532	26.220226	5.703608	8.066768	4.2163486	2.9380271
2017-09-30 13:45:00	2017-09-30 13:55:00	11.650975152326048	3.057656123397503	10.34651598582346	-4.398048608394177	141.325	-1.23	2.933	-3.663	0.0175973583944511	-0.010877861650425	-0.0099043185183067	0.0696396652710016	0.0094845235448171	0.023996774722923	-0.0417097410746903	-0.0133563253716831	0.0704699010370471	0.0114432759715308	0.0171449384309769	0.0631181235710872	0.0172661617021362	0.0158862903053173	0.0226172312994687	-6.4117045	26.581497	7.164739	28.733143	-6.9059415	28.291712	7.277692	30.101597	3.457187	3.483902	3.9766784	3.6509752
2017-09-30 14:15:00	2017-09-30 14:25:00	12.261156746909544	2.9465349633412923	11.06129869033345	-4.393028052258559	142.683	-0.985	2.86	-3.755	-0.021070509542376	0.0416926122375363	0.0131132326876123	0.0814601616154768	-0.012604735031479	-0.0310362129940674	0.0630514500949577	0.0149166260908307	0.0762582740611819	-0.0061610803000112	0.0239272184455689	0.060364793057601	0.0174096160980515	0.0154257571864493	0.0361255023162532	-8.805721	19.679249	4.379503	22.251062	-8.685042	20.055943	5.0450883	22.116352	2.31937	3.5859907	2.69348	3.791769
2017-09-30 14:45:00	2017-09-30 14:55:00	12.8445659692449	2.8278434723108874	11.755749564515732	-4.334222238782761	154.082	-1.748	1.95	-4.027	-0.0089177003860148	-0.010978543943564	-0.014576878887834	0.0974525674890857	-0.000543230175061	-0.0159475285773654	-0.0280062704816222	-0.0456976770496526	0.0909137989852588	0.002592639040699	0.038066222523557	0.0613731019771782	0.0690455247157555	0.0299752518251199	0.0226413560863045	-0.18040228	16.207003	15.392719	26.463982	-0.42945808	14.570518	15.660229	25.764576	10.906627	5.245823	8.17868	3.5576751
2017-09-30 17:00:00	2017-09-30 17:10:00	15.188612550843873	2.229616675775754	14.607719190333304	-3.51193105552432	192.849	-1.847	-0.888	-3.933	-0.0081389632643205	0.0148806478999034	0.0103629341748557	0.1013850078686043	0.0041514432770494	-0.0053552692816958	0.0159389033375076	0.0061880275133285	0.0889563570856363	0.0038883760798275	0.0531890268137818	0.0604901603081707	0.0752056033803502	0.0475411593931221	0.0233568222940503	-2.0305827	-1.3486332	-6.0066	15.265165	-2.009095	-1.3815064	-8.318238	15.356005	5.690919	7.4032545	11.614933	5.5765057
2017-10-01 05:50:00	2017-10-01 06:00:00	23.06892806902088	-1.6637219559408891	22.33988128602093	-5.507559574031251	187.182	0.393	-0.578	-4.68	0.0005117442426005	0.0059314524292579	0.0072922567933784	0.0463948104552177	0.0010570329400342	-9.718198245915655e-05	0.0159028307037485	0.0181701213159125	0.0540323862483627	0.0017524212795775	0.0171973814772444	0.0303390915357603	0.0357625632578979	0.0207680985581166	0.0034812195711771	-1.8088024	-5.193931	-10.496711	12.65113	-2.584405	-5.3213973	-10.172485	13.052748	3.4146786	2.4567716	1.921719	1.3293892
2017-10-09 00:15:00	2017-10-09 00:25:00	11.575582312685386	4.911019026125139	10.402858558124707	-1.286422732949229	224.048	1.482	-2.362	-2.418	0.0034973393417107	-0.0216989051818232	-0.001629792281206	0.1070524834122858	-0.00245740647263	0.0038348152911066	-0.0842862449116214	-0.0086195937459222	0.1032949244802629	0.0101536770838694	0.0240052878683624	0.1002354216891456	0.0265795558571388	0.0188510552253591	0.047897137320877	-1.8234961	12.014088	25.467886	28.222088	-1.7118794	12.132456	25.872139	28.621725	0.3893018	0.37892374	0.8080328	0.8593643
2017-10-09 00:45:00	2017-10-09 00:55:00	12.183738637477328	4.897756620954907	11.06758875373095	-1.4008618782979343	221.083	1.737	-2.152	-2.488	0.0070646920858992	-0.0069199514867841	0.0030978367948648	0.2528669578340227	0.0318628489790102	0.0065028164742305	-0.1412238509820904	-0.0009270388242587	0.2192744113585399	0.0814584243594813	0.0953406706791023	0.2667202588026592	0.0506236009117743	0.137687990551084	0.1960632212681088	-2.1544123	10.910858	19.539915	22.563927	-2.5322065	10.818569	20.066204	22.331247	1.0944828	1.9651632	1.5440485	1.9518205
2017-10-10 22:45:00	2017-10-10 22:55:00	19.796342604141152	-5.563704066471263	18.92664748678072	1.6497987794811957	179.505	-4.653	0.065	-5.43	-0.0072830617436233	-0.0057842353036665	0.0017261439449153	0.1883797863775877	-0.0059779489969695	-0.0371778029075455	-0.015109784100928	0.0034090422473825	0.168649857266111	0.0049930160261279	0.1506697090533253	0.1189540266739399	0.0563960375281455	0.0680769473514837	0.1034906830567469	-6.481968	3.8572738	-18.052877	19.675705	-6.652845	3.9022262	-18.219501	19.809517	1.5953498	1.3088626	1.4169111	1.3904727
2017-10-11 04:15:00	2017-10-11 04:25:00	15.676493925103095	-6.154710810849248	14.40933891703333	-0.4906559316181982	160.054	-1.135	2.538	-7.037	-0.0015875526139114	-0.0088832867194904	0.0163901638442305	0.5172759124079691	0.0193589486227978	-0.0620371418143489	0.0347071222748896	0.0030632701098646	0.4679448181131056	-0.0167272889960129	0.3781305723574731	0.3618475614704738	0.2065002566221412	0.2221135846771087	0.7078664089466399	-16.505804	8.9298525	11.061689	22.334335	-16.9501	8.783782	11.400362	21.579723	4.190019	2.3712592	2.7662876	2.5600312
2017-10-11 04:45:00	2017-10-11 04:55:00	15.213851484741468	-6.1729328350326576	13.886012716001	-0.7298571183072644	183.967	-1.998	-0.482	-7.305	0.0066903187708041	-0.0260244778518281	-0.009486640435136	0.0916271599877399	0.0331880060734281	-0.0023462840414776	-0.0663097701177388	-0.0095738931576329	0.0968996346043429	0.0249196581577896	0.0463621994397842	0.0733650763201348	0.0147504425105779	0.012882438692008	0.0440900084864374	-16.489935	10.428576	9.113526	21.629145	-16.187798	10.065569	9.302758	21.19762	2.0081885	1.5943657	0.65613645	1.7073079
2017-10-13 09:30:00	2017-10-13 09:40:00	23.691370983272574	-2.749168453681273	22.672809093511034	-6.298121496161973	177.734	-2.567	0.128	-4.333	-0.0537127842705606	0.0119618962050133	0.0003872327626918	0.1850520899584773	-0.098713418423286	-0.0617371442974223	0.0447220469695535	-0.0175291875683181	0.1524374114669707	-0.0839467798204599	0.1127619907418547	0.164440093520107	0.0742591588430983	0.1185506545371201	0.114719659089078	0.567246	-0.020249372	-7.284905	8.1530285	1.4403715	0.229285	-7.146536	7.882147	3.418659	2.0462513	2.36513	2.8962672
2017-10-13 10:40:00	2017-10-13 10:50:00	23.33485373365209	-3.033440994348228	22.283636311345287	-6.225169614290029	156.617	-4.517	1.622	-3.803	0.0206885192257485	0.0122253890718716	-0.0086728609107857	0.1717377755683082	0.0034521190825437	0.0543796596143604	0.011474549876958	-0.0205513943740917	0.1529448698134471	0.0007503111373229	0.1299092601879978	0.1114418052562187	0.0586392771238773	0.0623946038364602	0.1032888288014303	-9.246573	5.6267753	-14.659202	18.4808	-9.4155	5.8646474	-14.786127	18.318295	1.7760621	2.08477	1.8874676	1.2550592
2017-10-13 11:10:00	2017-10-13 11:20:00	23.1685697373814	-3.153554931460443	22.131649170802685	-6.084993039058364	167.477	-1.533	1.112	-4.993	0.0007651071024919	0.0030356040586876	-0.0031149034287705	0.1769554402255946	-0.0099596294561027	-0.0092901681399331	-0.0173615483244004	0.0220871292456086	0.1552216058447431	-0.0167956868443564	0.1184348047264768	0.1311688880108808	0.0669624033034058	0.0665005164460671	0.1178416421433209	-5.7837734	2.4678106	-15.114749	16.62506	-5.8295927	2.3450549	-14.63421	16.33555	2.0925272	1.7507762	2.835507	2.6625452
2017-10-13 11:40:00	2017-10-13 11:50:00	22.99403539082993	-3.2725426650141785	21.986496614566903	-5.882946080115829	163.285	-3.527	1.035	-4.018	0.0114205217860373	0.0089758734568183	-0.0036514491297797	0.1953243019349451	0.012544362862848	0.0480180689392667	0.0260539174974583	-0.0324026977209621	0.1716281134926575	0.0143689341037892	0.1387250334037774	0.1390537036701284	0.0713223042011927	0.0757639970591471	0.1281507227753397	-9.53339	6.5761843	-13.830137	18.525743	-9.804228	6.591204	-14.126727	18.383715	2.332257	2.4022791	3.0424087	1.6333534
2017-10-13 14:55:00	2017-10-13 15:05:00	21.6495049415282	-4.013134687847252	21.00412941097052	-3.379057787149077	145.145	-4.255	3.043	-4.457	0.0123167131739726	0.0102337801820164	-0.0041898645305411	0.3014858873790767	0.0108345056926687	0.0701930889352853	0.0418720724153069	-0.0410505439600296	0.2584867318919791	0.0103777723610701	0.2227216077436295	0.2114015116109352	0.0928086166546674	0.1108566612744008	0.1680332726622077	-9.528393	7.409308	-14.792054	19.770926	-9.940649	8.013864	-14.902523	19.542747	2.7621465	3.1483107	3.3593075	1.5587533
2017-10-13 19:00:00	2017-10-13 19:10:00	19.38913088269689	-4.830666784783968	18.772053953125905	0.4582057974758422	167.326	-3.25	1.27	-5.74	0.0071935491925432	0.0418272550207373	0.0034499568943083	0.6081007955482043	-0.0108414786301948	0.0246959072347215	0.1148331375967154	0.0078645207825319	0.5497470180218641	-0.0011527438302037	0.4310436760233178	0.4545781828655623	0.1598507295354077	0.2236488805668889	0.3782755402046444	-2.2046707	2.0682704	-14.209773	16.721588	-4.330621	3.4202693	-14.412237	16.680805	6.133336	5.176882	2.6327698	1.6714892
2017-10-14 04:45:00	2017-10-14 04:55:00	10.214540915066666	-5.465245183829384	8.629343673911876	0.0058334126506202	145.875	-2.658	2.585	-3.792	-0.0517832614156309	0.000311466389241	0.0591661013794487	0.5470521687717309	0.0854212408772346	-0.1887090379592692	-0.0164691107488534	0.1949532423700149	0.4294424523047625	-0.0138745044320317	0.3934183046836758	0.2695523695203826	0.3693610272732819	0.2660454213312918	0.6269843714769978	5.872058	-33.72814	2.1269038	34.48163	5.8895855	-33.57933	2.7920158	34.601276	2.7557282	2.3245637	2.1261637	2.2645218
2017-10-19 00:10:00	2017-10-19 00:20:00	23.815286239978985	-0.4390102957618811	23.769072902310278	1.4161097036016408	184.513	3.283	-0.257	-3.302	0.0061662572648526	-0.0346334125682353	-0.0678523952417673	0.0764293368728459	0.010326679809439	0.0061662572648526	-0.0346334125682353	-0.0678523952417673	0.0764293368728459	0.010326679809439	0.0	0.0	0.0	0.0	0.0	3.3486812	-1.2975659	-4.1029673	5.452677	3.3486812	-1.2975659	-4.1029673	5.452677	0.0	0.0	0.0	0.0
2017-10-19 07:40:00	2017-10-19 07:50:00	20.83047523764959	-2.475712730000112	20.26521651574407	-4.1350530940844985	153.234	-3.13	1.963	-3.995	-0.0064361500384157	-0.0505537188263647	-0.0281515974728686	0.0599783744202949	-0.0114311775224571	-0.0064361500384157	-0.0505537188263647	-0.0281515974728686	0.0599783744202949	-0.0114311775224571	0.011542425425548	0.0103922429481447	0.0050059728873746	0.0076482428970456	0.0058645393188179	-8.832508	6.6907425	-6.287166	12.791321	-8.832508	6.6907425	-6.287166	12.791321	0.10039234	0.08853936	1.32061	0.67211294
2017-10-19 08:35:00	2017-10-19 08:45:00	20.32298620654592	-2.7128854264366398	19.64982332317965	-4.421243767012904	138.276	-4.193	2.728	-3.053	-0.0406529653662786	-0.0141076988601054	0.0258233999128789	0.0501850450160179	-0.0122783404153808	-0.0406529653662786	-0.0141076988601054	0.0258233999128789	0.0501850450160179	-0.0122783404153808	0.0	0.0	0.0	0.0	0.0	-9.520449	5.9345527	-12.443589	16.754128	-9.520449	5.9345527	-12.443589	16.754128	0.0	0.0	0.0	0.0
2017-10-20 04:30:00	2017-10-20 04:40:00	8.730842180031203	6.06953156142269	6.040902000082749	-1.7008642239468077	168.696	-0.482	0.805	-4.117	-0.00492163546728	-0.0932996482372535	-0.0034813321386823	0.0943105409599232	0.0202851696304226	-0.0048078451296309	-0.0920744027373516	-0.0045811150946992	0.0930044026426844	0.021983254171045	0.0103953909197327	0.0046305751025665	0.0062963614995834	0.0039798166367956	0.015361463151063	17.61847	52.144073	40.718533	68.47016	18.023838	52.02607	40.923943	68.66796	0.9393369	0.1923747	0.3704055	0.55385184
2017-10-25 05:05:00	2017-10-25 05:15:00	16.60160625457992	-2.3911268240164216	16.396298278949818	-1.0267873789284254	145.193	-2.457	3.007	-4.602	-0.0325907942852129	0.0214467656816681	-0.0262427806860105	0.1181130816405489	0.0022180648701108	-0.0396871442576803	0.0269935062979938	-0.0343414336746423	0.1048103113870281	-0.0016582146913575	0.0686547122527394	0.0737671350183932	0.0580507982152784	0.0422499942084232	0.0149808619691366	-11.996949	9.119184	-11.945891	23.067518	-13.0936	9.124096	-13.992902	23.654015	6.8600955	8.043813	8.669817	4.960828
2017-10-27 19:35:00	2017-10-27 19:45:00	20.257231907670377	0.0769351297015985	20.19902244613293	1.5317854180872932	197.352	-4.885	-0.19	-0.645	-0.0037468484257114	0.0079753028183095	0.0356524728963827	0.0836127973485334	-0.0014108539422458	-0.0103702984500957	0.0130218385773158	0.0601705222806961	0.0792548475169617	-0.0002598502572951	0.0470221215790658	0.0394639067646871	0.044274829114159	0.0092942788513007	0.00524456088219	-3.374047	1.0481826	-1.3454096	4.985732	-1.4738626	1.0205278	-0.98711926	4.096059	4.0323153	0.980128	1.8692331	3.1858647
2017-10-28 21:35:00	2017-10-28 21:45:00	16.012753128159503	9.145941703916732	13.137765248421188	0.3975260080824965	198.213	-2.472	-0.683	-2.017	-0.0020806804302892	-0.0087307352824665	0.0006221954891178	0.1118172484170637	-0.0032747824468546	-0.0033635271641743	0.0012211030227252	-0.0012130100093704	0.1027355274574962	-0.003632262389562	0.0626157697746786	0.0673794296850292	0.0797013725542936	0.0488965848447772	0.0470876546329577	-3.2178657	1.2154179	-8.130272	12.946108	-3.0824718	0.8690757	-8.318388	13.25757	5.4685087	6.8421173	5.896442	4.6710505
2017-10-28 22:10:00	2017-10-28 22:20:00	16.518392730078425	9.228583687542914	13.689700091466833	0.5307992737042785	142.055	-1.62	1.498	-1.955	0.0011114644565981	0.0017732935540287	0.0015549987247418	0.1282588229780771	-0.001056616872464	0.0006269135605503	0.005469296871257	0.0016805178520722	0.1234148798304546	-0.0028898005643595	0.0722639160384607	0.0859046935090367	0.0775925947237063	0.0466773280793989	0.0375006579418592	-6.0869923	5.444885	2.2378526	13.6070595	-5.7561226	5.856716	1.9543738	13.180859	5.48371	7.5815854	7.335556	5.283563
2017-10-30 06:15:00	2017-10-30 06:25:00	23.92679118464096	4.040024932862817	23.382852826295657	-3.067135560710536	184.626	-0.608	-0.183	-2.255	-0.0027330149862819	-0.0105489539778029	-0.0054491556789029	0.0989384604883109	-0.0021500909730797	-0.0013195482437167	-0.0182018621765826	-0.0009723688970585	0.0905241865252392	-0.0011034471459988	0.0559699445640973	0.0566388501321469	0.0613091684792545	0.0214250393972672	0.0161506589340682	-2.4348922	2.442367	-5.285224	6.6755624	-2.5541642	2.4045362	-5.2062035	6.4676814	1.1893965	1.7962611	1.6793162	1.6509509
2017-10-30 06:45:00	2017-10-30 06:55:00	23.791541805936877	3.878746252044313	23.21172563860017	-3.493549414568764	174.833	-0.368	0.2	-2.183	0.0149076736961499	-0.0118152673973892	-0.0074438055590821	0.0704974856931053	0.0007089807375781	0.0224870453792051	-0.0183151318713999	-0.0147503684245037	0.0640201152870691	-0.0029036541478731	0.0388190081579328	0.0323329772167558	0.0491762656219038	0.0204449490445798	0.0154934372452066	-2.6137	2.767347	-4.232556	6.26566	-2.6831448	2.8528357	-4.6259346	6.0867395	1.2647429	1.7457135	1.8440241	1.0923325
2017-10-30 09:30:00	2017-10-30 09:40:00	22.904481179658053	2.9651037972683767	22.202124871676727	-4.784194730415456	166.989	-1.947	0.355	-1.552	0.0044946981041075	-0.002583252295185	-0.0079896373957089	0.1009390339013855	0.0010955182412409	0.0041798030581292	-0.0072209631959212	-0.0108934320696762	0.0899594245882374	0.0014680947770935	0.0650826677762313	0.0525874750258154	0.0664139602367575	0.0362495728668513	0.0176587901481058	-2.7286048	-0.66240305	-3.8286383	8.3322115	-2.5483718	-0.10058536	-4.0944533	7.7133527	3.8861632	4.936459	4.087434	3.0487366
2017-10-30 10:00:00	2017-10-30 10:10:00	22.716305927810637	2.7944020314366464	22.02617796062768	-4.803013320334103	169.516	-1.842	0.31	-1.685	-0.0045783819962585	-0.0127894186850614	-0.0103927322083892	0.1068551812433208	-0.0031569193698777	0.0063231643312669	-0.0177951148998731	-0.0009945017794927	0.0937036931681683	-0.001419499684772	0.0654206036001001	0.0498430804975777	0.0754665439130008	0.0365225578961845	0.0121529530016545	-2.4917448	-0.32958436	-3.4279354	7.0787687	-2.8795905	-0.108708926	-3.5549932	7.522537	3.5190835	4.066027	3.386544	2.8886657
2017-10-30 10:30:00	2017-10-30 10:40:00	22.519550952190787	2.6223736781000118	21.854977776644603	-4.755294503655523	154.79	-2.058	0.608	-1.327	-0.0631483973907439	-0.0159954531712623	0.0299177344084429	0.0716843459013716	-0.0100612740760762	-0.0631483973907439	-0.0159954531712623	0.0299177344084429	0.0716843459013716	-0.0100612740760762	0.0	0.0	0.0	0.0	0.0	-4.396164	2.3286784	-4.9571924	7.0230165	-4.396164	2.3286784	-4.9571924	7.0230165	0.0	0.0	0.0	0.0
2017-10-30 11:00:00	2017-10-30 11:10:00	22.314077147695446	2.4490566324557954	21.68776245518984	-4.64332725121826	160.022	-2.392	0.39	-1.045	-0.0158189605775922	-0.0089491505742787	-0.0014428367157774	0.0653494011425879	0.0011934694611601	-0.0098725613175607	-0.0186270272175559	-0.002848005127194	0.0680468491686059	-0.0041460111220513	0.0405641049378154	0.0252297525478738	0.042615051643691	0.0126449202242462	0.0245890093577442	-4.0942674	2.4136047	-3.9970908	6.926933	-3.8350031	2.6599724	-3.23206	6.7089095	1.2221109	2.4996326	2.1271544	1.688003
2017-10-30 11:30:00	2017-10-30 11:40:00	22.099733010837213	2.274489486028218	21.52302594479615	-4.470269778133073	175.543	-2.385	0.08	-1.053	0.0124465031975062	0.0058313255447025	-0.0079593062413524	0.1007499997845019	-0.0005235728296676	0.0258929587266206	0.0008624541044031	-0.0223804854872508	0.0912752044550085	-0.0001982061753079	0.0624664180996116	0.0405667821106382	0.0712518716349636	0.0269491059445975	0.0132022287656551	-5.701229	0.9225476	-5.535666	9.456547	-4.760845	1.2450019	-6.013026	9.257986	3.1753073	3.6131706	3.6013	3.2679307
2017-10-30 12:00:00	2017-10-30 12:10:00	21.876357624607994	2.098714103776332	21.35862451972181	-4.240075039012083	191.206	-2.28	-0.235	-1.193	-0.0195949383158221	-0.0027835244690858	-0.0001139712050672	0.0841043299144938	-0.0012147022623042	-0.0231411971419862	-0.0043035737909963	-0.0091005503281548	0.0800656216302185	0.0004954749628055	0.0441763577343236	0.0505603784843819	0.050170545862457	0.0185248595792851	0.0099878578833609	-2.4978132	1.0960724	-1.6321487	6.2575483	-2.6020405	0.7877846	-2.9231768	6.047657	3.1971233	3.7183652	3.1924846	2.2775521
2017-10-30 12:45:00	2017-10-30 12:55:00	21.523978384530427	1.8328830336533983	21.106740125684496	-3.7981100521249673	186.605	-1.745	-0.18	-1.527	0.009732439728895	-0.0191343956561138	-0.0041552647992367	0.1050782489526148	-0.0021473936835647	0.0046495930701098	-0.0037085397159714	-0.0086611162163646	0.1038143487532929	-9.022894700658067e-05	0.0464199149729841	0.0672636804709576	0.0673863442622217	0.0256281858981512	0.0106416511199551	-1.4540287	-0.7657523	-4.015345	6.24016	-1.1698446	-1.0380743	-4.1202006	6.755727	2.293731	3.0171106	3.4726875	2.511512
2017-11-03 09:40:00	2017-11-03 09:50:00	13.01372034568211	9.383003462004368	8.660037865965338	-2.513677475501876	137.251	3.288	3.37	-3.64	-0.0111576423957494	0.026731641837172	0.0170621715099711	0.0834369203093859	-0.0233970232140676	0.0020082757263835	0.0283939714469955	0.019912312015665	0.0579625018823203	-0.0179642700201694	0.0542801625165108	0.0703657402624282	0.0060023465673812	0.0458494634088166	0.0295859254666058	-3.289376	15.14997	-10.730893	19.273151	-3.7824047	15.607946	-9.763877	19.202068	1.6224627	3.378334	2.8568563	2.4992678
2017-11-03 10:10:00	2017-11-03 10:20:00	13.56231605829575	9.590999555198287	9.21458630533881	-2.6531680988852595	167.468	3.707	0.988	-4.522	0.0045310920807025	0.0147104634861557	0.0006070208348558	0.1197868892459129	0.0001182325591806	-0.0004304584971654	0.0180068823283444	-0.0022489281329198	0.107890510183013	-0.0028149734979186	0.0728928662539788	0.0799995034078399	0.0685749792211208	0.0480022545501902	0.0477767562035131	1.7945255	-4.3135557	-11.001445	20.944807	3.0074701	-3.837371	-14.45578	21.255219	6.848303	9.637101	14.266257	6.890062
2017-11-05 01:50:00	2017-11-05 02:00:00	22.42435402437913	4.644612769379843	21.820102297697144	2.271453155719138	183.992	3.557	-0.092	-1.3	0.037120957763404	-0.0064449963420086	-0.0059226699131706	0.0815658170201105	-0.0005848411116932	0.0499530493744015	-0.0205918982843855	-0.0170836546484581	0.0814718133453518	-0.0035516327405639	0.0363210040399438	0.0487852969979773	0.0392951289512237	0.0067027377098408	0.0067250022081366	8.056166	-6.5967693	2.7237227	11.777739	8.849918	-6.420266	1.7671447	10.429267	2.3832824	2.881675	4.457432	3.3129265
2017-11-08 02:45:00	2017-11-08 02:55:00	19.73423111139664	3.4338472735675354	19.34512901171228	1.846928063521986	135.045	-5.312	3.938	-3.925	0.0176123313454053	-0.0178576365695312	0.0186083392501327	0.0454879879880107	0.010540013894479	0.0176123313454053	-0.0178576365695312	0.0186083392501327	0.0454879879880107	0.010540013894479	0.0310684778872681	0.01244517008591	0.0099885728492017	0.0112297284910695	0.0028818249959358	-12.417997	15.331118	-16.911127	26.124418	-12.417997	15.331118	-16.911127	26.124418	0.47840548	3.462319	3.0579147	3.7839375
2017-11-08 03:45:00	2017-11-08 03:55:00	19.091994521914017	2.9814238445297563	18.832114053245363	0.981268655233738	144.974	1.157	4.393	-6.287	0.0141785677733067	0.016054543928569	-0.0498201875440327	0.0589018744121623	0.0032701467600519	0.0141785677733067	0.016054543928569	-0.0498201875440327	0.0589018744121623	0.0032701467600519	0.0079338258469798	0.0228500215788724	0.0071935049657224	0.0104026936381916	0.0034963631113506	-2.617391	10.49633	-26.603172	28.73376	-2.617391	10.49633	-26.603172	28.73376	0.89353687	0.0017738342	0.4077816	0.29679966
2017-11-08 12:00:00	2017-11-08 12:10:00	11.535790552195072	-1.0290529936578237	11.40773789381175	-1.3700388994834365	138.796	1.71	4.773	-5.442	0.0101392153614261	-0.001653469222045	0.000589089979988	0.09708571709903	0.0029206332335884	0.0101392153614261	-0.001653469222045	0.000589089979988	0.09708571709903	0.0029206332335884	0.0315597432664537	0.0901694716838633	0.0146864683132823	0.0047425289976773	0.0030169369764766	-20.445807	54.84185	9.536946	59.309418	-20.445807	54.84185	9.536946	59.309418	2.3251095	4.4388924	1.589936	5.161726
2017-11-08 13:00:00	2017-11-08 13:10:00	10.219168982757132	-1.5128926886997045	10.064415307119306	-0.9205463760194946	144.146	0.662	4.05	-5.588	-0.0391059482572297	0.0890861558713257	0.011855930618997	0.0980269408333679	0.0025861081626061	-0.0391059482572297	0.0890861558713257	0.011855930618997	0.0980269408333679	0.0025861081626061	0.0014555747531257	0.0004734657519325	0.0012252284473908	0.0008627694649345	0.0070639226922174	-31.480864	63.275684	17.32596	72.79689	-31.480864	63.275684	17.32596	72.79689	2.4578075	0.90079117	0.6141243	1.699688
2017-11-14 16:25:00	2017-11-14 16:35:00	13.441355407200346	11.102359523745257	7.576494051351992	0.0499509701946362	150.607	-0.925	2.892	-5.142	-0.0222752431402025	-0.000928319516908	-0.0010346605379359	0.0735228423324353	-0.0207008649929771	-0.0265721960970759	-0.0004022933579942	-0.0049247705524152	0.0771867704379369	-0.013179249307045	0.0441704702182716	0.0472436253093316	0.0328844057213259	0.0188914034202265	0.0494763488578699	-3.4701855	8.269707	-16.072193	18.66611	-3.6278343	7.7962112	-15.7866955	18.45322	2.4161837	2.5494573	3.000484	3.4150503
2017-11-17 08:45:00	2017-11-17 08:55:00	9.4142183356571	8.748078022725256	3.445709887261708	-0.4723766192027588	159.372	-2.075	1.245	-3.373	-0.005751835579174	0.0017487811037359	0.002794568385304	0.1190367504964157	0.0159749934986525	0.0022748449169363	0.0082908611889358	-0.0002624922314635	0.1017397696695626	0.0177271272915184	0.1004701112009127	0.075988489754778	0.0245045326547592	0.0484062953773243	0.0311415384248181	20.25705	20.719286	52.378517	59.93671	20.091656	21.031055	52.73789	60.500923	1.7446867	2.9061797	1.6157317	2.1994653
2017-11-17 11:50:00	2017-11-17 12:00:00	13.317607101321242	11.368667584756878	6.891530559267181	-0.7858068015331933	146.034	-0.427	1.915	-2.807	-0.016449285010271	-0.0064906052087751	0.0048931609313459	0.0888706031320782	-0.0071871639477211	-0.0334688217285455	-0.0219197423696025	-0.000682066676312	0.0862728421121077	-0.0053394435989281	0.0578776638447683	0.050607277175473	0.0422992813564661	0.0117820004533462	0.0401164184798736	-2.379166	6.1131697	-13.42406	16.095339	-2.0025954	7.9792414	-12.807177	15.610215	2.388748	4.9991326	2.987657	1.9494148
2017-11-30 19:15:00	2017-11-30 19:25:00	17.107412360047615	7.739715878150712	14.544581542749958	4.605816639109599	224.39	0.065	-2.738	-2.8	0.0571396838419023	0.0348130371771275	-0.0024829882009358	0.0669556290199308	0.0012065238791332	0.0571396838419023	0.0348130371771275	-0.0024829882009358	0.0669556290199308	0.0012065238791332	0.0	0.0	0.0	0.0	0.0	8.725201	-7.392784	-6.758029	13.283574	8.725201	-7.392784	-6.758029	13.283574	0.0	0.0	0.0	0.0
2017-12-04 06:35:00	2017-12-04 06:45:00	9.80028670639981	9.67001895388906	1.3081919647028928	0.9069071257996952	200.499	0.195	-1.86	-4.985	0.04421171063515	-0.007845405965752	0.0080002581776523	0.1965002733746625	-0.0121322637825927	0.112751027958178	-0.0020666975083766	0.0056376695969579	0.1794350873550723	-0.00642242357685	0.1689680675357447	0.0963053620592952	0.0546507919893919	0.0654179800960668	0.087185762767367	1.3463954	-13.41081	-38.477623	41.095345	1.5254151	-13.58988	-41.335228	44.444847	3.4308336	4.441794	10.720524	10.944998
2017-12-06 14:20:00	2017-12-06 14:30:00	13.544067757922573	5.945239759437925	12.033492738247263	1.8135674305306029	135.739	-2.985	2.285	-2.372	-0.0108413015994254	0.0030900734987465	0.0070272838897102	0.0890189063404297	0.0019300121099542	-0.0122343410632713	0.0143897437596007	0.0317514281051979	0.0822365636732541	0.000200400599464	0.034485845059151	0.0586005002197379	0.064421693520506	0.0320241493082177	0.0261986140178953	-8.883393	8.528385	26.274303	29.935162	-8.436058	8.468243	26.569317	29.333364	4.753252	4.8972416	6.011598	5.346845
2017-12-09 08:15:00	2017-12-09 08:25:00	15.288236104516171	8.042726458378155	12.89073874107976	1.6946888377974945	217.265	-4.768	-0.42	-0.548	0.0118580269563097	-0.0067876064572843	-0.0019950803022716	0.0936999842859805	-0.0008923280535468	0.0186642813688148	-0.0196810015414617	0.011729099126685	0.08838470748164	-0.0030002466739052	0.0509281425363645	0.0579010626987866	0.0586878083142898	0.0283098093162593	0.032552299983057	-4.509033	4.1677403	4.977629	10.208951	-4.641842	4.1377134	3.862056	8.8798275	3.5258586	3.2397635	7.3875446	5.9798923
2017-12-09 09:25:00	2017-12-09 09:35:00	14.130896364869622	6.995315350423648	12.212352790066054	1.266886371331786	209.824	-3.267	-1.09	-1.923	-0.0054452597142658	0.0022035280750874	0.000400367735332	0.1057584194837435	-0.0039143544502675	-0.0060117520339514	-0.0044300147885588	0.0063263840213135	0.0991738729936665	-0.0038631141316046	0.0681856227412003	0.0671099666358225	0.06380963562238	0.0455468962793838	0.0445435967833157	-1.6188496	-2.5979576	-6.754403	14.058959	-1.7456341	-2.1788306	-8.555252	14.20179	7.8316092	5.1902885	9.108213	5.3451324
2017-12-12 05:30:00	2017-12-12 05:40:00	13.598774837758787	7.045342038845959	11.227144069998364	3.039406432877174	162.168	-3.988	1.443	-4.438	-0.0214007880313716	-0.0172916437163754	-0.009596309307952	0.1035563957355546	-0.0062508165560421	-0.0212505747510342	-0.0236816466185955	-0.0040461001633239	0.0991106169689774	-0.0100287666099822	0.0379139677667988	0.0714784474263672	0.062090100634198	0.0229559299625064	0.0262116084596402	-0.971296	7.2146273	-21.437847	23.346786	-0.76843643	7.612963	-21.369778	23.633404	3.2001264	4.511303	3.8078432	3.5489995
2017-12-12 06:45:00	2017-12-12 06:55:00	12.17310925588435	5.771730748093032	10.50797200183944	2.1098654208048253	184.593	-3.223	-0.36	-4.615	-0.0085446863258098	-0.0167828221932305	0.0022684199886292	0.1503205491346826	-0.0015014789681626	-0.0071429984209962	-0.0239395649329566	0.0069564233023132	0.1312632688227731	-0.005586980214302	0.0805770454186332	0.1030296237123735	0.0933059837834198	0.0598107284922188	0.0521291420201245	3.6292562	-0.49457207	-23.824774	26.251839	4.24337	0.2457678	-24.26162	26.3334	7.125694	7.7083273	4.7217793	4.9361897
2017-12-12 17:15:00	2017-12-12 17:25:00	9.506828113430217	9.424533218637842	-0.3926028976318185	1.183964305220708	161.153	-3.435	1.693	-5.187	-0.0159768462048104	0.1125536948811511	0.0653397405525275	0.5888245719539381	0.0007898629905208	0.0077226089471388	0.1416741987888843	0.0388872233030845	0.5257608671865877	0.0031031634956434	0.5032911253156248	0.2943303032087034	0.2402185154747743	0.2609898817772142	0.2550713522314647	1.0858629	7.5994954	13.061859	36.562862	0.7756965	5.78251	9.680424	33.65146	10.267266	18.151384	31.436646	17.77225
2017-12-12 18:05:00	2017-12-12 18:15:00	10.678952801379998	10.574626054356914	0.0835566863540443	1.4861943469889922	212.809	0.655	-4.428	-6.903	0.0084783465260963	0.0006232476288862	0.0037342929625041	0.0969685243972753	-0.0011157953212977	0.0180165137447033	0.0039422977980835	0.0035550929523575	0.0949243188257271	0.0006662990148059	0.0683279977474428	0.0543209867732689	0.0510651990471762	0.0301738372019908	0.053569813251203	2.5153677	-16.456264	-26.88417	31.928234	2.5680861	-16.476488	-26.886536	32.01528	2.9660141	3.9045994	4.428532	4.9129777
2018-01-29 04:35:00	2018-01-29 04:45:00	11.9438461926535	11.065187976091812	1.4617205598813996	4.251814151390116	167.432	-3.45	0.225	-0.997	0.0150081813419049	-0.0115322016126142	-0.0070928083119338	0.2829383253890008	-0.0224454892459997	0.0144466772543358	-0.0202392422265183	-0.0163198648773766	0.2490521762851799	-0.0166251371995455	0.1906683174201141	0.1718409227247082	0.1590374267697036	0.1073827837284384	0.1306489320515075	0.9129822	-2.7339408	-0.5521657	20.13035	0.9318087	-4.1635613	-1.3152783	19.513975	8.077831	15.463026	12.879457	8.580146
2018-02-03 19:45:00	2018-02-03 19:55:00	12.07835519544326	11.397780124012185	-0.0150551938075011	3.9970230061401337	195.888	2.353	-1.125	-3.96	-0.0226043450344035	0.003334533431976	-0.0074862090346599	0.148777823082547	-0.0055091049017031	-0.0590237277041316	0.0032655327343961	-0.0106113989309573	0.1394141427073909	-0.0010150598289919	0.1132495093993676	0.0804330502598363	0.0688030419773382	0.0497198526828715	0.085924789681931	3.0409403	-2.4461045	-11.111094	12.291105	3.0226343	-2.7454104	-11.1062355	12.083527	2.2042687	3.016166	3.1109555	3.3541024
2018-02-14 23:40:00	2018-02-14 23:50:00	14.90465647945704	14.043930025405452	-4.083317754653289	2.870942998440792	207.47	0.652	-1.198	-2.305	-0.0044171728500257	-0.0241452712975209	0.0086036896785949	0.3088574655181739	-0.0027067605604023	-0.0263800222528002	-0.0103873333668174	-0.002090761790487	0.2788848833897482	-0.001433193763583	0.1942955051561168	0.2309206280258724	0.1471256438521258	0.1341813320191376	0.1256599785552035	2.0578275	-5.326123	-11.122597	14.193579	1.3172748	-6.024497	-9.329712	13.064844	4.9449716	4.393769	6.4356403	6.3270946
2018-02-15 00:10:00	2018-02-15 00:20:00	14.404113981995458	13.605453884902255	-3.740607007343016	2.894267628256434	204.367	0.765	-1.075	-2.373	-0.0057632344534206	0.005986264274575	-0.0082611640839453	0.0892768828347884	-0.0114714210242226	-0.0172700235906046	0.0142344057254816	-0.0059157344680211	0.0829258301049898	-0.0063223540796025	0.0629891876506271	0.0518789631100577	0.0415430118809494	0.0234908847227351	0.0382346069290246	0.47769642	-3.42574	-7.9893403	8.906599	0.30884075	-3.4214158	-7.8090506	9.047411	1.2024019	1.4191338	1.5804745	1.5567744
2018-02-15 01:20:00	2018-02-15 01:30:00	13.154984129019557	12.49158317871197	-2.882857573660615	2.949816910984312	184.074	0.148	-0.125	-1.708	-0.000388793281124	-0.0062181057483598	-0.0015114631504079	0.0791205466222434	-0.0101478615554744	0.0092085559965776	-0.0258628443727773	0.0005473116144385	0.0791831703485519	-0.0138404752441971	0.0495395049800254	0.056240058551725	0.0260237289393936	0.008682213418486	0.0280627225287732	-0.31169015	-3.8486917	-6.962735	8.070023	-0.59634405	-3.6745427	-6.8337226	7.51917	0.6755832	1.5640379	1.9460578	2.2257066
2018-02-18 11:25:00	2018-02-18 11:35:00	13.557990060365222	6.7651748060933565	-11.715232223153372	0.8965473186437003	219.908	4.902	-0.842	-1.02	-0.0011124767665248	0.0025121677468429	-0.0016592810902941	0.115547410966665	-0.0017477411715289	-0.0084672936102367	0.0013478452594142	-0.00793365050032	0.1028197617719678	-0.0002672468543674	0.0728807251016169	0.0810723294421421	0.0648363798857751	0.05241351422283	0.0416698057069457	5.9617057	5.882175	2.9074805	12.955883	6.069605	6.1344256	3.5224502	12.723128	5.2826047	5.7506723	7.7857237	5.6863055
2018-02-20 16:25:00	2018-02-20 16:35:00	13.181799953376805	12.366307546578977	-3.479419880458616	2.954201409475734	159.596	2.412	0.305	-0.865	-0.0094288089224724	0.0068222356100487	0.0005182648086498	0.1310833450310933	-0.0001592650093035	-0.0180980550048783	0.0009771419055337	-0.0007641872387716	0.120835616968728	-0.0010351418421424	0.0856627982271915	0.0786016035226437	0.0785500314370819	0.0513741676866563	0.043061286054932	2.3447955	3.4962459	-8.328267	14.176886	2.4911547	3.1993604	-9.46579	15.179023	5.7513943	6.982346	7.956145	5.588351
2018-02-24 06:15:00	2018-02-24 06:25:00	17.055139025615308	8.609308691442223	-14.7179775582807	-0.3680035561555541	167.386	5.388	0.345	-1.64	-0.0109696347419587	-0.039060191801953	0.0034346279964289	0.0913294792988931	-0.0022596878601715	-0.010602179192448	-0.0651206051229846	0.0028432430489328	0.0865797097704275	-0.0018252507650951	0.0316189277161555	0.0550035193870032	0.0535736459821523	0.0145613745622154	0.0092065113776928	5.7518725	-0.3155617	-2.9805303	6.9408884	5.5033774	-0.6702718	-2.4486096	6.6511927	1.1926662	1.7734803	1.8381814	1.35567
2018-02-26 21:40:00	2018-02-26 21:50:00	12.98622836406627	4.633922899023264	-11.61944694791851	-3.486574947003144	215.544	0.997	-1.635	-2.303	-0.016958657304095	0.0484564828618965	-0.0067755504226128	0.0517835386240876	-0.0310764389536895	-0.016958657304095	0.0484564828618965	-0.0067755504226128	0.0517835386240876	-0.0310764389536895	0.0	0.0	0.0	0.0	0.0	-4.441228	-15.125878	18.826864	24.555397	-4.441228	-15.125878	18.826864	24.555397	0.0	0.0	0.0	0.0
2018-02-27 00:10:00	2018-02-27 00:20:00	15.553883354745984	6.671366423309699	-13.543389451223447	-3.7405310413812183	218.164	3.247	-3.565	-4.528	-0.0196524788757082	-0.0182417823118176	0.0081390680824443	0.1075534040337135	-0.0058772803721286	-0.0336743974501281	-0.0283384565514706	0.0052345055991744	0.1030335492330706	-0.0046916347888378	0.0673387294568561	0.0583805402882196	0.0669116164034574	0.040465400489985	0.0295960395604295	3.228217	-4.110913	-4.560945	7.4123487	2.8917038	-3.9453073	-4.5158377	7.4697676	1.4573374	2.0572686	1.3669119	1.185297
2018-02-27 01:40:00	2018-02-27 01:50:00	16.873771217082872	7.782198927923339	-14.590555661997756	-3.357861608915734	224.731	6.237	-5.312	-5.33	-0.0079386961633862	-0.0042637338979775	-0.0110419309763027	0.0881695190022601	0.0008499329612384	-0.0146427632687437	-0.0057982444438376	-0.0310802890263725	0.0874274467219778	0.0037083030975702	0.0458018538584612	0.0442021424017389	0.0615690780861184	0.0164819012335609	0.0213394105952144	5.5034842	-5.306897	-5.5136867	9.713423	5.51367	-5.2453694	-5.6689687	9.736821	1.2259644	1.3552444	1.7027715	0.8606731
2018-03-01 17:05:00	2018-03-01 17:15:00	12.718736774876833	3.850287742475172	-11.984146457368352	-1.8220664523379	144.928	2.405	1.582	-2.288	0.004152023292752	0.0097929571321402	0.0054155901523416	0.1338939312594886	-0.0025639164545141	0.0034480129825417	0.005944980430428	0.0318710834748545	0.1100569625589854	0.00011765883543	0.0502264003747679	0.0693238253695992	0.1260885477048187	0.0737678182962225	0.0282088384735628	2.5247958	0.49261403	30.811583	34.042637	2.4253879	2.6824648	30.505571	32.878872	6.3643413	12.105007	6.6395526	5.3093915
2018-03-01 18:00:00	2018-03-01 18:10:00	13.73920878453644	4.6001263959301655	-12.737879648786262	-2.3128652249338284	169.391	0.082	0.693	-3.705	-0.0293849688959063	-0.0264683844547292	-0.0322045907016037	0.0792995776884088	-0.0018512352059814	-0.0192832317252446	-0.0242543185357925	-0.0570819043124111	0.0803374623987014	0.0021446818644699	0.0247632984449241	0.0268785367953785	0.0503713284590875	0.013627612931866	0.0072844938455554	-3.1737943	3.1780934	-25.172897	25.850193	-3.9637275	2.225838	-25.80436	25.92247	3.316222	2.3503146	3.672062	3.9523368
2018-03-01 18:30:00	2018-03-01 18:40:00	14.264086411126415	4.99606746036617	-13.107450106952676	-2.5877670152254484	171.163	-0.868	0.557	-3.582	-0.0236069448508465	-0.0339438349908323	0.0092467400425563	0.0423671332578731	0.0386836221600769	-0.0236069448508465	-0.0339438349908323	0.0092467400425563	0.0423671332578731	0.0386836221600769	0.0	0.0	0.0	0.0	0.0	-2.208496	0.1661141	-16.257114	16.40728	-2.208496	0.1661141	-16.257114	16.40728	0.0	0.0	0.0	0.0
2018-03-01 19:25:00	2018-03-01 19:35:00	15.173982848544751	5.699131591235407	-13.721848848127534	-3.078810862887567	173.413	-0.512	0.433	-3.762	-0.007874802274116	0.0313739475278322	-0.0066621619958639	0.0675148828568292	0.0134380042705576	0.017566729204257	0.0551271050640794	-0.0095483997085219	0.0712994280596725	-0.0061496580759655	0.0385099150133487	0.04348044716104	0.0111248931574877	0.0054578546195563	0.0283872924945159	-2.9598858	1.3357329	-12.89726	13.433079	-3.1710668	1.2012674	-13.830765	14.041396	1.9154487	0.19130279	1.397905	1.4479209
2018-03-01 20:40:00	2018-03-01 20:50:00	16.316443348030578	6.612709676633579	-14.460136772077902	-3.660850982065734	185.692	-0.978	-0.355	-3.52	-0.0020682273440337	-0.0173214140708387	0.0007235393859165	0.0631981194237533	0.0021027331712076	-0.0140800596808893	-0.043962110311526	-0.0004797756665662	0.0671318689017082	-0.0026489839047002	0.0305260397878959	0.0489108224114327	0.0265205067741919	0.0183922563585579	0.018389068895812	-3.9692626	-1.6843181	-10.650827	11.60088	-4.1593194	-1.6282356	-10.746267	11.748057	1.5682755	0.7258361	1.0910589	1.276099
2018-03-15 17:20:00	2018-03-15 17:30:00	10.48749627846857	-0.1931618405827303	-10.270857484754254	-2.1112540301383054	214.49	3.725	-2.378	-3.482	0.0201710301475434	-0.0293849544616049	-0.063706293478228	0.0729988892700281	0.0061489125670998	0.0201710301475434	-0.0293849544616049	-0.063706293478228	0.0729988892700281	0.0061489125670998	0.0	0.0	0.0	0.0	0.0	6.9845905	-21.351093	18.178846	28.898514	6.9845905	-21.351093	18.178846	28.898514	0.0	0.0	0.0	0.0
2018-03-18 19:05:00	2018-03-18 19:15:00	17.007431737306295	2.609492090515951	-16.366222689404136	-3.8194249222326087	200.675	2.802	-2.545	-6.83	-0.0053813978088762	0.0016304148569542	-0.005022170221087	0.1099677495130856	-0.0029738729259179	-0.0078133829419894	0.0016383076847295	-0.0115949722114411	0.0923383641220677	-0.0029234406186903	0.0634749364741901	0.0662045313029462	0.0819468786106335	0.0555997517549418	0.0286871733434185	0.43204606	-1.3950032	-19.219553	21.739443	-0.08982078	-2.383586	-20.483223	22.219217	5.7076135	6.489615	7.2542343	5.12215
2018-03-18 19:35:00	2018-03-18 19:45:00	17.40930357620587	2.863894093750698	-16.661755472916933	-4.155246942643554	197.653	3.717	-2.26	-6.997	0.0009907026865947	-0.002968065216068	0.0043529127827338	0.1745773924526235	-0.0034614336932742	0.0019792145991045	0.0013061548508077	0.0075639072218127	0.1488549491357709	-0.005742224660512	0.0971697202384699	0.1035721371754522	0.1337046204439168	0.0871638712738362	0.0384421535934125	1.5543221	-2.0401387	-19.509348	25.336721	1.9535716	-2.7995663	-20.813496	26.247017	9.531209	11.4060135	8.960015	6.816607
2018-03-20 18:30:00	2018-03-20 18:40:00	15.053815284041184	10.886811891819669	-10.390901971850802	-0.350076848197882	201.036	-1.65	-1.445	-3.772	-0.007414612593285	-0.0264310936149955	-0.0061615992443127	0.0669001242396113	0.0040564613333446	-0.0075469647338175	-0.0245933963303998	0.0096778393418812	0.0630624033699391	0.003125861015306	0.0291084649822517	0.0192071539403193	0.0539434634491029	0.0210245717330949	0.0028510170415706	-4.7049465	-5.4798584	-14.218318	16.805	-5.4651155	-7.1067195	-13.697353	16.75378	2.3784153	3.728705	3.2467985	1.421178
2018-03-20 19:00:00	2018-03-20 19:10:00	14.562757193563002	10.681428352104303	-9.88761658094594	-0.4634768659384392	184.846	-0.683	-0.353	-4.155	-0.0209051625332824	0.0081910994813296	-0.0042954104672258	0.0659294850577134	-0.0058629780771847	-0.0209051625332824	0.0081910994813296	-0.0042954104672258	0.0659294850577134	-0.0058629780771847	0.0201141407608258	0.0519012994926315	0.027002788032431	0.0018296424397253	0.0205914658213924	-3.3300667	-4.597716	-13.252322	14.480439	-3.3300667	-4.597716	-13.252322	14.480439	0.032236934	1.4864652	0.20064068	0.64818096
2018-03-21 17:35:00	2018-03-21 17:45:00	19.19896576772497	3.2051040680610776	-18.6901604284239	-3.000390951309245	193.053	2.678	-0.777	-3.24	-0.0161236566444904	-0.0143142417732729	0.0026578877486208	0.0993959023566062	-0.003702680586356	-0.0270508030798519	-0.0191122221182697	0.00476627891338	0.0938270323883655	-0.0053379196297263	0.0647099117157626	0.057256236041882	0.0593108316209159	0.0396965082928404	0.0205455850846787	4.6000266	2.850783	-9.692965	12.40794	4.535292	2.783255	-10.084209	12.681049	3.7528727	3.9071872	3.5458097	3.3476436
2018-03-21 18:05:00	2018-03-21 18:15:00	19.52402102268536	3.4287394737888905	-18.91452744381822	-3.4159569802888234	198.827	1.595	-1.317	-3.868	-0.0031691360427286	-0.0040568960040159	0.0151133048384177	0.1172912093119677	-0.0043826776387753	-0.0053910947769842	-0.0045500995544051	0.0218349445872842	0.1000874463822371	-0.002442324669794	0.0705921594666061	0.0690019093008754	0.0927645598926488	0.0696237464312404	0.0263310804367871	2.0667179	-0.52336353	-8.454176	12.414028	2.4151864	0.22655697	-10.712249	12.726093	4.637566	5.238408	6.5044794	3.6285534
2018-03-27 11:05:00	2018-03-27 11:15:00	20.603936841441968	2.399115982572498	-20.443782971780657	0.9042783779364824	207.017	-2.563	-1.3	-2.442	-0.0113902594529215	-0.0089318111301275	0.0072188793459867	0.1225534237707197	-0.0029447660848188	-0.0072626303143317	-0.0137123412041589	0.0041131474013398	0.0907978381581268	-0.0073914500328522	0.0838357784096505	0.0754019019603695	0.0831563660561117	0.069793635655457	0.0411525790000277	-4.0286255	-4.721512	-8.748213	11.408672	-3.3014867	-4.6849604	-8.259465	10.65564	3.0940597	3.2890117	4.090349	4.6923003
2018-03-29 07:50:00	2018-03-29 08:00:00	12.353987365134062	8.61628808585361	-8.784165302585409	1.103157978277889	162.044	0.352	0.925	-2.825	-0.0030048156382221	0.0060580882777177	-0.0200966226730191	0.0893709303590881	-0.0156861977733584	0.004426002198174	0.0029211322325695	-0.0234891083313238	0.0783466656610233	-0.0153902431297028	0.0465107552153426	0.0347275765762968	0.0745076649187684	0.0371898838049357	0.0195756757626596	-2.010393	1.3917177	35.72785	35.934555	-2.3353982	1.9753684	36.74293	36.852127	1.252565	2.693624	4.5510855	4.550016
2018-03-30 02:50:00	2018-03-30 03:00:00	18.10050575268458	0.0311042963761424	-17.69110552465008	-3.827402863823794	146.433	-2.092	1.682	-2.485	-0.0075097705646993	0.0018754442315522	-0.0053913513760474	0.0961080007857776	-0.0074944689885769	-0.0063142010167837	0.0022100975869772	-0.0143885544043142	0.0875662152027839	-0.0078184856511175	0.0623798655121032	0.045370513533008	0.068840812438724	0.0392558451240271	0.0169647443561659	-4.422627	0.84695184	-8.091663	11.649482	-4.1697583	0.6233384	-8.180583	11.319368	4.6552424	4.811207	4.807506	4.23942
2018-03-30 03:30:00	2018-03-30 03:40:00	18.58175664112253	0.2785510538803644	-18.262493139681503	-3.4178653390358416	151.031	-2.257	1.403	-2.55	-0.0118507556912049	-0.0164953687527755	-0.002818095470869	0.0947920998637985	-0.0021602128759473	-0.0115049630652317	-0.0275005339141274	-0.0027941948118211	0.0842288662118801	-0.0081621789721806	0.058247810914653	0.0540428021264377	0.0645347456933284	0.0437390261204603	0.0306224691388722	-2.1768224	0.51266026	-8.913028	12.638505	-3.3472805	0.4484214	-9.300383	12.827764	4.877361	6.9135737	4.292881	3.8375273
2018-04-04 10:40:00	2018-04-04 10:50:00	10.984301163403254	-3.5614769556925654	-10.389367911396144	0.1729440265979367	153.49	-2.845	1.347	-2.703	-0.012616375264525	0.0579698864434517	0.0233071905509075	0.0749982160787353	-0.0126613879739528	-0.0175390527170391	0.0652978508091477	0.0337456013664789	0.0772695024098768	-0.0111410567567272	0.0153493415112449	0.023033164245551	0.0308335229779137	0.0124502391417407	0.0217191445986495	2.3094673	1.6089727	11.60289	12.059843	2.50777	2.3321872	10.672008	10.888283	0.6519786	1.4972385	2.753626	2.7127328
2018-04-04 12:05:00	2018-04-04 12:15:00	12.722574076024124	-3.2779085173159737	-12.29100947812637	0.2211272565037214	167.918	-1.42	0.65	-3.058	0.0234626851158502	-0.1639291191761757	-0.0401059851369735	0.2019717872711117	0.078627539545439	0.0265459236574714	-0.1667072481656542	-0.0494500989413469	0.1924837129635705	0.0717037184082272	0.0412613343660475	0.0910486755987253	0.0732627606705956	0.0599910996737677	0.0723210939408725	7.7413287	3.6345325	18.788317	20.679829	8.102538	3.7621875	19.625416	21.547901	1.7411407	0.7283563	2.276903	2.6888354
2018-04-04 18:30:00	2018-04-04 18:40:00	18.527477861552217	-1.487931096873078	-18.13285570376769	-3.5000250842396974	153.129	1.657	1.208	-2.293	-0.005358793882481	-0.051219063035075	-0.0333114871971825	0.1279038765868135	0.0341125539611768	-0.0034654375773946	-0.0725574961651506	-0.0530150138916027	0.1137129598680312	0.0363287864205787	0.0396742272940491	0.0832836034528158	0.0834832548467732	0.0536844426132577	0.0601046114731783	1.1365923	5.05734	-12.383505	13.921353	0.71236104	4.9792995	-11.950273	13.112019	2.261846	1.8636147	4.0370717	3.361929
2018-04-13 10:15:00	2018-04-13 10:25:00	21.447976694164623	-2.808377213120373	-21.192027628133715	1.7395673454746678	209.43	3.072	-1.28	-2.265	-0.0079875992838999	0.0035896786540239	0.0057221485890948	0.0706761471459044	0.0035215168319181	-0.0089308617619161	0.0018169301555693	0.0154399137099334	0.0703242006348228	0.0037559642176111	0.0441556348141183	0.0371526712272388	0.0452856006176394	0.0222517287576244	0.013650649028944	2.0169084	-0.42452875	-1.7917863	8.57489	1.9319978	-0.12719497	-4.0698586	8.433817	4.3124785	4.1821365	6.399402	3.312101
2018-04-14 23:05:00	2018-04-14 23:15:00	18.109128485413983	5.8549801820728975	-16.718794608377692	-3.760444914261417	194.008	2.597	-0.615	-2.503	-0.0041339690126037	-0.0237137688963204	-0.0123539086995963	0.182269083732397	0.0026191533006516	0.0011617170720023	-0.0231442091899769	-0.0072600927147102	0.1634187003589103	0.001053333158975	0.0959980500836829	0.1148125812351448	0.1308854806059562	0.0838963418378526	0.0401733933652019	2.1575265	2.1986787	-7.9864006	11.629018	2.2696605	1.6056962	-8.384002	11.649477	4.298552	6.0240874	5.573033	4.8850307
2018-04-15 00:00:00	2018-04-15 00:10:00	17.41045442202368	5.95484325292518	-15.996670982885036	-3.4306350617311008	201.95	3.74	-0.767	-1.923	0.0021438850632401	-0.0087472204851373	-0.0042229774744706	0.0532562834645504	0.0003599486733861	0.001268227851693	-0.0061543764851401	0.0049715642033272	0.0459688682554813	0.0006993146505679	0.0303812184035909	0.0273253908081772	0.0441184372797481	0.0296453005076134	0.0120017121745306	1.5386574	1.1748885	-11.550554	12.594658	1.21098	1.4991229	-11.4893265	12.70167	3.016887	3.4612567	2.9083881	2.8422441
2018-04-15 00:35:00	2018-04-15 00:45:00	16.941328366937004	6.0092088485662805	-15.523200756330391	-3.150705325066858	211.577	1.355	-1.678	-2.743	-0.0058422780132312	0.0072993131456966	0.0064781880648942	0.1110812035413896	0.002703170186204	0.0003809913274471	0.0152774146361066	-0.0062843668544125	0.1021148972832095	0.0021319407789433	0.0575597951242591	0.0686301530462455	0.0834355860642976	0.052678935723626	0.0255697683801758	1.4316858	1.5549148	-12.143021	14.3689785	1.2725997	1.7073799	-13.004782	14.44256	3.1415775	5.862972	4.6707115	3.3929875
2018-04-15 01:05:00	2018-04-15 01:15:00	16.52316612764446	6.049487508052219	-15.104574682588364	-2.875582026763374	212.108	-0.233	-1.962	-3.135	-0.0043978675890332	0.0059475001902478	0.0148918478916217	0.1141527873008567	-0.0016510023478238	-0.0048446465996195	0.0041642944874566	0.0038476555777376	0.1058432468736277	-0.002373550469413	0.0620812495259732	0.0636130312197744	0.084079799901121	0.0470715871625647	0.0273569628481715	-1.646403	-1.9265674	-10.251679	12.450275	-1.7376043	-2.2138526	-11.070072	12.79238	4.6609197	3.8820338	4.5119753	3.6962368
2018-04-15 01:35:00	2018-04-15 01:45:00	16.089455005546917	6.083390838916131	-14.670799318120253	-2.574633626249088	214.336	1.107	-1.845	-2.7	0.0084959764662159	0.0009678537636466	0.0073172724536754	0.0862352489633654	0.0003164904639428	0.011791869973607	0.0048744175195496	0.0081874910121695	0.0838279070955022	-0.0009831163452972	0.0449805710191093	0.0425701590540331	0.0648699795725599	0.0270873979969498	0.0178877793886502	-4.0411863	-4.197816	-11.820711	13.955042	-3.7941918	-4.2410545	-11.990368	13.953151	3.0761137	3.4510992	2.679844	2.737339
2018-04-15 02:15:00	2018-04-15 02:25:00	15.485641245899735	6.117652568758742	-14.06331004055505	-2.1448991626631093	222.543	2.617	-1.925	-1.997	-0.0078795001570117	-0.00045842502917	0.0084269712905417	0.1047165328269024	0.0002644403952547	0.0026238981500938	-0.0080647042754205	0.0337229939357984	0.1001473754107571	0.0015480948507874	0.0509803578426632	0.0650311403718963	0.0708321436261017	0.0318276129890316	0.0218371124127489	-2.993932	-7.1197805	-11.49811	15.066381	-2.2741857	-7.068102	-12.14171	15.613783	3.7474065	4.0950675	4.918027	4.4570346
2018-04-15 03:10:00	2018-04-15 03:20:00	14.60411750297513	6.141474173231459	-13.16131209313368	-1.529699194607839	219.577	4.195	-1.372	-1.625	0.0036855078186528	0.0054469604182107	0.0089381830617428	0.0864008452941628	0.0061653705235164	0.0231706067220816	0.0096069554392782	0.0090557397171666	0.0847960046983475	0.0041885760031732	0.055594015938367	0.0477495528023349	0.04861695931716	0.0198080925079386	0.0227953849415444	-13.9580965	-10.615535	-12.965778	22.87813	-13.298504	-9.905206	-13.746327	23.309359	4.506026	3.4279387	5.7605095	4.1784043
2018-04-15 04:30:00	2018-04-15 04:40:00	13.202893625394196	6.117165753875246	-11.68100336751644	-0.669520903904765	180.659	4.103	-0.033	-2.62	0.0640786467921335	0.06657014174187	0.0094438087334105	0.1940492299031308	0.005846814142497	0.0628591883383452	0.0565267764897207	0.0210378887077526	0.1592720566646328	0.0069305297299923	0.1048796875857184	0.1208266463306555	0.1187226796064925	0.1032745884919222	0.061548118471181	-1.7062006	-3.1981516	5.584009	15.412451	-1.6944373	-2.2461243	5.962535	13.82299	5.54968	4.755448	14.169966	7.808842
2018-04-15 23:35:00	2018-04-15 23:45:00	17.572107490170016	-4.986059364312973	-16.354870257744036	-4.054074417289026	202.603	2.282	-1.29	-3.032	-0.0168255353087559	0.0033148376227735	0.0250823212206749	0.0955158295191847	-0.0089915029437722	-0.0547699462635439	-0.0177466607717179	0.0059392824774897	0.0982096773601554	-0.0134247571572765	0.0720962722600053	0.0306498535747944	0.0465352650516579	0.0101367069279877	0.0095922510349177	-11.395379	-4.5776143	7.917292	16.193184	-12.900392	-6.175896	3.752095	15.911414	3.0597038	2.2919555	5.9847436	1.3059773
2018-04-16 00:05:00	2018-04-16 00:15:00	17.953177105110907	-4.9076065261626	-16.79096825117382	-4.036619482267027	209.615	1.59	-1.957	-3.432	-0.0082969450498483	0.0441595220953364	-0.018198965883009	0.1199279514310161	-0.0067513179775025	-0.0078133956741223	0.0728379878499213	-0.0164756530066377	0.1081368704017159	-0.0043296200079931	0.038312724171545	0.087443167506163	0.0740417019487521	0.0506333636848581	0.0231134482931731	-0.08740227	-8.777115	6.705782	12.525508	-0.32034153	-9.44254	6.56794	13.828804	3.3529758	4.724658	3.287856	3.0821064
2018-04-16 00:35:00	2018-04-16 00:45:00	18.32089153407905	-4.82519971756809	-17.223341528911615	-3.9658164459507503	213.281	2.34	-1.817	-2.747	0.0387711909108902	0.0235489363131268	-0.0241921079505653	0.0751797927388508	0.0029269677848107	0.0510808251391589	0.0240720411330017	-0.0269527695400704	0.0767746020295006	0.0038735050297024	0.0371243868230416	0.040673236344846	0.0222206929538087	0.022744360709011	0.0062607139259275	-12.014914	-13.534907	7.884704	20.090416	-11.450381	-13.669401	7.7906523	19.670406	1.894039	1.181098	3.1281877	0.9292958
2018-04-20 18:00:00	2018-04-20 18:10:00	14.904683245192492	4.852219190083398	-14.02319196928511	-1.39748976941474	194.725	7.927	-1.37	-5.387	0.0047189442279101	0.0087639385445916	0.0204980152690199	0.0819512839924013	-0.0028692380900424	0.0067062110428646	0.0214180960788036	0.0332095152743275	0.0799505351026245	-0.0027634104294354	0.0254541128474855	0.0582150625100802	0.0481826960627422	0.0127164578080905	0.0092987515509077	8.795808	-2.3859408	-6.3106804	12.279295	8.747542	-1.1352704	-6.420489	11.898295	2.3273866	3.671469	3.4844892	1.7721924
2018-04-22 23:55:00	2018-04-23 00:05:00	23.29908221431601	0.947824240761809	-22.81122251254781	-4.647158150207962	202.244	1.938	-1.125	-2.755	0.0204216239160554	0.017205497858311	0.0149575550805388	0.0836199906483074	-0.0011854757878798	0.0164377725026017	0.0144749319132511	0.0129104155058556	0.0742355548164854	-0.0001345753973073	0.0496850331727212	0.0502133697734014	0.0463267241746282	0.0328732093962901	0.0129979050439019	1.0248817	-4.9664764	-1.0196067	10.921546	1.3626537	-2.7920043	0.26339233	9.316586	4.168433	8.1986	6.8256736	6.217585
2018-04-23 15:05:00	2018-04-23 15:15:00	13.39203589668053	4.43991034568717	-12.626079039543294	0.4620216552011922	218.25	0.942	-2.712	-3.448	-0.0017620489472554	0.0123020182206959	-0.0007137154066098	0.1453339110774924	-0.0061037002267937	-0.0013163335439424	0.0028499892624457	-0.008251157526689	0.1279544222276923	-0.0028243226528341	0.0879419550726264	0.1034752265111128	0.0807645652964172	0.0632205118647202	0.0261531461064851	-8.881791	-12.402385	-2.431365	20.766676	-7.1376305	-13.252443	-1.7936344	22.597263	8.613107	5.6399946	11.769858	7.2032456
2018-04-23 16:10:00	2018-04-23 16:20:00	12.149059093330267	4.54787323559859	-11.264913686365851	-0.1244170333889617	199.392	-1.163	-1.323	-3.713	0.0476434161971642	0.0352011760454677	0.0035505905973158	0.2313335798489684	-0.00799064311082	0.0630341879696612	0.0363186238897525	-0.0365228378568461	0.1856859003319459	-0.0010918587290956	0.1860940672747787	0.124940967546554	0.1367087208815557	0.1376114858621218	0.066703665688473	7.4514966	6.974138	1.2806854	17.692934	10.486462	8.594662	1.6446488	17.400494	6.261397	9.267934	12.194527	8.159034
2018-04-24 12:15:00	2018-04-24 12:25:00	18.990290104903963	-7.01853757460711	-17.50669211767379	2.2104418627197018	179.368	1.713	0.037	-3.073	0.0110803451776818	0.014127727917574	-0.004848830605598	0.1072090426217401	0.0061444989741031	0.0052740973169039	0.0036060344634495	-0.009753924476396	0.0975393846865372	0.0053663711689991	0.0831836076963305	0.0465088208352961	0.0610782751634288	0.0408073251457077	0.0201041809040078	11.239751	2.7172291	0.48984534	14.409033	12.599747	3.2337103	2.1508622	14.346394	6.5986934	3.5508082	6.1152563	4.4589725
2018-05-06 03:50:00	2018-05-06 04:00:00	23.53859645433749	-9.549351398210732	-21.51444389425201	-0.0058132998094	204.307	4.312	-1.237	-2.828	0.0805235822366294	0.0301048712018878	0.0414471382920042	0.0954369731230931	0.0028949488161532	0.0805235822366294	0.0301048712018878	0.0414471382920042	0.0954369731230931	0.0028949488161532	0.0	0.0	0.0	0.0	0.0	13.484056	3.822113	2.7062786	14.274182	13.484056	3.822113	2.7062786	14.274182	0.0	0.0	0.0	0.0
2018-05-07 04:50:00	2018-05-07 05:00:00	22.15642107839979	-3.1537918771807774	-21.92330386097313	0.5699916011974501	216.222	2.508	-2.887	-3.942	0.0033230199298891	0.0027862201073478	0.0030351127632569	0.0872293812662315	-0.0002781983876936	0.0025439677225114	0.0040322168767825	0.0039954186809039	0.0779786942421928	-0.0007346616019108	0.0579503501535425	0.0488808738409463	0.0683633474881058	0.0532933638222371	0.0149372170447095	2.6967926	-2.9079278	-11.531574	16.679188	2.7281961	-2.462324	-12.107168	16.659195	7.6398973	7.1907125	6.807683	5.189376
2018-05-22 05:55:00	2018-05-22 06:05:00	8.66830632723668	-7.939263742506058	-3.06912930883402	1.6387575741675595	184.674	2.81	-0.247	-3.36	0.0043468014461033	-0.0118584749561407	-0.0105024364213302	0.0784886913333366	0.0262775681791286	0.0042131499428942	-0.0143651579048777	-0.0236470603128996	0.0789684366271121	0.0286342565622271	0.0232615343312028	0.0608012787374544	0.0426030160986586	0.0127379775049053	0.0130890965250265	11.5178175	5.7441916	10.704328	18.005617	10.909801	6.0825453	8.162332	19.246284	5.5881443	4.878765	5.569124	6.4869947
